-1.04955785288224,
-1.03268072143406,
-0.671130337623762,
0.630882051676029,
0.293055684842681,
-0.148075236639752,
0.566451441942558,
0.617587267358733,
1.15307950063578,
0.783688170367167,
0.135479244277814,
-0.236279257120557,
-0.188488832317365,
-1.93156664007388,
-0.536710722367143,
0.161936643655595,
-0.385226145857609,
-0.512589770841364,
-0.120065162452393,
0.804934332217097,
-0.434736932525811,
-0.764780058261843,
-0.601325632664535,
0.770962723474267,
0.395696573788200,
-0.890378283948077,
-0.0814523744058462,
-1.08179183997331,
0.721413713776046,
0.834294180057087,
0.359591184107964,
-0.172730301121307,
-0.680804176296053,
-0.0830079628995218,
0.238324810355886,
-0.131991814190134,
0.0657950256681895,
-0.475143741013946,
0.454860439104339,
-0.0609376334541944,
0.142769915056969,
-0.402470435381463,
0.0963794649076448,
-0.841753636930377,
-0.548357515185875,
1.17861469661445,
-1.41641428310261,
0.579139122824822,
0.0596655229336921,
1.03724039148281,
0.458723310998546,
-0.0889050334045540,
-1.13749250632547,
1.08751105641309,
-0.257733480759097,
-0.293854320282136,
-0.413017690512471,
-0.202994974746345,
-0.158587444510732,
-0.574543298627640,
0.0658813585063189,
0.998995205262116,
0.0773303738929082,
-0.0515448100677889,
-0.323571757130524,
-0.624105076433653,
0.806248424597726,
0.0694920318036101,
-0.636019442482033,
-1.43584187542644,
0.468781358824344,
-0.448645487423646,
0.880838463227687,
-0.546097229603551,
-0.143025848649700,
0.399143137229182,
-0.318800595947041,
0.545358745664643,
-0.0641118913782583,
-0.823732015479883,
-0.841243039533235,
0.583109661891529,
0.897118618284209,
-1.32330228988085,
0.216524592212512,
0.622797331384699,
0.0208681266763067,
0.0874768059622806,
-0.684928964668393,
-0.345602968015083,
-1.00081147544691,
0.762786642121356,
0.333333326800323,
-0.656029973393523,
-0.104774416593089,
0.247111543130631,
0.634388592019874,
-0.985430154109610,
-0.433750878938000,
-1.15209061921668,
-0.680965504188304,
-1.10860921214686,
-0.370655914251601,
0.0151734788451676,
-0.148009122039737,
-0.0437023009593680,
-0.304501722714864,
0.0782096432090552,
0.385377729663513,
-0.818100708125252,
-0.578700329978807,
0.411315533114317,
0.00989435233337863,
-0.566300831559053,
-0.268947062610847,
0.735482206719473,
-0.000157671960084612,
0.185919905156610,
0.607739786003329,
-0.383300348678335,
-0.299433321822518,
-0.347691284819662,
0.260787633570534,
0.987499401327728,
-0.225568367373377,
0.254812373373187,
-0.399792459665743,
0.307401489564691,
0.537545130051736,
-1.85816033013301,
-0.135227107511049,
0.247184693537917,
0.0657011449865721,
-0.455675037787114,
0.339111176832632,
-0.169434923920818,
0.885901428982335,
0.0669338848223245,
-0.432324121077798,
0.806084167709940,
0.378522492697163,
0.492072029440731,
-0.192736098897710,
0.374787646224883,
0.0173194631373674,
0.639849475554313,
-0.196465248099006,
-0.266621060344944,
-1.64037177276804,
-0.708277405981878,
-1.74528157613808,
-0.168015289579123,
-0.141672022806381,
-0.390196263621286,
-0.716025671895632,
0.543447420054716,
0.258619021796678,
-1.06979461478923,
0.412695605212348,
-0.374378551561272,
0.385139750417174,
-0.492428745155902,
1.20451503421228,
0.763897635720422,
-0.337216982790186,
0.0287310329853202,
-0.512288222566028,
0.727787017188099,
0.0190841814316457,
1.33553366980589,
-0.142843124453777,
1.50588990297375,
-0.603538802333911,
-0.314190341764544,
0.618748214268275,
0.938371904365455,
0.779546814586849,
0.934498105068063,
1.28344796130064,
-0.106917576031775,
-0.457577263609323,
0.0228285325710770,
0.525894812316014,
-0.117997659015254,
-0.215318829875223,
1.30687224835850,
0.0216760596731767,
-0.393387755371578,
0.473176827618638,
0.165761557399089,
0.806041691250414,
-0.466142662885782,
-0.940729137264476,
-0.783041416737900,
0.784132550141843,
-1.65196204822013,
-0.383080233704015,
0.334142463661910,
-0.244661057777023,
3.33487621332063,
-4.09566213997706,
-9.65296366041491,
-2.66932359030263,
-2.90945279288280,
0.432749297482602,
-0.339223142744804,
-0.278532581345713,
1.11699980970116,
-0.146786119695749,
0.789602210516398,
-0.558083004000690,
-0.316575067746583,
0.388657650640862,
0.323437662293413,
0.531607907269382,
0.422405680123334,
0.541667747508754,
1.14408725313795,
0.971375157438574,
-0.309346335732795,
0.910564610404892,
1.28502430857181,
0.514443520357231,
0.315062667880568,
-0.157224807833051,
-0.140699191472027,
-1.43839439290398,
0.276228518719602,
1.13189921078003,
0.507361631188355,
0.456447430573632,
-0.385765274127831,
-0.461479180599850,
0.776114984986937,
1.11355700944216,
0.137442828706895,
-0.580506211648479,
0.673174061447125,
-0.361198343506379,
0.0952385594310338,
0.472343257038753,
1.53769722757950,
0.414182761091339,
0.946125992499612,
0.134135580762136,
-0.438626794979822,
-1.56492232712291,
0.750007887096752,
1.26865786200939,
0.468669597056704,
0.563016423032054,
-0.305034336648730,
-0.0337265239940948,
0.0242388932007046,
-0.756396797474885,
0.115813761398192,
-0.931577867333136,
-0.487297748102157,
-0.361965592537864,
-0.0466015014503076,
-1.25779695329857,
0.0283542439846290,
0.0392806344069397,
0.207909795388934,
0.737791814745340,
0.915062311970909,
-1.03812037944231,
0.676049237367498,
-0.386350553049376,
-1.49682182495351,
-0.0303594953260410,
1.06272420824159,
0.0416530322391226,
1.27011341089265,
0.555066768838759,
0.0911580689371904,
0.0581403779719308,
0.387843989652513,
-1.38668923848892,
0.0388868842251835,
-0.148074922430952,
-0.241195722214338,
-0.0478827692243188,
0.0777058499812912,
0.185163669224972,
-0.991471845697515,
0.0380938110138291,
-0.101325452507202,
-0.150550943961859,
0.0402089756731220,
-0.934034791365860,
-0.528431381536095,
-0.334532899529988,
0.560243135614018,
-0.757590583291417,
0.123511081882678,
0.978118080347335,
-1.14726832283243,
1.20799439643220,
0.0436052402606562,
0.317910528461068,
-0.302377816660617,
-0.901360708666035,
0.513915261182092,
-0.972726506517765,
-1.30995097008459,
-0.626484961714056,
0.591142014545100,
-0.00412680601600621,
0.0206359730835473,
-0.576577658949942,
0.996078960734837,
-0.0528926320912736,
1.43069824435210,
-0.147031542569932,
0.304999302743046,
0.106998485084793,
-0.579973293481308,
1.48718190280492,
-0.646707219441397,
-0.387232288740957,
1.34935950818540,
0.131227665898776,
0.583710614541005,
0.0878803959092256,
1.05662775876075,
-0.00602484047689546,
-2.26581456272205,
-0.847544112132853,
0.108791763517835,
0.162320264902793,
-1.02297185936100,
0.142396269172741,
-0.0790552983431586,
0.395599760041345,
0.186451007802688,
0.652409307806572,
0.501357519320135,
0.0359398591870224,
0.806630255294974,
-0.0554951348632817,
-0.851079473409031,
0.179787448258981,
0.0541735320595647,
0.00195321275492293,
-0.355469333427479,
-0.795583465081850,
-0.390070122312776,
-0.540810514215322,
-0.315606062151521,
0.127595762507407,
0.428978799033073,
0.100270176968263,
-0.701148133910233,
-0.925300154081993,
0.0212159436106671,
0.302219574935715,
-1.27249985727099,
0.877247961516613,
0.504860849120229,
-0.841069228433490,
-1.39139375665279,
-0.365919653512406,
0.510800213734226,
-1.28026610119625,
0.689469214736136,
0.892162637396062,
-0.437824328331239,
0.212634319079994,
0.553628835227035,
0.568183395070445,
0.328586230962411,
1.08222103810119,
-1.03493841987307,
-0.407932407599363,
0.401457304259447,
0.796355759311987,
-0.626017186590976,
0.494106561652840,
0.907921357458063,
-1.48743864724883,
-1.56886102282221,
0.598339553530377,
0.710939624902707,
0.918230422989590,
-2.01456507323077,
-0.0637638112290782,
-1.21470005924359,
-1.04796931949001,
-0.0822256412048996,
-0.408051650396366,
-0.488316021315888,
0.0969135156466210,
0.480847802776669,
-0.421524705847909,
0.846252148189868,
-0.0387751468356259,
0.0623853711869792,
-0.402880762908659,
1.09945125594512,
-0.712584989658972,
-0.212072108991779,
0.0538459543382425,
0.394815459165369,
0.0107239197919380,
-0.376292664942319,
-0.275370779641074,
-0.0124263958101111,
0.504378885485943,
-0.124991389565307,
0.473634827158982,
0.939923205047031,
-0.531676610110041,
-0.696259322259403,
0.111219683752959,
-1.02454390463527,
0.497110498256317,
0.355649054677040,
-0.101218484115519,
0.473327556645212,
-0.941074431901366,
0.113026168416930,
-0.314071606691436,
0.0563388125746490,
0.724890748019469,
-0.555970591045003,
0.213343679533472,
0.181731082220281,
-0.0383574258661499,
-0.875289431189163,
-0.0998357311096886,
-0.188182859311421,
-0.0544007456826721,
-0.384177485645611,
-0.121952470547047,
-0.489718139681095,
-0.837507292087765,
-0.737692524836043,
0.562297343770366,
0.525049931726567,
-0.102277000126875,
-1.98249292444560,
0.579673598592069,
-0.309941904337692,
1.23041434550857,
-1.07310529227955,
-1.41483655782261,
0.668381372991737,
1.37370546477836,
0.520767879220937,
0.896619069669762,
0.0597332407394107,
-0.0272700717251109,
-0.185188878753278,
-0.405042443794273,
-0.568708371980745,
-0.255959740776412,
-0.218743785637245,
0.542546891110606,
-0.694438819544995,
-0.0352517806716214,
0.0961503201206032,
-0.951324843493650,
0.106520933845290,
0.563041844730548,
-0.629925243313735,
0.518076339811236,
-0.565497336960674,
0.796441276406105,
-1.36465799239104,
-0.664618652651878,
-0.130627210090344,
1.16861966091324,
-0.217489541366211,
0.905710890390741,
0.0661906856072811,
-0.121584392122339,
0.162374992338034,
-0.557406517755455,
0.834927953989816,
1.44770158210636,
-0.787463205668524,
-0.175301816591461,
0.469442608643407,
-0.456179387032323,
0.380479919469772,
-0.425549447581575,
1.17673142617555,
0.369700386086987,
-1.20835494582963,
0.916170807408445,
0.00786411415067252,
-0.753680416750653,
0.611865845013732,
0.724782499364531,
-0.287349983921066,
-0.0168595601628705,
0.449530841616622,
-1.71467710800869,
0.584219344213621,
-0.728954761977955,
0.524189194656106,
0.741484485253652,
0.0319112575987361,
0.0350430874080486,
0.0365000291623932,
0.906592987758363,
1.36039806685809,
0.400730220383064,
-1.30251498355999,
-0.566800862760934,
0.657356547054955,
0.295489076400264,
-0.530423508669223,
-0.516301981351141,
0.459384039685543,
0.394896066625299,
-0.0382275671565227,
-0.0569361417825675,
-0.370376861486530,
0.823695101574675,
-0.624553611582766,
-0.0121148627686784,
-0.170780043493398,
-1.08691847696986,
1.19535326729980,
1.10845293711826,
1.92234512148104,
0.426173838394102,
-0.709061647748921,
-0.804911829954788,
0.890762316971787,
-0.473600869943729,
-0.323443309293451,
-0.672423338842912,
0.201221652099778,
0.765757715800847,
-0.560692066195236,
-1.30536096523400,
0.131697291016239,
0.393353982677173,
-0.158170982757550,
-0.698403373446089,
0.0970762729678161,
0.378200076471082,
-0.667995089832796,
0.657173201523526,
-0.109675864895404,
-0.0573177131281049,
0.279640777938331,
0.231065320828965,
-0.558290749689718,
0.155182861990590,
0.416554186871854,
-0.415255227998226,
0.240729022296941,
-1.63792298563597,
0.392477008262640,
0.549866263183808,
-0.652897757775457,
-0.167337440592434,
-0.533961009703387,
0.126521905795227,
-1.21917069627528,
0.252596038311387,
0.0256252164079578,
0.203107162482804,
-0.631836816208556,
1.05971331727484,
0.285980082431687,
-0.188499746769645,
0.804975566532385,
0.421929945461306,
0.367576324244501,
0.557381496057081,
0.468520777171113,
-1.01137686647549,
-0.772050628846922,
0.346245456048128,
-0.153330625761188,
0.930462352985919,
-1.34590390898012,
0.804542744488865,
0.303610400671322,
1.13028359514050,
-0.473011726123107,
0.181135965720012,
0.908145683602913,
-0.213621629281392,
-0.214635164468419,
1.32513054184384,
0.236421940460555,
-1.01631078820097,
0.710448377873254,
0.435596798002722,
-1.24321667400215,
-0.158426308894310,
-0.0361087448902587,
0.974925830774980,
-0.830329115969943,
-1.06903410324799,
3.49787342650487,
1.93386530473599,
1.64904279574458,
-0.810397445163187,
-0.642074769651796,
0.471002469898832,
0.382380835482033,
-0.131776178290209,
0.0114087139045208,
-0.944873144730540,
0.0194391923465603,
0.779625196301187,
-0.338385502521849,
0.931929080340204,
-0.338506380913713,
1.61814752460151,
-0.528977638635907,
1.59839727632808,
-0.342119807741701,
0.731442583854154,
0.117985610237042,
-0.581065165822347,
-0.332733371862590,
0.942981679378018,
0.0453979334187674,
-1.11546617080272,
0.694324849110999,
0.721295907873796,
-1.04862335331839,
0.273914004355263,
0.286538299536254,
-0.0551955476325421,
-0.919728173318010,
0.939578770839113,
-0.231594754577071,
1.23358777318321,
-1.34777855356266,
0.0918716393717650,
-0.532809136829379,
0.106832131801958,
0.642279932207891,
0.0727026825703841,
-0.00888785556531796,
0.291172672032047,
-0.717906143070485,
0.180039670884366,
0.151291784992258,
0.976922786461257,
-0.904236190106189,
-0.868744339615977,
-0.686174063203831,
0.518800064665523,
-0.0860400428639561,
-0.692841981239789,
-1.77261343329416,
0.429371718968988,
-0.535795604520580,
-0.202002969538453,
-0.0636498485492654,
-0.280208767661175,
0.998308723339590,
0.190106883907125,
0.623164989920098,
-0.328762935456613,
-0.478699143543814,
-0.525301123674102,
-0.0469618774877744,
-0.737810635072560,
0.579631982002900,
-0.624709339332702,
0.0133123504444110,
-0.237029899057089,
-0.393161311236467,
0.544075884672888,
-0.229558587957654,
0.252722111753069,
0.0928707621276350,
0.185740257276596,
-0.307192773235763,
0.720996609016525,
-0.797104663880804,
0.962642968776900,
-1.36379120934167,
-0.632268396478312,
0.0755184223332147,
0.483423758633086,
1.19312372484432,
-0.0169153583134634,
-0.568286401741016,
0.124467950169515,
-0.0546683425396210,
-0.0220956963629282,
0.973821960130047,
-0.736899020063368,
-1.26979905790487,
1.14936393165961,
-0.939391555854351,
0.311251677950518,
-0.314235282915645,
0.126624234138695,
-0.333348876803884,
0.440348343801778,
-0.239532196993019,
-0.469287744551632,
1.55022770531045,
0.515861342513999,
-0.367291940906865,
1.17880012114839,
0.197948692284338,
-0.0107787510111995,
0.378205528161904,
-0.195197584760049,
-0.249358030492984,
0.556799756944441,
-0.0942617167655070,
0.575301402133073,
-0.111721894944820,
-0.421816571733227,
-1.11203073099020,
-0.191392318144438,
-0.494015779006658,
0.497946156748930,
0.469398318278442,
-0.597573435560806,
0.0870407944231866,
-0.695992882559205,
0.933413637416194,
0.651247643778818,
-0.315019193098219,
0.411845398322111,
1.31120343315625,
-0.231702291179162,
-0.903353568942981,
1.19129650896372,
0.786753123394166,
0.303215567094127,
-0.773130172803866,
0.629106689563107,
-0.243418401594594,
1.07780896206534,
-0.342691525621915,
0.237601831771472,
-0.875985722670033,
1.17004611218070,
-0.880611575878656,
0.389773037377601,
-0.917408547506237,
-0.562112442417757,
0.00771588289280271,
1.18370676141084,
1.61478209407502,
0.730806590454808,
0.645712018725958,
0.326382425244794,
-0.174006439843558,
1.33500099682823,
-0.395096945253878,
-0.660566715263063,
0.696828575680210,
0.282331022144085,
-0.226210013403325,
0.199854634035628,
0.878927568382272,
-0.325485952258818,
0.0890252582612072,
-1.11456671670972,
-0.399951829441893,
0.635930828542978,
-0.829496161973855,
0.208336401769331,
0.324672368682189,
-0.890144024090262,
-0.117881031573551,
-0.633846345206168,
-0.891638318849194,
0.0926760907015671,
0.0966554570187772,
-0.0830150290514331,
-0.719317359475548,
0.518151355327294,
0.213010091155854,
0.0419675109133550,
0.681613920978287,
0.688308635230213,
-0.219528622075873,
0.501017317888519,
0.489319434979758,
-1.32643468206136,
-0.981750296581587,
-0.0764828295328535,
-0.755197948802952,
-0.334232241873462,
1.04907652702710,
0.433887017075899,
0.0675437436807625,
0.143303770349444,
-0.555909825192878,
0.435583027869225,
-0.990247165182598,
0.593125377206611,
0.612100674972943,
0.400290707972488,
0.279720132953928,
0.820515911820584,
0.110545935787733,
-0.483435790126779,
-0.0704492105514770,
0.285909495701803,
-0.678225224952828,
0.323417963232744,
-0.367000062637943,
1.19011534978369,
1.94140496225326,
0.405236344243293,
0.259873531519338,
-0.518256260384938,
0.0991673444411394,
-0.577009481734471,
0.639506263315612,
0.666089089148618,
0.573595321209769,
0.0130441291712343,
0.354367517567907,
0.460500611276455,
0.312125694218532,
1.67683401866261,
0.111200647457565,
0.699897813499788,
-0.177332517387911,
0.177686091016053,
0.0377001662925612,
1.11564044266394,
0.696838480112123,
-0.555791013141885,
0.115006345577889,
-0.622060361691998,
0.421415338218316,
-1.08664280924602,
0.735147225740734,
-0.568964800407054,
-0.0430717117300059,
0.305867277216329,
0.899439552760312,
-0.0660930873323185,
0.955930590832198,
-0.811029425463386,
-0.123833993430972,
-0.495926343709371,
-0.426257204671485,
-0.379636676330960,
0.924553786497350,
0.503933119370606,
0.698750589625980,
0.789142043985496,
0.767226985503149,
-0.176873508973758,
0.135586327738479,
0.884116119286498,
0.337528510912464,
0.263841070185845,
0.304332246766347,
0.165815957334204,
0.360505380206973,
0.488794716489298,
-0.0115933148758681,
0.393357791081637,
0.183414840408502,
-0.817908035317761,
-0.938687877751745,
-0.339990258392036,
-0.871487919591830,
0.591074686057945,
-0.578298964971519,
-1.87658620330970,
0.526710322752023,
0.385590604043264,
0.208446220511887,
-0.514108005202453,
-1.36369358208117,
-0.869424072927353,
0.324988680939417,
-0.592203138709012,
-0.206311664022311,
0.0490375972482194,
-1.29667734801945,
0.490029966855201,
0.964587218434298,
1.01125198242311,
-0.859265869785967,
0.512784071729025,
-0.379910456747932,
-1.79772528180114,
-0.0198045783942142,
-0.408138025322660,
-0.407071592080022,
-1.96897647467195,
-0.574246591084700,
0.163834686005046,
0.734061261596696,
-0.0623730715816973,
-0.514872733129487,
-0.298309790581810,
0.147325396301431,
1.45888743154292,
-0.613957989526818,
-1.39208903400397,
0.445321003297339,
-0.812914256133785,
-0.412227697352757,
-0.324955758032587,
0.557789613510172,
0.542588673479675,
1.08239805725458,
0.156614726473620,
0.720079208349011,
-0.143629792677448,
0.130286674457079,
0.119310419232724,
0.953731579104562,
0.514165421916757,
1.22765976373784,
1.40626232200064,
0.991049801178843,
0.262047308742279,
0.925998571085775,
-0.163090693582620,
-0.683808845252764,
0.577520480577323,
-0.666435076827413,
0.487745332174315,
-1.00245608972544,
0.264866109323175,
1.18901528872417,
0.671311615575796,
-0.290414597953357,
-1.03927307220915,
1.25348709593847,
0.805676744375903,
0.344245043928826,
0.359625223770002,
0.249423139991222,
0.691636555875526,
-0.291318164481278,
-0.314655660407964,
-0.173606652970982,
1.30007822155342,
0.496016205999025,
-0.477665591970138,
-0.509662898286223,
-0.568728872620127,
0.409580458757206,
0.0312972263661103,
-0.159595981230298,
0.374606970147265,
-1.14569774037263,
-0.960135684351520,
0.0377451482599987,
0.979348932227154,
0.852222874906080,
-1.39585563034123,
-0.508646057524807,
-0.553802311265268,
1.01672973472638,
-0.294419825695157,
0.495956256360738,
-0.692775122255790,
-0.262559440401081,
0.544854659810859,
0.320988510304925,
-0.177651130389947,
0.569062244189570,
0.812063944318728,
0.926991543931604,
-0.523922216121837,
0.593319927612105,
-0.243352219501622,
0.382174924831213,
0.457864587076296,
0.875679395822053,
-0.742405319334437,
1.05662030735942,
-0.324973677842733,
-0.139305907625358,
0.472177991038065,
0.644548889869851,
0.932202029492678,
0.354031495131178,
0.550977296041761,
0.784761797028352,
-0.549373265516753,
-0.237340607332278,
-0.478181387759647,
-0.222769310448714,
-0.469841828133351,
0.774213682293877,
-0.309689364007449,
0.789319823069863,
-0.764987240640556,
-0.743943738854216,
-0.00934349629022658,
-0.665870365911265,
0.0421781788639088,
0.472027809802093,
-0.477274349816701,
0.451916969721326,
-0.392473081913801,
0.00785978957406734,
-0.172084696859857,
0.907189395465728,
-0.277737234064729,
-0.418004001056001,
-0.682711778108665,
-0.581125056006265,
0.220363231268084,
0.313943570341218,
-0.290910301482618,
-1.05436817466084,
0.220837914353373,
0.331669893382516,
-0.640953228066906,
-1.03821681358464,
-0.268692526092244,
0.876250176449866,
1.06887089412892,
1.44334783831539,
-1.28383649497797,
0.126843611641619,
-0.410999687922761,
-1.01347975380334,
-0.392164762911443,
-0.441072732383166,
-0.0286900995883925,
1.24485337834417,
-1.73061508080666,
-0.00249922718373047,
0.183692918467592,
-0.541097969825479,
-0.610701854911537,
0.458010456877656,
0.0624257668164915,
0.129725813176989,
0.0614958905914751,
0.799941887371793,
0.0133521175867231,
0.0677317516335213,
0.0150836687927984,
-0.378986614125692,
-1.59780515660577,
0.639597959827745,
0.214039594825058,
0.787439548276264,
0.371118458789968,
0.00175217816145072,
0.0549192316792699,
-0.273435726813990,
0.282463246212207,
-0.0527690365972584,
-0.389523657772958,
-0.145796346758732,
-1.38409676448385,
1.11486542531962,
0.243826276764154,
0.648590469447854,
0.639835269702434,
1.70127652983364,
-0.0931491056005546,
-0.520253951270842,
0.385958028868999,
-0.139329914002904,
-0.221316364176926,
-0.391714271718294,
0.220869805704075,
-0.122771637419673,
0.0917475852145331,
0.809971974684967,
0.0836508393748374,
0.273957630286380,
0.441273136021160,
-0.389543969537731,
-1.09524648705818,
-0.203905642216577,
0.507988153153034,
-0.342375579966440,
-0.419098237892265,
-0.271868595155839,
-0.133342093524035,
-0.0970944480745177,
-0.323038428181648,
1.10059999731566,
-0.586063311755812,
-0.0262805907194965,
-0.0158801763142717,
0.996654741520707,
-0.791994122636837,
-0.182689704006297,
1.44106060539343,
0.654876110845244,
-1.09394188245306,
-0.307173688647723,
-0.204313466264616,
-1.06149960321134,
0.639000072424742,
-0.0275534670557096,
0.868483851427154,
-0.592350966861957,
-0.289322193701410,
-0.0444436857691600,
0.319670296128013,
-0.162468115622651,
-0.415309935073718,
0.150097890232616,
-1.33243078293127,
0.407910891937557,
-0.861396979483783,
-0.446444042754582,
-0.339259654334749,
-0.125997231362393,
0.216944321858034,
-0.274407139549572,
-1.21970118784594,
0.0822881601880448,
-0.0625268222084233,
0.530388710933983,
-1.75871297126151,
-0.553688534715966,
-0.675230713718606,
0.300956785656614,
-0.711374914228079,
0.620144917607909,
-0.192593798117375,
-0.388858769539425,
-0.681567001096625,
-0.316412364024119,
-0.636885321954926,
-0.0492712773167834,
0.721458902277345,
0.701801995691167,
1.57168881393574,
0.345483791951997,
-0.364097716150906,
-0.0429335522216859,
-0.275145981202161,
-0.258478690209634,
0.0432928978962504,
0.991342625092978,
0.484843252676332,
-0.00159159425233035,
-0.614764451664993,
-0.491290407040772,
0.0203082043426185,
-0.880220556789690,
-0.977540637830795,
0.105648987816040,
-0.488867510455360,
-1.31262986083609,
-0.421018278447819,
0.165910619580788,
-0.811712052260440,
-0.160122003173742,
-0.174167469431612,
0.601837685256449,
0.628767501711370,
0.841080834741222,
0.754640766664647,
0.775403175744997,
0.416970714959264,
0.886998068238500,
0.647252413288009,
0.401560885286452,
0.0408801269870127,
-0.217556329782239,
-0.191272182864734,
0.924293628703851,
0.118382932823536,
-0.109738037983940,
0.785521824224972,
0.00625092814463736,
-1.88809889067104,
-0.470962982260618,
1.10828077472229,
0.269610539952304,
0.380642164259488,
1.51817965386402,
-0.413176672248956,
0.0548634677808358,
-1.36192334098513,
-0.293233868107078,
-0.812931455800950,
-0.0389644675065297,
-0.353078913171410,
0.587232184741122,
-0.585213047147041,
0.428334022046329,
-0.242038149862572,
-0.573646600782298,
-1.61448311493290,
-0.0439718243635945,
-0.575860179825063,
0.715883367052628,
0.195450989896097,
0.298672351798964,
-0.332191314251385,
0.000908792001459667,
0.0619342492039000,
-0.0578472221341276,
-0.467994719629956,
1.08846060265332,
0.944602844473966,
-1.55590006274260,
-0.184517429849425,
0.0254708558668134,
-0.872386198183626,
0.748016108558383,
0.448024298469765,
-0.621959541180875,
1.20491668672904,
-0.850184485244928,
0.0913192780923291,
0.293428622195818,
1.11520167500304,
-0.337386237251159,
0.631929492478359,
2.70198294598836,
-3.08313215758258,
-8.15887823601135,
-2.40904680204192,
-2.17004160028340,
-0.179729725105209,
0.620288492716107,
-0.159111872712593,
0.667815767386299,
0.262322496211655,
-0.473122329641145,
0.0249346787537211,
-1.08411427760097,
0.414694842426737,
-0.939332780276422,
0.547503724427752,
-0.752475135724360,
0.315736138857826,
-0.310565070308590,
-0.246141108310119,
0.549499406304153,
-0.231068424459728,
-0.201185300223608,
-1.02033521183671,
0.474966635649856,
0.398529264361710,
-0.261636498983126,
-0.636421657067671,
1.12193479762510,
0.895883445164628,
-0.334156122680299,
-0.827797779948635,
0.401652526218927,
-1.11361009433936,
-0.282976772824691,
0.970612842447443,
0.394071356939795,
-0.885296421811618,
0.665479617102185,
-0.976908673119451,
-1.54534245060066,
-0.628520900999817,
2.20129118226483,
0.908140194943532,
1.51910944927688,
0.203043412990561,
-1.17415601384673,
-0.310473000979616,
-0.351431789250201,
-0.225923435867004,
0.972068324636352,
1.12661626212669,
0.434632670942287,
-0.363299131662378,
-0.428598950714541,
-0.224977671359070,
1.28553466150208,
0.752051914132385,
0.774635197092166,
-0.330464039966698,
0.393017477580406,
-1.52325316714623,
-0.150485751572595,
0.422468932083404,
0.488275910343547,
-0.568870418296786,
0.330766319363853,
1.24895498061787,
0.105074165935095,
-0.660074163632800,
-0.488906750154450,
-1.17346586018010,
1.43183462781794,
1.28680571135654,
-0.432866869970995,
0.434367829437157,
1.78993651823538,
-0.244259749365928,
-0.481058664034916,
0.858184447842716,
1.04406003732247,
-0.852478585675064,
-0.725824002971068,
0.451295744950995,
0.768028374295634,
0.497370800253526,
-0.759647676312969,
-0.391296119402443,
-0.665331619558164,
0.555409754496239,
0.347106358037435,
-0.494325693771995,
-0.212322402529967,
-0.479130283191281,
-0.128508021252572,
-0.239290652591394,
0.353151505490541,
0.956238348442773,
-0.488758685503297,
-0.0250640864915819,
0.841956440806980,
-0.597243363941110,
0.750275518185371,
-0.644836762206277,
-0.722886746552876,
-0.702651556477734,
-0.978294435714406,
-0.934743554722529,
0.100526709461719,
1.05394853747157,
-0.605279617707396,
0.928232921002779,
-1.23201719320426,
2.09698639005764,
1.47892853606031,
-0.763109867435886,
0.240615581093578,
0.132158203998658,
-0.0680882395073367,
-0.221989319837793,
0.195245130077412,
0.684381571902741,
0.672493900130836,
-0.692036425131220,
0.158727853108789,
-1.07452570156177,
-0.0749933234386036,
-0.926949792437508,
-0.196720025591960,
0.672032466073585,
1.59675309088871,
0.0990405572746154,
-0.535384755315477,
1.14457058104876,
0.334582044365422,
0.640569374780009,
0.492660083152384,
-0.182906626441397,
0.387474000632752,
-0.908523240845049,
-1.24596169494092,
-0.687850720163745,
1.27246538371815,
0.248624635682219,
0.369206412565686,
0.0139802778284112,
-0.187808851778195,
-0.613645831620576,
0.298915960451597,
-1.00620457179573,
0.956222089303449,
0.216947699907951,
-0.456763642494323,
-0.785426607067249,
-0.450728648094113,
-0.350257224512171,
0.900453247876623,
-1.79199527146729,
-1.49911841499825,
-0.217472387636684,
-0.137390953185706,
0.143872105084013,
1.60540381693224,
-1.22155572050014,
-0.700094718295705,
0.487029509033404,
0.923099945063801,
0.253853919817556,
0.186131162503887,
0.200445574707792,
-0.446993530195018,
-1.74953764997537,
0.136337076808165,
-0.629183389522701,
0.327241970085909,
-0.0762005474297524,
1.28021281343443,
1.02618880690089,
0.297348056133041,
-0.902539834117927,
-0.249771961162354,
0.123635986125259,
-0.203525861175152,
0.462898793711552,
-0.362286966088150,
0.431350379810561,
-0.839146767837352,
0.665309751784085,
0.669826572915511,
-0.356260574361187,
-0.968617772884848,
0.299368379206358,
0.759453959202916,
-0.318858466398934,
0.237570891987334,
0.138515692390624,
0.411069624418484,
-1.34165585609446,
-0.976710699057350,
-0.564713250508921,
-0.128421337551367,
0.227761530503074,
0.683318603391170,
0.230369572333884,
-1.07002837586504,
-1.09231287953063,
-0.184450951456025,
0.913215296664844,
0.144199264607209,
-0.887823557964382,
-0.173295087591483,
1.30684368769060,
0.858980354185112,
-1.03744511067712,
1.12929492524980,
-1.01619089607365,
-0.0626187119329861,
0.140781455559552,
-0.132668460481719,
-0.815583595188831,
-0.0831754479550625,
-0.803838811674274,
-1.04183046643187,
-1.52939486272995,
1.16777679056841,
-0.637274473702668,
1.58521968173959,
-0.0725602763460187,
-0.561469903467159,
-1.56827253868289,
-0.0199347565062498,
0.576556013735864,
0.820611248299559,
-1.01105112631498,
-0.411765180802529,
-0.0928162046161028,
0.485326652708555,
1.15407143254728,
-0.0963005545074051,
0.669416900266283,
-0.359380467055902,
-0.426322092156397,
1.90714933295227,
-0.784695456985608,
0.364921215641889,
-0.740985968233552,
-0.690484171824951,
-1.21772002928195,
-0.0766320376091341,
1.56587296957475,
0.481826222548942,
0.0930486418715610,
-0.885226349062042,
0.259764819059209,
0.251931453359577,
0.990803076854908,
-0.288461427986781,
-0.309368385827890,
-0.448435596135980,
0.330777058316340,
-1.45008491729237,
-0.563535391053827,
-0.208821056179931,
-0.708656434236478,
-0.364648152440370,
0.318663430176956,
0.777150023106264,
0.147347620677935,
-0.283688363852147,
-1.93495660287173,
0.239343285892260,
0.817669403388206,
-0.00476215756518547,
-1.24862191663038,
1.52781643095819,
0.533650312081605,
2.22527864238947,
-0.264971357376524,
-0.336994042426487,
-0.659785722331204,
0.913128890191587,
0.683945146867447,
0.283889393064825,
-0.0802284723243685,
0.222444032333860,
-0.655110476188921,
-0.0174280308136519,
-0.309502511970363,
0.167158856686388,
0.748272678567598,
0.352573574737499,
0.576491520561241,
0.556080860945720,
-0.0385089892759953,
0.793380470899368,
0.378531351689997,
-1.01839736128301,
-0.0815936482781328,
-0.686460714775796,
-0.164915398280932,
0.167324499178636,
-0.498509258280382,
-0.0511452076891039,
-0.188833339115353,
0.460473122815190,
-0.182324479036331,
1.71012337053750,
0.740497300953459,
-0.701350255456315,
0.859221522487536,
0.359744674963058,
-0.0564190941453953,
-1.37133161314771,
0.259654101875091,
-0.328423504866316,
-0.377444156985390,
-0.0164323803978421,
0.457406937031532,
-1.47769756396076,
0.363674046225207,
0.0226734027003489,
-0.225371164197527,
-0.761484986701620,
-1.03585508452208,
-0.669555646650477,
-0.344269611252983,
-1.06840718388291,
-0.497588310289630,
-0.778087605333206,
-0.313190849860292,
-0.147741393269438,
-0.862657649706436,
0.140958822760712,
0.387182616132848,
0.363971975723582,
1.21416804709508,
0.0895867671910104,
0.0163470783644742,
0.442585173683600,
-0.635469691693911,
-0.0245966723607285,
-0.0126266839582048,
-2.14475103449312,
0.536022840138837,
0.656420187479778,
1.11870370368138,
0.214063452041578,
-2.38256029071166,
-0.658487044564737,
0.953367968253288,
0.378287715913042,
0.258290994074234,
-0.599090181746742,
-0.857319177163026,
0.603310265390979,
-1.17341949236387,
0.0211679087407908,
0.392967898174094,
0.631001254058945,
0.418580336698520,
-0.448877471026385,
0.873453281777561,
-0.396275589056052,
-0.381714825323182,
-0.179977989190100,
-0.545861649999215,
-0.258821928404441,
0.0373207731046170,
0.0719336503891048,
-0.629868651255316,
-0.770912817205451,
0.181877805142142,
0.578272184416677,
0.304113387559889,
-0.0442994702202448,
-0.642561191667063,
0.585478474097330,
0.752711369032285,
1.22835887412962,
-0.0622393981676933,
-0.780481085402500,
0.553851079930124,
0.350928985243459,
-0.774205996099195,
-0.757657035807147,
-1.42542189884227,
0.772419865000207,
0.918975415512206,
0.0178144628437281,
0.741074761728969,
-0.170756321849700,
-0.108491609239706,
-0.649834113068163,
0.0220239555311275,
-1.72515291987299,
-0.807970244840483,
0.578281346767626,
-0.0447564674812738,
0.205639137197572,
1.35122907212512,
0.696800566737787,
-1.53074792658285,
3.34674562591876,
1.67931506688362,
1.45376562529275,
0.434493205584465,
-0.475616027796865,
-1.16867724993274,
-0.407218438213337,
-1.50052981104257,
0.0534099080874709,
-1.57556163043348,
0.205659097822009,
0.929938825342959,
0.130101921692629,
-0.495714362997365,
-1.05759755759986,
0.281923377738542,
-0.302900444063614,
-0.325974091115621,
0.0218160086830359,
-0.766953691284116,
-0.684522098978950,
0.378750604719131,
1.57308647751818,
-0.700407911430771,
0.254623232031864,
-0.0274548251643435,
1.15638254057050,
-0.397112487818954,
-0.176908961421050,
0.621634246249585,
-0.964298195251462,
-0.133510390602331,
0.842781365238067,
0.00192547922788758,
0.310864692384844,
-0.0721096303662245,
0.444073115598739,
-0.529314867166374,
-0.329162668113323,
-0.904379424983061,
-1.19380556237197,
-0.315886388204947,
-0.384801417840732,
0.250856947501280,
0.00990365712457502,
-1.35664698825912,
-1.14316744228707,
-0.126115213242173,
-0.0844955778287323,
-0.474730082896748,
0.708178992489438,
-1.10652784555895,
-0.915982634343332,
1.24630387568936,
0.0339457701493315,
-0.0517968261734928,
-0.289069442516493,
0.655016863342281,
-0.530552491884660,
0.243688093180312,
1.25492254081560,
0.490757216291353,
2.01053668892673,
-0.310901501222413,
0.449176066179363,
-0.472432086361835,
0.518008956090642,
-0.342486703143223,
0.145794619785433,
0.00503080495091707,
0.547302205383824,
-0.226047320542519,
-1.47647321470914,
0.630838965046010,
0.151520466290637,
0.687005415396446,
-0.511047983454793,
-0.0692079247406547,
1.32813350022857,
0.219851234145418,
-0.775719341564272,
-0.534639374473332,
0.589428821958053,
-0.282070444564553,
0.961700784438183,
0.0982674829146497,
0.890590188222238,
0.824856716552464,
0.626043916142920,
0.0190646291302551,
1.15011845058391,
1.69393823261716,
-0.117202420702738,
-0.981518003475159,
1.58799557210427,
0.547416115168842,
-0.391859143933097,
0.237495702663340,
0.308153077618900,
-0.877814177677250,
0.862603297068039,
-0.368124403053082,
0.489540855396909,
-0.800634561314814,
-0.333505793406424,
-0.343907924890325,
-0.282926926746184,
-0.130219475198370,
-0.401411844449470,
0.471180649869911,
0.294623431336863,
-0.849756948239000,
-1.24096105345851,
0.0197423949602331,
1.73903528222347,
-0.0118913024928267,
0.292834239488413,
-0.0294051366312959,
0.662047788983562,
0.260106806006699,
0.329312371163318,
-0.100067515265722,
-1.03232128665043,
0.939556907786113,
0.643390531880835,
0.218063597526246,
0.379715415806673,
0.535091823389048,
0.386465977427330,
0.0801925028310275,
-1.15372237038293,
-0.601247013901372,
-0.0534801763480666,
0.0772704309575690,
-0.0706985839372574,
-0.751773072556371,
0.831846043735893,
0.000239667987296450,
-0.508602980936837,
-0.817529978506620,
0.436605070339997,
-0.585124894128649,
0.863618550163409,
1.18400300138045,
0.400823151212837,
-0.0180564588767954,
-1.11956708303076,
-1.07002167353767,
0.383818741620142,
1.10786707873425,
-0.331973334267252,
0.245662616529997,
1.41574878861402,
-0.0954569201309266,
-0.545500093431861,
0.968119753888370,
-0.227343811624674,
-0.176591453932416,
-0.885687783504035,
0.212395869171867,
0.642877709628066,
-1.66244293427560,
-1.01309774111327,
-0.473630483560737,
-0.132350451941566,
-0.686802080908685,
-0.444554790910867,
0.0840018316394012,
-1.16880794556183,
0.392594879017129,
0.606552237302204,
0.299166788050903,
0.514921936744104,
0.355440323369135,
-1.46783607405405,
0.495010914048776,
1.94203749730347,
0.353751481649379,
-1.24381663828997,
-0.520389853508719,
0.886666478106972,
-0.755831376640716,
-0.309191359701046,
0.357008886347973,
-0.411873012060392,
-0.427637673876627,
-0.0841731051405267,
-0.576355013028248,
0.824654306321570,
-0.532110284517265,
-0.635365659912770,
-1.32424190635175,
0.560205772313665,
0.0557433023580684,
-0.126280119915784,
0.251523083466952,
0.507874304336811,
0.0684263334437454,
1.73452825895057,
-0.491579777387873,
-0.279539522063232,
-1.07878030568535,
-0.147895248042159,
0.713171462942430,
0.676430229622077,
-0.715378159919265,
-1.01514618573228,
0.148550759969603,
-0.291727495005928,
-0.497760381171130,
0.181142534782381,
-0.753090353655682,
-0.551423759990561,
1.06816806623914,
1.42283950625988,
0.687202656431116,
0.0733299013084247,
0.749154727146157,
0.126526126726781,
-0.354302711774020,
-0.229944726105504,
1.05292376976551,
-0.143261119415536,
0.0117563796163125,
0.427899716569909,
-0.545486098135132,
-0.513886371991753,
0.0904010574189191,
-0.534049049019335,
0.202949369533770,
1.96366653821318,
-0.321271677222761,
-0.503609348252797,
-0.308717759401282,
-0.646357832833408,
0.114852048073235,
-0.260086763488802,
0.369417365686239,
-0.650312777269466,
-0.273852588189876,
0.149234069968441,
0.344376991687502,
1.33793206388794,
-0.746366858975134,
0.110363102069997,
-0.897335932045789,
-0.788172837864824,
1.17700923288095,
0.363433702429079,
0.396488008474574,
-0.0346816221840889,
-0.788084386949244,
1.17303994939316,
1.46315570881329,
-0.698891068866791,
0.445266574188581,
-1.43933235559931,
-0.149299862747623,
0.550112676212570,
-0.837651061949943,
0.0838818452310149,
1.20565710890872,
-0.838378599150339,
-0.274538270857457,
-1.47426762217772,
-0.459486903201102,
-2.06311414054538,
0.330157042724339,
-0.396076658541920,
0.450196640024676,
1.53278162150983,
-0.323901261085486,
-0.294242904240712,
-0.220132415144809,
0.529311121747846,
-0.225052280492962,
-0.485622133277533,
1.10119326584285,
-0.844569646606467,
0.877951675999395,
-0.793831006318274,
0.522690297872991,
1.14136237721625,
1.00767697853128,
-0.903900477246677,
-0.585389826289162,
0.109230792494254,
1.07525813539414,
-0.225316219998534,
0.0358524289496644,
-0.184895063268529,
-0.194265359153482,
-0.657791397950188,
0.659613408321226,
-0.0270995890764559,
0.0752815367661880,
-0.350337089619117,
0.664100998091994,
-0.541606774707710,
-0.191812907659204,
0.602567119268363,
0.854044285882023,
-0.484663257765907,
-0.102696862166014,
0.439172503565774,
-0.415304930457793,
-1.74700912532261,
-0.842982645185256,
-0.0213643623173788,
0.199344148311140,
0.131485924160028,
0.330643093447267,
0.739520454038308,
1.04307920443397,
-0.174594916668792,
-0.148685451784908,
0.255339111054637,
-0.781869171525585,
0.266079109673179,
-0.581936476129491,
-0.377885779318102,
-0.0376590600210673,
-0.858366251285685,
0.0826764629739923,
0.133831550208930,
0.0631016164155573,
0.0312899434230099,
-0.161662476823067,
-0.238722457823010,
0.724672509870689,
2.01518186338832,
-0.815528526729059,
-0.924146012050846,
-0.00194581605192073,
-1.25606005077831,
-0.671129006918933,
0.679934926267457,
-1.20790961201286,
-0.157404566569851,
0.676849690492455,
-0.920225037642041,
0.299936542408524,
0.239901394657614,
-0.928140653545730,
-0.237297791628244,
-1.07112465967311,
-0.125645017991238,
-0.200776809986340,
0.850083111576622,
0.540083664005157,
0.329014605169256,
0.553347431001465,
0.0820829325482091,
-0.211608740284062,
0.536901159156520,
-0.244297831919695,
-0.816867414143665,
-1.72404968911143,
0.473464911463401,
1.20430951231433,
0.0885290990708934,
0.608881273704891,
0.369155648113029,
-0.0837670808507105,
0.848071559499956,
-0.273613914115655,
-0.643624646998165,
0.541037435996509,
-1.09824698353890,
0.523693151090616,
-0.0595993093490829,
-0.601926663320367,
1.18524696034947,
-0.833299389895113,
-0.300259603604961,
-0.347263413507525,
2.07240891521316,
-1.39280183115483,
-0.827363221368406,
0.568635002968936,
1.29602913334540,
-0.903286125453028,
-0.432508829181726,
0.640650442117209,
-1.60164752369290,
0.182138244974836,
-0.413978381459571,
-0.636134479345406,
0.812487606999004,
0.164489778000036,
-0.507562642423371,
0.672055262284987,
-0.358257357657601,
-0.821165228984028,
1.13542039715515,
0.510435191042117,
0.629402614669088,
0.304535058333166,
0.567133705959847,
0.500211147559308,
0.143848099154945,
-0.921660254619789,
0.0946332233372708,
-0.647200169400545,
0.122768949590124,
-0.0831174064754461,
0.428964155693560,
0.991728966083505,
-0.676597150403591,
-1.06121500566256,
-0.300322755163550,
0.179107745451835,
-1.54517702278826,
0.121167124552709,
-0.316372906493394,
-0.276836406242344,
0.490406964750326,
-0.277440426746228,
-1.62062733568398,
-0.613943078425639,
-0.878187206653975,
1.16428867221880,
-1.13541893874132,
0.589213729429208,
0.277179016512495,
1.00139837168088,
-1.28968432129979,
1.29331293591375,
-0.262589004349594,
-0.0400125677960961,
-0.936012364389449,
1.07031879752587,
0.568493664635119,
-0.359066000619384,
-0.698993014119199,
-1.03508059355453,
-1.00247746590800,
0.614702125163190,
-0.150100938873671,
0.508453645240042,
-0.442518310011244,
-0.787100673980180,
-0.664316998494116,
0.355797949642767,
-0.312352340914232,
1.37006162701208,
-0.421822060144878,
-0.307610015856931,
-1.14006914778756,
0.984051091521127,
0.182688674345668,
-0.993246397451770,
0.858830702569635,
-0.243816662199964,
-0.397619944561554,
-0.928865498029523,
-0.459125975634732,
0.212936494715232,
-0.253416740315881,
0.884854771324201,
-0.404993619845338,
-0.379433838868419,
0.544265258169286,
-0.316162446923070,
-0.905925745651963,
0.256004730004493,
-0.545447924300439,
-1.10485109613429,
-0.0777772287332965,
0.679740798339110,
-0.661563499482189,
0.0385973925271248,
-1.52092137401687,
0.0603680736924387,
0.514229675578410,
0.670794106627673,
0.0109202546787164,
1.82888246093426,
-0.0897515617624866,
-1.26767315950638,
0.461206014077045,
-0.0994385910597884,
-0.816251950973242,
-0.0651651589817805,
-0.379861999326754,
0.394251561500208,
0.628797547470329,
0.823908814012643,
0.758076941663671,
0.257261515757572,
-0.621045220535036,
-1.00155070730029,
0.142749330801308,
-1.03360863949499,
0.268475876393739,
-0.246050407057911,
-0.346100400679521,
-0.105381914400952,
0.105125457196848,
0.658994472180933,
-1.05624545970128,
-1.01532063226239,
1.71592645627249,
-0.462789412945342,
-1.12942528279533,
0.463414987746192,
-0.264656529019849,
-0.0682305719732294,
0.200854949448858,
-0.133933475561413,
1.33405035320209,
-0.408885217807785,
-0.216942937562545,
-0.812967687128086,
0.766381265507745,
-0.739114436003266,
0.858091873115382,
-0.279885944569457,
-0.234570630214762,
-0.837335018895861,
-0.745551479505064,
-0.724182114126003,
0.738650873674088,
0.387988421015711,
1.28597314058986,
-0.535509233402696,
-0.0341971630944885,
1.17378592801909,
0.0746116668536706,
0.392357243203646,
-0.573073825304655,
0.764961258261168,
1.92656940312003,
0.290277798107483,
0.674957595699067,
-0.554435552888882,
-0.0703108127553309,
-0.397893306768918,
-0.378140953760725,
0.334695118086666,
0.0774948012206134,
-0.408585753996786,
0.123498609299415,
-0.448913203698069,
1.25380483134176,
0.326768149411937,
0.369741542690914,
1.08742632310805,
-0.330939873540317,
-0.723566987059746,
-0.591424547941814,
-1.12851256900380,
0.132253133473197,
-0.0986813133420972,
0.508652249297817,
0.528445247429062,
0.251800249878373,
1.31732476156866,
0.267133141535480,
-0.405398906179078,
0.835378172832629,
0.828402472726569,
0.245693766128100,
-0.791492460096516,
0.256975819151977,
-0.725590777230274,
0.680011935002324,
-1.00639697187929,
0.316637539853188,
0.532580391946730,
0.386654179694647,
-0.311538118092977,
0.936709622890284,
0.142682655808759,
-0.483769849528381,
-0.0388636126576358,
-0.505143016501129,
1.03514460668743,
-0.285261424907796,
0.227030249347714,
-1.75411793694980,
-0.384460884290239,
-0.0882666718240485,
-0.420920195236292,
-1.53912569696442,
0.0731914979715606,
-1.11343742832670,
0.138881267911118,
-1.32779832253236,
-1.17355980416492,
-0.483858221783546,
1.28533322797084,
-0.386752272199441,
-0.209901694666972,
-1.41584971298229,
0.418668684278262,
-1.36212909802114,
0.673303634550950,
-0.0182222895239399,
0.934325153309045,
1.56745639649005,
-0.00909668415441233,
-0.242208680952742,
0.0338141017898165,
-0.227638922826472,
0.256800221572561,
-1.02124907886400,
0.272851630153349,
0.837867585988123,
-1.35651536766416,
0.296163221493927,
0.470622442638736,
1.03848044004008,
0.258637305877245,
0.321077357908535,
-1.28400994278008,
-0.187806514089264,
-0.0589073505158066,
0.268605107671474,
-0.287146601334932,
0.0683200146131496,
-1.63670804263352,
2.92000072058167,
-3.90645103800639,
-6.63955655683060,
-2.04601374088440,
-3.47350868284794,
0.362940390769079,
-0.118143797528219,
0.479239656594956,
-0.325384971424559,
-1.34698511307452,
0.924221567792220,
-0.530923323371971,
-0.805517048859212,
-0.842166238737014,
-0.479530773272069,
-0.610586978533350,
-0.139430540380438,
-0.439146919958184,
-0.173245627930111,
-0.363679918168780,
0.272746443494962,
-1.57947172008857,
0.653932017802122,
0.548617981857683,
0.176406269014077,
-1.01480796795453,
0.0912879831116739,
-0.00463786027333471,
-0.156419054603208,
1.08428702510336,
-1.32615930235257,
0.0403921693792785,
0.199777043460685,
-0.0539135185398577,
0.782560154562600,
0.240454657397174,
1.70161616665153,
0.135931154416533,
-0.766933860310194,
-0.262259007266802,
1.58545599614967,
1.02767166062016,
0.196834741654135,
-0.377689281012574,
0.499357815619168,
0.741933420272771,
0.326105615867317,
0.929434707078903,
1.05530804848450,
-0.648406153169672,
0.00696045455056781,
0.944230334536438,
0.789753789517256,
0.0415823238927818,
0.144341171699020,
0.715195996280244,
-1.24027154202206,
0.592563234329771,
-0.144838832724888,
-0.423966447882340,
-0.00437490817140135,
-0.757157256918803,
0.0633563255571865,
0.347921161974465,
-0.486288587502041,
-0.176675881182633,
0.568306183198949,
0.180967859699352,
-0.519466539622942,
1.05443765105342,
0.282482189248929,
0.769836624349688,
0.573101513568814,
-0.319077881556906,
-0.947776052387351,
0.126231853494698,
0.0816520380773740,
0.664078697146846,
0.192720960863358,
0.639936729158934,
0.585961904075311,
0.0220250373872676,
-0.241769630265261,
-1.25318938893406,
0.312459544832839,
-0.748639383329751,
0.130895549372579,
-0.831661156968054,
-0.624200141689678,
1.86445455018485,
-0.627695883422374,
-0.740003294036406,
-0.278221984632389,
-0.833555194009008,
0.999259727809561,
-0.212299977633494,
0.651179937555240,
0.167642215734274,
1.14947585315651,
0.380227418848751,
-0.234508774904180,
0.371535372208957,
0.0492131587849245,
0.869612383840510,
0.752489992533471,
-0.171093303376308,
0.586291200897978,
0.419587197017026,
0.0524428173940648,
-0.0434488386686322,
1.68272266414404,
1.20984470937040,
-1.12683845924960,
0.255635996802785,
-0.482061220861973,
-0.554676292792197,
0.697457636037101,
-0.830691602418436,
-0.711828440661202,
-0.869587685292354,
-1.29506323500077,
-0.0197793698343896,
-0.337341646638538,
0.527104417640643,
-0.377361970371544,
-1.29517733731144,
-0.0655512450885994,
0.0626506574913801,
-0.116903851739409,
0.239237207138788,
1.20673314708455,
-0.332359495976969,
-0.568178318286836,
-0.730902188985853,
0.160550122688043,
0.0261200791861590,
-0.381770223494030,
2.17106706568372,
0.113187356981002,
-0.130784876969615,
0.316446502947382,
-0.320587935773228,
0.473536737945773,
-0.131272948936489,
-0.846047658251885,
-0.637781667587602,
-0.00774293038425383,
-2.38780352161546,
-1.32284963893636,
-0.597072289635496,
0.430185295361358,
-0.0757506978291038,
0.768307574894744,
0.0969250169447423,
0.416717688546002,
-0.426309218154361,
0.614057797508097,
0.0619856140622881,
-0.425523450959515,
0.290628830354984,
-0.372997048406434,
-0.292363019261111,
-1.12032819608453,
0.347559122481462,
-0.134843196056911,
-1.30218829902409,
-0.203203457048148,
0.886750828448209,
0.393166207281385,
-0.612499412499156,
0.0816190967846873,
-0.990224411136219,
-0.177479962408674,
1.75645775924078,
-0.00296995565510485,
-1.46865547595472,
1.65083243713066,
-0.362918361220375,
0.270111205991344,
0.411586874333300,
0.132931038222921,
0.0895331762475520,
0.774906453543888,
-1.05749732432381,
0.791913668757989,
0.0992245536942089,
0.571399348249433,
-0.430167090839768,
-0.166903971624624,
-0.831113037040722,
-0.186026389151579,
0.288272775285348,
1.32145929109311,
-0.252333179679202,
-0.291346406810125,
0.0543093668238009,
0.557524300605843,
0.376119555490260,
-0.219223847317386,
0.0110405779196499,
-0.320212735391177,
0.118749300683059,
-0.882573562513098,
-1.16356661587431,
0.355502185174339,
-0.326265824495357,
0.116105825876443,
-0.0647287467070971,
1.33297569423059,
-1.38065154766204,
0.334977061084562,
-0.0355986154217605,
-0.416915028237060,
1.20986693533660,
0.0246561675529316,
-0.711490196764318,
-0.0834499562860407,
-1.07539739759174,
-0.0610845390367249,
0.200251851765905,
-0.329545316573617,
0.0123825080336878,
1.62747228699269,
0.716799486407971,
-0.183958532656570,
0.497079028554203,
0.357534407999996,
0.448582189299571,
0.460403168082076,
-0.967499104853031,
0.149100707978635,
1.01416498332308,
0.662323920214369,
-0.766132686113443,
-0.00141175035761336,
0.660096534314578,
0.210106584988235,
-0.448532085825009,
-0.312283571720774,
-0.107360078235518,
1.14772520372732,
0.397049136726863,
-0.709464438370533,
0.305052946404235,
0.379157860773613,
0.982088223825205,
-0.453174377300856,
0.636820679953971,
-0.183812575832474,
-0.0721905135435859,
-0.886540699223346,
-1.40914666871982,
-1.85659805698093,
0.480057189191163,
-0.814298032541959,
0.300271619263132,
-0.169759475026884,
-1.06408287277440,
0.0198131663457673,
-0.898272855002685,
-0.528179474936951,
-0.464844045707958,
-0.132071714967975,
-0.231450981860145,
-0.745794324845923,
-0.427389059073927,
1.55459738039903,
-0.394413933704128,
0.104381414583692,
-0.697771001853931,
-0.734749148117161,
0.319367575427403,
0.420577076859744,
-0.313018249396078,
-0.987748065575282,
1.64453121399502,
-1.40101627970619,
-0.411055259658208,
-0.0790439704070170,
-0.0179726349204292,
-0.452149512350552,
-0.0890793993647956,
1.87695500635217,
-0.665170414011575,
0.778643496490629,
0.141811611916046,
-1.13426893919942,
-1.38682347738407,
0.883478735413878,
-0.107783279432379,
-0.531854779747844,
0.152043437718090,
-0.00199028261705786,
-0.654931262091916,
-0.414199323825378,
1.36307186658290,
0.258384885073395,
-0.769710404504783,
-0.0645538428566965,
-0.0802391270108781,
0.351107983264225,
-0.532486157025612,
-0.827159889261879,
-1.46735985910817,
-1.05631509291381,
-0.573862705882245,
-1.06628787393717,
0.322901308812771,
-0.0194037297747958,
-0.617186560300488,
0.336141633846031,
0.349533467540614,
0.283007294202197,
1.21652074197178,
-0.479911610570077,
0.152841125260710,
-0.0444030964018596,
0.903332105440194,
-0.885563625506282,
0.345877953134242,
-1.33590204624237,
1.42833061023567,
0.880611019221701,
-0.154195773811420,
-0.335470631305430,
0.175266251954220,
1.60561781223012,
1.76032380095402,
0.956229438020792,
0.403242186286178,
-1.22948854199002,
0.128936021918659,
0.0125430676355445,
0.289830239934060,
-1.57315475927377,
0.129110156909012,
-0.331345465576915,
0.801662693118491,
0.311899670731623,
0.994064795460586,
0.258255743129340,
-0.612176025685474,
-1.10238087256981,
-1.00295012411632,
-0.0150176961918254,
-0.344549869580554,
-0.0962822288896853,
-0.0903729714873979,
0.0230388949276325,
0.337512067711294,
0.270826010891823,
1.06038637748689,
-0.814624792723877,
-0.0264524306037575,
0.0261738484695791,
1.05939159875844,
-0.382069658979163,
-0.727067644722226,
-0.0270285320437653,
-0.117525245595462,
0.718083396170722,
0.668119313046584,
0.718658799418773,
0.00567644863280557,
0.279570560256200,
-0.252334148476446,
1.09842985303286,
0.0266775453262762,
-1.00469871111595,
-0.0895560298341249,
0.537469850598510,
0.353615287455017,
-0.721108576217836,
-0.331481797931544,
0.405217422579032,
0.164547966305833,
-0.971110314151827,
1.71943197194271,
-0.0971511702274650,
-0.269891080732644,
0.865526959408276,
-0.553475784454699,
0.874675113797473,
-0.895662449907207,
0.0557927595294861,
0.0356661921665300,
1.22812529440724,
-0.620452261951525,
0.209083166276665,
-0.0606899604297705,
-0.637868141444433,
0.413080694462310,
0.0448348236632112,
-0.839900972639281,
0.645051020293227,
0.267327564824081,
-0.604508886086497,
0.455791906748291,
-0.637473921399937,
-0.385035166743029,
0.280110700248378,
-1.86165889279699,
5.39927322899421,
1.25890672611867,
1.08914409670029,
-0.468199420842506,
0.0991305489448940,
-0.395893649655817,
-0.441396781879687,
0.412803142538063,
-0.750491344297798,
1.09337650400939,
0.259301117020514,
-0.677021414624574,
-1.34934636349043,
-0.958473859591144,
-1.19945205307402,
-0.739428270624258,
-0.831928776207621,
0.832585989308426,
-0.496668748001173,
0.739386956149837,
-0.591698106938703,
-0.834251308758227,
0.550234658743301,
0.697901316904888,
0.944816796699620,
0.309542455569369,
0.546214013946281,
-0.914582401836450,
0.280316796209141,
-0.140725278919679,
-0.00899874445915517,
0.528243072246644,
1.20127214075152,
0.496696604804017,
-0.751018957636234,
0.592137737634160,
0.797430433308832,
-0.0845955994049700,
-0.367550884011768,
-0.596206564730966,
-0.498706832685975,
-0.229845462317060,
0.157661892260562,
-0.102813624629458,
-0.995649155477005,
0.192108029966532,
-0.106521145024348,
-0.303650065996962,
-0.934902622285911,
0.552234608308618,
0.762630160809107,
-0.709277114818774,
-0.543120667393668,
-1.11294606800598,
0.614015227650152,
0.954865653154787,
0.621330233021172,
-0.310026290527698,
-0.674857589692004,
-1.18346258423198,
0.720296626320383,
-0.0833938621221169,
-0.985221085540716,
0.823921440625204,
-0.712190343030747,
0.834372863580596,
0.612450438252858,
1.32849691571354,
-0.484662085580628,
0.219498171518358,
1.15596999593058,
0.414851472006868,
-1.71635760433877,
-1.09678435962114,
0.945743182313348,
0.00138755265087378,
-0.268821966283448,
-0.568741586313524,
-0.153640024004527,
-0.465427824545580,
-0.296536632370246,
-0.847996972260143,
-0.375303249252055,
-0.703094209988805,
-0.458347113290459,
-1.00334178126209,
-0.649861161082952,
-0.114033980500597,
-0.612453627074213,
-0.404249844603909,
-0.562294649344345,
-0.271884201544666,
0.786311379564660,
1.05007990452170,
-0.415578572356521,
-0.740617404673985,
1.01418325941428,
0.243486626569403,
-1.22419858267686,
0.652820900252431,
-0.184481902405814,
-0.595998494196659,
-1.11273980666594,
-0.193966153156871,
0.185378663035633,
0.882072806971663,
0.909811412339604,
-0.564039058648459,
0.613435349988493,
-1.26222287117392,
-0.0113353008615159,
0.528271953730995,
0.732799587376710,
-0.545717311860939,
0.0318190065704781,
0.0924515018864863,
1.47151410209401,
-0.128161544961758,
0.609462611625780,
-0.0784419302027886,
-0.143319751844207,
0.108343636397030,
-1.08555834990900,
0.790210035759277,
-0.119225921199154,
-0.661945065649483,
-0.0132508284641583,
-0.509254574249588,
0.338266529686997,
-0.252136904204332,
1.47831162376592,
0.410781342050549,
-0.345003290321016,
0.290797894789998,
-0.968915869674508,
0.743538287475813,
0.680993850046738,
0.118398695659218,
-0.811796970884155,
0.733434641833208,
0.400565035730829,
0.226242907804790,
0.609031152212517,
0.198539760848248,
-0.564690127088542,
-1.50418915491887,
-0.190929450425938,
0.972433373495273,
-1.75241410332475,
-0.619428895399294,
0.705298237802339,
-0.444426425299921,
0.550324385515976,
-0.101471319989701,
0.130237287494199,
-1.33078825432065,
1.24192619916272,
-0.0172113606691846,
-1.69851691175559,
0.913835167061663,
-0.634432042258377,
-2.18243758500451,
0.545139541635762,
-0.117155500368981,
-0.706252467148506,
0.165886370113117,
0.726449336099748,
0.535689598544949,
0.0192509214769004,
-0.518842154266801,
0.0717745531137649,
-0.346169274452909,
-0.133637315861436,
-0.742761494019936,
-0.456752085718425,
-0.903465923983906,
0.0500550152110349,
-1.35214677547054,
-0.646452028375016,
-0.889771274802473,
0.368602597024844,
-0.484217133118468,
0.199080482589767,
-0.521380958699170,
-1.00937142564640,
-0.781963454540971,
-0.191209328405680,
-0.142939931327359,
0.118703234100479,
-0.0593895709364847,
-0.963946667578918,
-1.29911612458740,
-0.551870789108785,
1.96936964477628,
1.23047260072518,
0.395908233530289,
0.234591806459844,
0.973768362511923,
-0.273076528190598,
-0.375794725830372,
0.338129302810749,
1.00991313362979,
-0.630358305413701,
0.821454584805845,
0.976301081110866,
1.07342128301246,
0.267203176715796,
1.07631138762475,
1.36535319151406,
0.690672218656702,
0.828150659380751,
0.542324465077530,
-0.247345901071570,
-1.19538749963152,
0.0351345807265428,
-0.386931811019019,
-0.847864712546163,
0.268115673388998,
0.379307779125901,
1.16610289325063,
-0.314313237841050,
-0.0868524342880632,
-0.0455336147636940,
-0.180019842776861,
0.432352037708501,
1.27747223576156,
-0.656982298177548,
-0.263130843274334,
-0.860835813591078,
-0.422496186774952,
-0.0323544256439419,
0.643527398845464,
0.524547903514639,
1.12476681430482,
0.387298677793719,
0.211370419249777,
0.738606949050787,
0.335303884666438,
0.135489927935767,
0.310972901607922,
-0.369300306531959,
-0.604829087718639,
-1.41943895961852,
0.804169850029412,
-0.615939563266297,
-0.0416767501637454,
0.438395832999404,
-0.602276731155300,
0.661646783207479,
0.0682516001665581,
0.670254255999826,
-0.341868676016650,
-0.124303810163633,
-1.11415708997626,
-0.309002175921313,
-0.00818088859274048,
-0.0648838001642225,
0.196231878821579,
0.249384308706857,
-0.673169302293117,
1.16535170404966,
-0.809447195777505,
-0.692674531092578,
0.537986814783815,
0.138881895868031,
-0.810258116201836,
-0.0338736996018734,
0.0411376823129109,
-0.00305861159527754,
-0.281273952751410,
0.294125707978175,
1.04542008153554,
0.423841431826927,
0.172124014997319,
-1.36396237963014,
-0.436293733225444,
-0.676391757915260,
1.02883917962383,
-0.732183023712865,
-1.04866537102995,
0.350030816639828,
-1.46423114919499,
-0.211705514051532,
0.601652488682047,
-0.224217798578877,
0.773451068514576,
0.608418375034685,
0.388768044207072,
0.201262585994407,
-1.06234053536336,
-0.382168261445883,
-0.937811792537512,
1.24374490394973,
0.249443042115782,
-1.58102745204267,
-0.617913710609599,
0.326998369016898,
-0.0872417545732414,
1.11919932922634,
0.909233375333404,
-0.579771002131012,
1.22220518531268,
0.218961064406706,
-0.367330565159954,
-0.371417333000137,
-0.131180159780532,
0.760351784269684,
1.52571623679579,
-0.138559357006746,
-0.210180892813685,
-0.0122175225085716,
0.220388794258080,
0.0444061491843165,
0.182657452935640,
-0.110161743991865,
-0.600182491710025,
-0.263535842375925,
0.866246076978832,
-0.00176885582618543,
0.00957717024459887,
-0.589974787254656,
-1.30836218651784,
0.0671751389066548,
-0.945898304433783,
0.00461864987432810,
-0.386184053453343,
0.711683902212474,
-0.842124935264638,
0.341249094185993,
-1.11399899056961,
0.141344255868424,
-0.0621436404321541,
-0.137871277578742,
-0.267718211983062,
-0.866332448271395,
0.554540947205119,
-0.256498944002561,
-0.153418700345285,
1.08133374728155,
1.41558848984209,
0.155779870642147,
0.726842331276426,
-0.279169354610436,
0.259461873162707,
0.253640268958966,
0.361759694665491,
-1.55536881145056,
1.30700057984657,
1.83950281219956,
0.600065493048437,
0.0601997592855803,
-0.616418178447287,
-0.117447963684450,
-0.569090883783354,
-0.630550743932021,
0.743317747508809,
0.745626197706542,
-0.464294523717760,
-0.0575991506889437,
-0.328468256883184,
-0.846607137111095,
0.890898592457293,
0.685549339928318,
-0.329510230211786,
-0.227166633968963,
0.129317071004054,
-0.265702485346928,
-0.0867190976885455,
-0.0256820643662329,
-0.684188463803890,
0.125374978370713,
0.0585867669372851,
0.865577630930010,
0.532736792148527,
0.795132611899459,
0.674762562693499,
-0.863357295115448,
0.154724042347333,
0.224401470055532,
-0.847424962720460,
0.155707939789046,
-0.713368833439449,
-0.175310428390820,
0.864486891547923,
-0.544546805704087,
1.20326336011027,
0.382596284189760,
1.31845846246970,
-0.586007803012028,
-0.113200078414652,
-0.417486175053241,
0.516208670400940,
-0.270009968941389,
-0.961865751817448,
-1.03170707253339,
-1.06542462304321,
0.245085890525904,
1.02029129108876,
0.0208478275201736,
0.362201068194158,
-0.424513608978540,
0.178928713092282,
0.203782232102592,
0.550188270755944,
0.275216039939570,
0.916340784982190,
0.502358104337219,
-0.557294737802117,
1.33141025025384,
0.250625807697043,
-0.945701786491304,
-0.451397188462445,
-0.892718775651291,
0.805704955285316,
0.0306443736774086,
-0.375119723041401,
0.599059012042639,
0.803232324627254,
-0.568412726363274,
-0.226428225411674,
-0.945013860858537,
-0.148664586641811,
0.306826029797449,