1.25408493159028,
-0.215491992177490,
-0.774197562416376,
0.361846289390973,
-0.104615287435959,
-0.00751704915363700,
0.519136004470794,
-0.177374633053189,
-0.0268660218583285,
0.550844426493649,
-0.118240333602052,
0.507233241463859,
-0.523660797929492,
-1.09651705329228,
0.727176764167519,
-0.368388099144969,
-1.48814221920954,
-0.933613234739971,
-0.0250331889600355,
-0.313701611838086,
-0.0599429567597996,
0.0511852126251808,
0.0113489781016046,
1.52068182294898,
-0.578392276635005,
-0.348704667597960,
-0.852441181471302,
-0.00470682873627704,
0.346043952625716,
-0.224812572347341,
0.0852772801976902,
0.637582285147556,
0.136087650479300,
-0.0762310290847424,
-2.07445102150371,
-0.142434542340223,
0.526759022553518,
0.438988947111021,
-0.143194144670184,
0.643509605359124,
0.00144821942609157,
-1.33278386289444,
0.958694890004637,
-1.60040327438475,
-0.0537918292370339,
-0.158408497347433,
0.581701039840072,
1.28632232125839,
-0.407765956872233,
-0.0426634948318911,
-0.677263360237909,
0.462467135570422,
0.133802089266580,
-0.260769137056586,
-0.221583785505216,
-0.329567985497049,
-0.348213429461653,
-0.412120888427468,
0.100249623800573,
0.240860183461171,
-0.696791595798173,
0.261648361742477,
-0.826448232087251,
1.44728428891711,
-0.119219799311082,
0.0621907772445860,
-1.28713760838872,
-0.843874038778502,
0.0597920828665997,
0.148339430607272,
0.282562453451204,
-0.0641251599334727,
0.222111288373380,
-0.185304303524953,
-0.886458566751995,
0.0984408049304016,
0.590856524297891,
0.237924994775566,
-0.818456736214084,
0.297155990785314,
-1.21182449460967,
-0.223104440547402,
0.444069521481682,
-0.690220152547679,
-0.822847811745983,
0.832779928825790,
0.426451494984738,
0.925063778243756,
-1.21877423853500,
0.0292213249745659,
-0.0573881889775354,
1.83847644809291,
-0.390486833314289,
0.194104145064792,
-0.0139628102953907,
1.00830243091288,
-0.205304982966695,
-0.391212180054591,
0.165528604640485,
1.35692794386559,
0.892744229473259,
-0.394291115749937,
-1.04373813000395,
0.585199139542386,
0.712823164425363,
-0.209624873499505,
1.20399351131393,
-0.269423139178333,
0.271856002892650,
-0.368070401612350,
0.408533093063752,
-0.0360793370703217,
-0.0581790572970180,
0.322837875142475,
-1.55227596322699,
0.792696401471071,
0.830083372813530,
1.12917346808823,
-0.0888115116761305,
0.640054877710400,
0.516312355118168,
0.406459531497093,
0.714839564087841,
0.127317362838028,
-1.09823534682258,
1.62535981175845,
0.491891937131078,
1.44321066938178,
-1.78382757577689,
0.503040234637967,
0.357519280896707,
-0.106126541901299,
0.314025320837956,
0.127302788659497,
1.09584881908623,
0.560389137486988,
0.906567184860414,
0.338270815374917,
-0.706839318299709,
0.0890504526512507,
1.25601419892333,
-0.971052610503175,
0.164121919400476,
-0.754293265555593,
0.00950512392817598,
0.649877390889206,
0.0804667316838935,
-0.609129465899400,
0.313311857445238,
1.04240196485666,
0.116171524362696,
0.0393376582978962,
0.476834356386476,
1.36500327339092,
-0.480577625222748,
-0.763705992492746,
-0.0833741707100803,
0.737587547500105,
0.201137716894271,
0.252388095941119,
0.484829506350341,
0.324688659476991,
-1.12634376504975,
0.333030270184835,
-0.681763107702883,
0.228428303477122,
-1.02261654613635,
1.07018334008275,
-0.951587212282861,
-0.337960357672663,
0.651513376489123,
1.55583957264251,
0.197467029381502,
0.308020562635988,
-0.472868174773572,
-0.178448505922383,
0.526061382795460,
-0.282834872133714,
-0.485358241943649,
1.10894728301684,
-0.536303550829860,
-0.625265228886483,
0.580698096406944,
-0.946053123775521,
-0.316485747703453,
0.949712477738483,
0.288620079132323,
-0.398425910478324,
-0.119872664375749,
0.448754252789062,
-0.00806321372866648,
-0.453721307569081,
0.694836436343611,
-0.168209605065380,
-0.421561395352219,
-0.636668832082304,
0.582264344775895,
-0.353531499573912,
1.61080761645129,
0.626209526581653,
1.19682711688635,
-0.881010823909596,
-0.754223764919423,
0.147101411584057,
-0.713143202755341,
-0.267217783867287,
-0.375217951627355,
-1.22341062939575,
0.569370154126022,
-0.177053039829696,
-0.297097449679939,
-0.851961777196920,
-0.354834991124490,
-0.143265171349249,
0.980842718347962,
-0.153973083682022,
0.629209321904857,
0.265436395011940,
0.880740889100292,
-0.184218284657721,
0.237735788309185,
0.110768909964458,
0.929148717576442,
-1.47283205313187,
-0.306605975777835,
1.21836277190176,
-0.468816072817434,
0.472315995611771,
0.310938446102688,
-0.552430309295326,
-1.10876652210125,
-0.703271682121618,
0.489542002960721,
0.139661543690317,
1.01284892341089,
0.0251592100900787,
-1.16230354191709,
-0.475685541830953,
0.0671892308478902,
-0.498794317107704,
0.619255195349763,
0.165642927876420,
0.204763062600224,
0.910676409833789,
0.416672370673998,
-1.31694078380084,
-1.12302661249466,
0.715601903461050,
0.724516354690787,
0.282920463651530,
1.17724778964769,
-0.842531800751890,
0.117287836286179,
-0.243349213763605,
-0.458275002392068,
-0.350680057236989,
0.847203289214052,
0.285984720353505,
-0.144727491361390,
-0.592479663122096,
1.11295820073568,
0.178535745878285,
0.301935806121785,
0.210450848017689,
0.662307178233373,
-0.553831260022909,
-0.754112498428641,
0.968970039149672,
1.70329234653639,
0.433320866644694,
-0.484480097873241,
0.566083916496956,
-0.363751999368209,
0.441229254681608,
0.922830843406440,
-1.21659689792373,
0.463158130266883,
-0.673534181574045,
-0.325898342827752,
0.922065155201427,
-0.774130360484131,
-0.532397719528959,
0.410362848686568,
0.177802332376972,
-0.107234248348726,
-0.615000742339089,
-0.0136639740918073,
0.779099868440744,
-0.245484150108398,
0.821188715751665,
0.511201366993318,
0.901411676632929,
0.471554690879688,
1.47958559714823,
-0.186550198816075,
-1.80239907879161,
-0.464672493069629,
0.503626074376956,
-0.716355006972403,
0.318884872839999,
0.400016556165689,
0.576389895494843,
0.481862995546619,
0.306021990355612,
-0.686855615683503,
-1.73565627886964,
1.15545203881951,
0.355776347218783,
-0.0895783771033892,
-0.588713986930943,
-0.114230857755018,
0.0675097804354063,
0.293518689707351,
0.344266581968049,
0.798093422263110,
-0.737208914583863,
0.940012144522459,
0.173531396759841,
-0.350596710717870,
-0.618939631744128,
-0.522087156776931,
0.151700312756191,
-0.0782326174200684,
0.907081381388975,
0.853912611648628,
0.200307687035869,
0.346438694170575,
0.828050137713978,
-0.196519596161865,
0.232618413456018,
-0.606827047046575,
-0.344719478649195,
-0.619045975691154,
-0.367693277567653,
0.622606106975239,
0.256815473999818,
-1.54910305143243,
1.34675695207591,
0.693858581123281,
0.303774428942760,
-1.55958310306633,
-0.455994133373970,
0.0882331749932161,
0.792293499599428,
0.369032745213513,
1.27776320497810,
-1.34351044702506,
1.32499723162370,
0.606128749348788,
-0.333866757335923,
-0.172645173680714,
-0.935259588237314,
-1.02522941144799,
-0.170327742886299,
-1.24424304007866,
-0.345953453893724,
-0.405719957500335,
-0.463940008890528,
0.416574386323846,
-1.00356342543430,
0.00448283914061376,
-0.339920321067807,
0.386436744274111,
-0.692119953752477,
1.09718146656243,
0.0934847822157519,
-0.609468777171736,
-0.752753833568107,
-0.289102225951205,
1.34345065501970,
0.281605915750103,
-0.732750593080661,
-0.332598370615157,
0.809068800634220,
0.703305788514603,
-0.537311612877562,
0.353151791990610,
1.38703302228066,
-0.105304416500293,
0.429920211341903,
-0.929789737990655,
0.439925372581820,
-0.134591000615056,
0.0909290617436351,
0.388237435237999,
-0.310238647278987,
-0.450752991378204,
1.18464253718484,
-0.106907285143090,
0.231420530198092,
-0.0682214137030973,
0.103193611305635,
0.791688214701745,
-0.0618182139757741,
0.747694476379106,
-1.01431654057930,
-0.370281753689412,
0.503020795701410,
-0.458815829267372,
0.319525024514789,
-0.0836579556647959,
1.25019093461029,
0.843543784907231,
0.144695469254649,
0.0421555323898466,
-1.20906844691546,
0.423004591427507,
-1.40186415967701,
0.539993428009164,
1.09700504958920,
0.173683068544189,
-0.747168246179417,
-0.626339248939629,
0.172075668249198,
-0.341870725316471,
1.53880444510351,
0.380608655368562,
0.553709377852267,
0.534515203613244,
0.838208480665929,
0.717432916717816,
-0.203951019397770,
-0.0778745243544748,
-0.792322431975840,
-1.82939211371273,
-0.448738708496732,
-0.0514683251608655,
0.202720475837088,
0.00287467961751163,
-0.985050688488156,
-0.760112615873401,
1.15810501440520,
0.305595038429511,
-0.879264946140192,
-0.550273117726666,
-0.538169160860698,
0.428182986362804,
0.554745684092813,
1.51219588085228,
-0.105241480520995,
-0.822757783952175,
-0.881818974161254,
0.0288022640781153,
0.369561555102324,
0.106522764385130,
-0.0648806905775944,
0.875586957778785,
1.42120731832973,
-0.0585473833211509,
-0.410728755000472,
1.25866300860788,
0.109665685746849,
-0.327298516070394,
0.608101390275481,
-0.318104105627418,
1.11963586711956,
0.210962467588356,
-0.579818544017878,
-0.281385798858972,
0.0277321492261367,
-0.209483592123988,
-0.237360768058108,
-0.538953155065180,
0.110742429571559,
0.118445881650599,
0.211986694519276,
0.369238487743146,
-1.08190453575865,
-0.473880388234626,
0.576537924797446,
-1.53699977790962,
1.04475571707498,
-0.278881786115753,
-0.277028225021050,
-0.140280525685629,
-1.19275814929319,
-0.988310245840038,
0.187837839051180,
0.202512972566671,
0.122239050327004,
-0.455153309013868,
-0.630055439184075,
1.46080114345585,
0.0212825863123557,
0.0266303594859454,
0.208836599400657,
-1.62468071189381,
0.551702592036720,
-0.0212260426294275,
1.44091185448439,
-0.730717468769500,
-1.01576673608085,
-0.653394329368435,
0.585881125094250,
-0.762405734541684,
1.63128460389173,
0.543586478929822,
0.841826992964458,
1.14549047096553,
0.121097431853121,
-0.594609577265815,
0.985732092646561,
-0.869743751702162,
-0.975971941507741,
-1.07095330238771,
-0.00223268808371129,
1.01486473537616,
0.607167382989169,
0.0142822210635792,
-0.111056769049538,
-0.541116566036479,
0.102187963177346,
0.379425616323809,
-0.348513217483872,
1.30325905836004,
0.293625657505628,
-1.09675584911797,
1.28095952240069,
-0.867651469770851,
0.772870675472986,
-1.01884768038491,
-0.101632863558326,
-0.727619524297542,
-0.0660015550111814,
-0.524525167264180,
-0.592498777427053,
0.0894550111348489,
-0.472354616144288,
-1.36496480350814,
-0.609650162511214,
1.32218034562318,
0.100852147107732,
0.273954006680645,
0.489991317622169,
0.254051288450455,
-0.251481227964096,
-0.544493505397163,
-1.16623832929372,
-0.436992415378314,
-0.0130993816829167,
-0.498963695379582,
-0.117073711834014,
0.334342817382572,
0.157373149907076,
0.0391173229359953,
-0.476557076949013,
-0.274828910559731,
0.446886653813093,
0.548977590751139,
-0.855190986535788,
0.729091550615535,
-0.918337117915091,
0.0211289378753546,
-0.114125728925115,
1.36181920815118,
-0.104909259821548,
-0.360238349592240,
-1.09308513886559,
0.481799240844951,
0.207591631042213,
0.896303033045736,
0.301580318669869,
-0.202772717279277,
-0.928434273066501,
-1.30782240193658,
0.112562783640375,
0.623224313968698,
0.151644603715524,
-0.720136758708983,
-0.198742510888813,
1.02637356220097,
0.237650120930200,
-0.548898477172197,
0.101755294428110,
0.333405627360370,
-1.01586336730154,
0.0819906197673208,
0.688057302702440,
0.370314178533289,
0.0148771142117863,
0.756328585867505,
-0.635587956435028,
-0.0552327398912775,
0.311857389266511,
-0.291720712619049,
0.397591398650300,
0.839218632583876,
-0.538206067787960,
-0.222358806185980,
0.320809010147266,
1.06851745256595,
-0.680366117977059,
-0.971076471335243,
1.35842767870367,
-1.12357319435486,
-0.433750142455145,
-0.835571432997215,
0.356205535567544,
0.456556552540229,
-2.02260742178601,
-4.41441280110858,
15.7959685246555,
3.97407766984104,
1.03034459567018,
-0.779827552655162,
0.217353276764052,
-0.160600240748699,
0.786996767031972,
-0.435880644579757,
-1.63599228394836,
1.93466309104063,
0.561251091373884,
-0.807724454219788,
-1.77731358434351,
0.0509986842751351,
-0.679380989059232,
1.15787740994125,
-1.20325545044794,
-0.960935214186060,
0.575372072519908,
0.0723263801824581,
-0.326593362232584,
1.13572083981069,
-0.376179002904208,
-0.223027857480030,
-1.03561150198275,
0.0875551080753276,
-1.52639951736277,
-0.136704297517470,
-1.19764101905130,
-0.251201388746734,
-1.38307006423784,
-0.956374721694138,
0.163718810406910,
-0.905689820220090,
0.0636982246456722,
0.369636343389712,
-0.0848031068489446,
-1.39155351498950,
0.0571269553667284,
-1.08006413250447,
0.376614008661831,
-0.692294965733118,
-0.284601967755379,
-0.341706888842979,
-1.27846012724962,
-1.17033238893786,
-0.826038806159296,
1.40572142838341,
0.424905601183044,
0.214478516017370,
0.440211098365446,
-0.643687300361204,
-0.736335735624827,
-0.397471043347839,
-0.155854006299484,
-0.249595051641291,
-0.511007945751160,
-1.27926160482711,
1.15580720963117,
-0.705018188768617,
0.442239494546988,
1.04997885249288,
-0.265879217120510,
1.07043287622947,
0.705248397597781,
-0.419215922265960,
0.729813979497494,
0.763781200210964,
-0.876875830337311,
0.768689269349001,
0.861393195295027,
0.944757264358385,
1.13320043741064,
0.479174855782238,
-0.851030433987257,
0.577338834392589,
-0.891674256850636,
0.416066913703566,
-0.616676189480950,
1.30375472705753,
-0.113716981324085,
0.546087402594637,
0.664099611992941,
-1.05701552765170,
1.22012619287398,
-0.562568575174085,
0.589396547028114,
-0.542653531551446,
0.547742916996621,
-0.165560257083794,
-1.07898093810627,
0.681537876912578,
1.35502983403801,
-0.732249427751406,
1.17049992956818,
-0.233511689030315,
0.713520681030399,
-0.233106539617898,
-0.0597350332936073,
-0.0736188342812320,
0.360538444729629,
-0.0620059306102964,
0.586064706169057,
0.672755102239641,
-0.874968736966629,
0.115891541576392,
-0.176991828850705,
-0.466774932354472,
0.219848945152285,
0.773070779454953,
0.0272168607931571,
-0.396712397353927,
-0.419696211319523,
0.202498099560002,
0.470894569587937,
-0.460032438158960,
1.17899203054213,
-0.174556822246753,
0.508012780118015,
-1.02865972140201,
1.38769698756483,
-0.247563613417054,
0.563190054133064,
1.40253538164017,
0.891360164769554,
0.306758355048110,
-0.692622089407084,
-0.869268561446966,
-0.334640879161551,
0.848610939156052,
-0.0654882444437748,
-0.425323741076020,
0.996226772142424,
-0.927843582365504,
-1.29335070740908,
-0.327680998961371,
-0.267306450696197,
0.355052692183268,
-1.44912560649796,
0.122510207003340,
-0.874835482905127,
-0.246397180902053,
0.0194748640599717,
0.744764657629122,
-0.647700446790649,
0.594215457302128,
0.286358114090438,
-0.0578183047863392,
0.375713019250315,
0.661478698747841,
1.04068166392775,
-0.0467219095707983,
0.353172774637931,
-0.398368803559187,
0.626116439732147,
-1.04727866511267,
-0.897863465077502,
0.0830534129554839,
-0.501291831309417,
-0.694365801355412,
0.404280134305564,
-1.30951456119920,
-0.264119505766629,
-0.181123620968507,
0.898445252860429,
1.34361048311782,
-0.456264015776847,
-0.892313874936199,
-0.635028131523859,
0.971064942879409,
-0.0395588006560583,
-1.26428286947303,
0.524762678127199,
-0.763122931896795,
0.240537000649258,
-0.241096411994207,
-0.0766563668596537,
-0.822525754725088,
0.258720557528491,
0.627506398796497,
-0.192891685492195,
-1.05187293125651,
0.281370579163951,
0.368175117730573,
-0.297461928286686,
0.00315854517782044,
-0.0608813217199374,
-0.281671638307947,
-0.627599279323286,
-0.180607967407940,
0.842655517694358,
-0.111490428557299,
0.583486093530864,
0.288361820158246,
-1.14811306678444,
-0.778901941681795,
0.215831908372937,
0.0803782420843304,
-0.557682891460936,
-0.837179840697269,
0.0352803196791370,
-0.510881465718376,
0.208519795931670,
0.403056976744071,
-0.0990777580859133,
-0.0594076681466166,
-0.715272867718652,
-0.582633128581334,
0.396954324770792,
-1.11447185539363,
1.29584359557590,
0.173841103614950,
0.293977488731967,
0.0350978808369134,
1.28013957425549,
0.253961927512601,
-0.593671735791897,
-0.103335029657116,
-0.947818628966102,
0.945428806673341,
0.136517078374688,
1.01688063354398,
-0.488512451394228,
-0.526001932012339,
-0.267429409596918,
1.09534171824605,
0.993007556422398,
0.273960965082720,
-0.435042614090217,
0.948457071122848,
0.0181081482264127,
-1.16837798375972,
0.374387873191590,
-0.0820836412244143,
0.599685851758561,
-0.797287080237687,
1.25742781254360,
0.620970781287204,
0.187227445894086,
-0.876356923221381,
0.286217625575974,
0.197181246407225,
-0.173546390275455,
0.541261296884468,
-0.311237573580613,
-0.362384278881056,
-0.245587636997365,
1.93042267058802,
-0.199435052760671,
-0.306444828467741,
-0.501529691091191,
0.101363112532980,
-0.315016553940618,
-0.0916908321614898,
0.195842100622076,
0.0983658452750125,
0.00266882622482038,
0.0402942785373918,
1.55099517100398,
0.240531848681030,
-0.557527857519165,
-1.22921106854604,
-1.17573083219776,
1.12410773370159,
-0.981347318709115,
-0.540210539921883,
-0.0102622943047846,
-0.284564164007374,
0.592982917092029,
0.613032994024253,
-0.291154873312155,
-0.488017114183940,
0.00320983261679481,
0.288448983188828,
-0.954396950249696,
-0.709245990620186,
0.0684579953224551,
-0.473919404979574,
-0.0909825908153972,
-0.0577205112021750,
0.195287602760252,
-0.112004724963634,
-0.671057009813940,
0.814969769634917,
-0.867646735324620,
0.169003772884876,
-0.735369214353385,
-0.919881127915417,
-0.420225630883409,
-0.131489587592267,
0.684389534040059,
-0.171183374317722,
-0.296205765556452,
1.19898775679997,
-1.12676283283772,
1.10315353585460,
0.289472377438253,
0.170758568253454,
1.04599167164382,
-0.232224249973279,
-0.637437647774871,
1.27531659656086,
-1.06341671925796,
-1.07576477077364,
-0.527173887504245,
-0.789381607736977,
0.519881731884709,
-1.14847105635786,
0.706586693510335,
0.210941097589734,
-1.52006901030487,
-1.24310453777682,
-0.422985443206943,
-0.614394244490087,
-0.295783883393260,
-0.203220696896717,
-0.675974601261225,
-0.289652961734558,
0.216115398771066,
-0.282409738426266,
-0.350878878817310,
-0.0181138926927235,
0.734274558919077,
-0.657751458933479,
0.430350487124038,
0.319337716986503,
0.857024026004749,
-0.0907365008289350,
-1.92916794729166,
0.816736833065612,
-0.361378463735024,
1.30109387938072,
-0.673049415181728,
0.0493846061740779,
-0.425464659467648,
-0.375667088234067,
-0.419398182933854,
0.527436751464235,
0.631139113165421,
0.481407979985446,
0.683225683514272,
-0.718955276928171,
-0.112978652263055,
-0.978852638096922,
1.08573945644000,
-0.407208603169201,
0.574365144436263,
0.643393008709223,
1.58795933263211,
0.395762399766274,
-0.632413778303109,
0.224753736290280,
0.741705985292789,
-0.884258034805924,
-0.503900591680502,
-0.0655184448890995,
-0.829388118766391,
0.264873702667681,
0.182312823347281,
-0.102838168846892,
-0.871506527112093,
0.229490056022523,
0.855582211640391,
-0.171950368167111,
0.580745766758667,
-0.492162069909280,
0.426324948235542,
0.950780638411039,
-0.264946374976699,
0.925537774603678,
0.644256125596731,
0.378102612007444,
-0.176991981673233,
-0.858512718796676,
-0.212807246468948,
-0.327134935477395,
-1.04298641355785,
0.829244478601245,
0.0887932765809667,
0.408205101116722,
-0.353827982136662,
0.431595232447964,
-0.663081900925371,
-1.35316374774365,
-0.302385424929739,
-0.248035859303471,
-1.17645895982612,
0.00164329123226125,
0.224848188462871,
1.63975837407915,
-0.00847368870189236,
0.0172480559454184,
0.220328508057604,
-1.76976842437696,
0.614553560951180,
-0.0945583420878415,
-0.0498788600456272,
0.687724575107014,
0.368011545330047,
-0.0680566715108727,
-0.0113036910696508,
0.104915493179145,
1.06350234612551,
-0.000344151433966300,
-0.877217087652149,
0.104447556191173,
-0.179970364905449,
-0.403545012336025,
1.04616386009345,
0.578598047378451,
0.602327965189275,
0.553320487850930,
0.284527114868748,
1.05928224414262,
1.09948140659388,
-0.645628847409665,
0.259009164595791,
-0.130096980012706,
-0.142193895466671,
0.647153107368530,
-0.532703815770720,
1.09667161402995,
-0.905133635627693,
-0.999694469115868,
0.202551299475037,
-0.329405298176564,
-0.00913635536848901,
0.627970390308926,
-0.657090513633699,
0.00647903321458047,
-0.775454716872870,
0.533837454961271,
0.531025871063912,
0.225619174059198,
-0.439510883951649,
0.589572713324945,
1.58823425892654,
0.353801700081226,
0.203269735338598,
0.960158151782759,
-2.00870346943296,
0.922679472086535,
-0.873677317300047,
-0.0874498651023529,
-1.16201352881777,
0.757512148785783,
-0.165399146024293,
0.578627381929743,
-0.541515714059446,
0.540328745096770,
1.59021168551166,
0.975371124441313,
-0.303264833529740,
0.346655697315621,
0.954388562239625,
0.546319045673818,
0.922449483691817,
0.896021956252782,
-1.07931826195853,
-0.318864739659078,
-0.670104696346132,
-0.633266302362262,
-1.25348156625756,
-0.212000931724252,
-0.522007506045888,
0.556344233473033,
0.995334094220113,
-0.0491484120614909,
-1.20642806985533,
-0.654153361441530,
0.578653844882511,
-1.57074539484882,
0.328441824882195,
0.107512508048000,
-0.453566048505802,
0.274229780901990,
1.32327794834098,
0.295897867845480,
-0.184195612396167,
0.216763928008464,
0.860636426934233,
-0.292553358236301,
-0.918679889706389,
1.07539650412073,
-1.20773860590353,
0.192352184934930,
-0.0674402153248127,
-0.328546960277324,
0.344509259498184,
-0.959351873603969,
-0.0135933834823610,
0.228001326537763,
-1.73171588720667,
-1.50193040214989,
-0.0556391627723689,
-0.953508993902482,
0.419215538268687,
-0.333239011003602,
-0.482259527054373,
-1.72168160491325,
1.32095669586980,
-0.725279719428367,
0.346938422000315,
0.315625967919689,
-1.59361678835893,
0.667885987243712,
-0.333197891125424,
-0.169369836023839,
-0.943563702176246,
0.00541512565013834,
-0.311363533084697,
-1.15560149895454,
0.627911792545535,
-0.181682865986105,
0.409667523589383,
0.834024870962486,
-0.297834622312461,
-0.288775477675904,
0.0382888561769983,
-0.0615008279659434,
0.902215635500180,
0.305424039117311,
1.16517668848896,
-0.149743346352092,
-0.282770319542771,
0.480436294202047,
-1.17379275430116,
0.376305135466069,
-0.502935912432537,
-0.00299050770881831,
-1.04746493274553,
-0.524653865856784,
-0.398668044657246,
0.645688051454161,
-0.0365284810207679,
-0.266780125428911,
-0.615842699134029,
-0.141224563132048,
0.511020187842212,
1.25551643849546,
0.356796179556250,
0.661421157166405,
-0.738100789512969,
0.664328150621351,
0.685578703047507,
1.50743187606345,
0.136751256379373,
0.528958852130288,
-0.496341096813357,
-0.133979806969337,
0.204655261638296,
0.344281081925700,
1.48914740473321,
-0.231645661693059,
0.378092634827000,
-0.459050884253506,
-0.404228103710072,
-0.469204136515600,
-0.585080609271887,
-0.0529128574180291,
-0.944007945169835,
-0.125319773033008,
0.115775307298139,
-0.804134717232821,
-0.178078545739137,
1.50395938564268,
-0.558383095634167,
-0.823522266887803,
-1.16749065767970,
0.0264927029746067,
0.930812542784248,
1.06566170023553,
-1.04763875990671,
-0.415732967658878,
-1.26940435703015,
1.95008115006776,
0.590102748450651,
0.259631822728973,
0.240633090780961,
-0.369480459116098,
1.30819065315428,
-0.807414201475426,
-0.517298834970295,
-1.01815854495511,
1.61735530494481,
0.720918664425357,
0.510136730607125,
-0.891004621210521,
0.121405534127203,
0.177588684764925,
0.427536108061721,
-0.399891375400017,
-0.194913725808962,
0.519441887461084,
-0.493707990159173,
0.107500495730466,
1.11223884115072,
0.314580461912340,
-0.00856579226272669,
0.236773690812525,
-0.624803686053192,
0.177946373909993,
-0.0927607688803721,
-0.273452209904935,
-0.147285457105098,
-0.480529259509252,
-0.0414476817737667,
-0.387838941416979,
-0.444826695005414,
0.642521745006935,
0.343086185376079,
-0.720553375171195,
0.406287651160623,
0.0845942270174706,
0.937580431992270,
-0.715278151832570,
0.518038691365203,
-0.435116755004467,
-0.0411688891495842,
-1.09840097780285,
0.310102162343829,
0.0116182141470220,
0.392960279937984,
-0.292197498027657,
0.904745439290696,
0.702637528360184,
1.03483319721987,
1.36214863455134,
0.291944373703554,
-1.67440546284515,
-0.488903806120555,
-0.724247886774846,
0.367113676180520,
0.809381622603304,
0.326619406974619,
0.810845634263793,
-0.414162562386999,
0.843059993417656,
0.454638248474602,
-0.289209386434671,
0.158577539635064,
-0.102186030877694,
0.694989547389705,
0.965429598795220,
0.620610858057011,
0.150183890199640,
-1.11744958147323,
-0.786533713890616,
1.40524030777333,
1.16205668583119,
-0.733130956198582,
0.105338727115342,
-0.815537376783599,
-0.354397204577616,
0.761788880074166,
-0.872544663984380,
0.555354441504091,
-0.517596080005383,
0.0128473867148918,
0.420409578338609,
-0.785084454969163,
0.491769390742707,
0.914346153485665,
0.286652474064822,
0.374312409870462,
1.26137180470340,
-0.370810371326966,
-0.0467168641077526,
-0.267701439840207,
1.52963040377128,
-0.676094218325745,
0.0217799813851450,
-0.654414302468959,
0.132093395946232,
-0.152381320574586,
-0.565256336795158,
-1.39672879731803,
-1.29073104934530,
-0.470991985473584,
-0.0397406538375026,
1.34854150991740,
1.06657614464623,
0.245948360766446,
0.347811159598590,
0.257053854159789,
-1.09084016120607,
0.634407249272538,
-0.546709436591972,
1.13574998680218,
0.0540230051765508,
0.497410149514766,
-1.13954040900760,
-0.306922877214585,
0.457561292743225,
-0.645686230685510,
-1.15301613660146,
0.808945030416722,
0.243285885824081,
-0.143807691514252,
-1.07114923091618,
-1.15217424427781,
-1.39752329790889,
-1.70194480449082,
-0.504637021590101,
-0.116694850833153,
0.360492646945817,
0.108978872212985,
0.926694623644816,
1.57456972142472,
-0.697950660884064,
1.06335417323188,
-1.51846777228319,
-0.0715461540374522,
1.52068611033916,
-0.0618076113375461,
0.935023619610010,
-0.308829542658425,
0.571344888667334,
-0.191115176043631,
-0.784690409727779,
0.234925954038269,
-0.0680215133342247,
-0.580896321268064,
0.739544133590128,
-0.492873586361747,
0.608825915054656,
-0.664824187628140,
0.955257470162740,
-0.322735195850459,
-0.610969978128850,
-1.14899229471244,
-0.0563666935021765,
-0.758944175597429,
0.133865246421554,
-0.0754640764651238,
0.573254684371137,
0.863608987393912,
1.05786320918180,
-0.772708582308658,
-0.546601435361444,
-1.13683182780713,
0.920228553227037,
0.651467912390454,
-0.595774120634959,
1.17352223504750,
0.775487466677654,
-0.879466487540623,
1.71548300640674,
-0.0215339808853572,
-0.826926650451946,
-0.162467070284364,
1.10848071908751,
1.06058347078073,
-0.558641190467704,
-1.04900634074992,
-0.289022710295433,
0.589410158118748,
0.559347839507364,
-1.20768847661335,
1.12815026457990,
-0.516825988792156,
0.729844899961517,
0.170279103633970,
0.283235095245057,
-1.17025067113813,
0.878478956198826,
-0.820952094609325,
0.365494576884291,
-0.717690155026712,
0.296543680308734,
1.54556906430926,
0.740490494503407,
1.32604472730514,
-0.474402274749623,
-0.131754609954167,
0.767197262269675,
0.902738214066497,
-0.771333428917169,
-0.568588120936770,
0.207666433469176,
-0.129715441642089,
-0.954371986226432,
-0.180831539372980,
-0.411418680069874,
-0.883769078397890,
-0.713425820228299,
-0.956390192066958,
-1.03094412243860,
-0.400677109932680,
0.601654620419236,
-0.423147774675063,
-0.586183073589167,
-0.836503836216498,
0.585618063560008,
-0.418545620901102,
0.663437758488924,
0.886177589456906,
-0.701391851455142,
0.274697363836256,
1.06693215625192,
0.741740170463907,
-0.469496625194695,
-1.06872301980117,
-1.43332190501527,
-2.26459921367085,
-0.198109835686241,
0.256100550322285,
1.07927632669433,
-0.927213296711467,
0.0249750300515417,
1.50051398027958,
-0.855265061685242,
0.458667973410835,
0.853401480920892,
0.472044698625579,
-1.28316195737386,
0.0681664589968027,
-0.956738439285262,
0.373990259936692,
-0.695838461029024,
0.518767838422259,
0.471262573167196,
0.864479920970152,
-1.09917215305252,
-0.257717131719590,
-0.0436845081726060,
0.491534391004832,
-0.123051826788240,
-0.447457066113746,
-0.423012933942154,
-0.481830800374926,
-0.720097261760135,
1.11001015274598,
-0.861928827209414,
0.560785626508057,
-0.748449598881124,
0.124709532732063,
-0.865899924094664,
0.717183416317627,
-0.486401599516686,
-0.880696136839858,
0.188172632251531,
-0.814981247145396,
1.23035743789131,
-0.315786866054541,
0.0437096807192119,
-0.120528833369014,
-0.428286185898530,
-0.163677314690724,
0.147102408215711,
-1.04303653252549,
-0.141628646339416,
1.15232087502641,
0.0906935924030571,
-0.672773967425434,
-0.220730364671124,
-0.640076322739228,
-1.02932418354398,
0.203955481159368,
-0.171117390808037,
-0.539485942853332,
-0.838366261682239,
1.03169155589465,
-0.334312249733727,
-0.533581341880498,
-0.992568001483932,
1.10837294125983,
-0.186990351544039,
-1.49569011186348,
0.568410155967773,
0.0861444847353448,
-0.0221617377706343,
1.71894134723352,
-0.505109970584325,
1.07928738514717,
0.756877042226506,
0.289958300022518,
-0.402231553167768,
0.401205657828769,
0.0813788900756537,
-0.718471526962462,
-0.322802487098212,
-0.644444947086198,
-0.106975069567402,
2.10867620114575,
0.806360379774721,
0.0529315859618831,
1.53213220025016,
0.601969404749861,
0.313876598423724,
-0.180990839934434,
-0.911363356131220,
-0.266398025180105,
0.176475699348455,
-0.319757160794285,
0.101115827168929,
-0.310201756080023,
0.543166219703317,
-0.701681608884181,
-0.0903917853420369,
-1.10832563010198,
0.00383012617516551,
1.46641222712329,
-0.314868584080671,
0.209916711491717,
-0.694747791491469,
0.322558120017910,
0.502955896103396,
0.0234473679645121,
1.12372544030432,
0.295133952420353,
0.0135157567132728,
0.936171357287171,
1.11233005529898,
0.299866824461939,
0.585626810614926,
0.0203249187680491,
-0.915807930843082,
-0.272299830512967,
0.802315088288448,
0.683275143565836,
0.961726006197808,
-0.320407763716417,
-0.272407468553948,
-1.41578816445215,
-1.02059289579422,
-0.646928028152608,
-1.28375698584990,
-0.254678586919753,
-0.623787906550716,
0.0615670562856595,
-0.289536592615343,
-1.31902372703457,
-0.183105675455127,
0.212342346503644,
-0.682423465674455,
-1.12992570704029,
-0.484391735394409,
-0.649691303341708,
0.628357156802443,
1.59385896826692,
1.45910806410044,
-0.190371909564032,
0.524483950483006,
0.0898689948624246,
0.837842055467620,
-0.250918928045703,
0.597502098191735,
0.208122157268958,
0.416014617009225,
-0.133850650655111,
0.116091531176898,
1.70072397986459,
-0.573646099795902,
1.04658245693072,
-0.372420562453080,
-0.439143022515803,
0.977101426092876,
-0.395993452471136,
-0.0583127922943077,
-0.201628238714854,
-0.721770029885471,
-0.363510582756141,
0.714640977538262,
0.495510915789089,
0.550754385688517,
1.00678573556464,
0.867806352532280,
0.135634221988275,
-0.116559033666775,
-0.589782164065935,
-0.504042703338647,
-0.978175037693411,
-0.195323168853396,
-0.110803436214081,
0.0367904326074921,
0.543510877249634,
0.140613512151846,
-0.165450024507150,
0.135904217637645,
0.481259544230406,
0.468977485654723,
1.19874826172894,
0.0555126337649256,
-0.884196725514297,
-0.265336927482662,
-0.440966768487481,
-0.391402620672556,
-0.265969355140660,
0.556058542458038,
-0.420132181301397,
-0.837580949646818,
0.173925440870902,
-0.105878421297648,
-0.672266269986888,
0.523854957141942,
0.121933683477195,
-0.244904575810847,
1.02077457190767,
0.616700862756546,
-1.35437772234380,
0.495530256662317,
-0.407248111942952,
0.897068798041421,
-0.104715607352368,
-0.350192047815284,
-0.710249494294045,
0.518275693611627,
0.615768522641047,
0.667650287091466,
0.0575383394875850,
-0.211521765522559,
-0.633453912424526,
-0.857604900729401,
0.393122391193127,
0.246688271562644,
0.814015365713171,
-0.344881576223839,
-0.0728748180446925,
-0.481360422371429,
0.350823622755428,
0.125187115722598,
-2.36228763917234,
-3.62638983911885,
14.0740164817795,
4.63427180206418,
1.01669785324664,
-1.28743643957622,
0.340008676518072,
0.226942458725344,
0.230857528255269,
-0.739116573587647,
0.958054802065717,
-0.146406826575299,
-0.582329807128970,
0.682764137927590,
-1.43779796011906,
-1.08724310906925,
0.520713260357463,
0.124271355456814,
0.469041931257926,
-0.166975373869311,
-1.22390284908978,
0.0368360974807412,
0.160723066799202,
-0.481430189522850,
-0.287042083375180,
0.221065459225536,
-0.566712141634795,
-0.268199549248545,
-0.00538858664727509,
0.0236668222128831,
0.400358949268498,
0.000467338263260193,
0.786460675440929,
-0.169755085610298,
0.0734448479445420,
-0.784108798898490,
-0.603471850814694,
-0.149490562451452,
-0.626603664514943,
0.234552489040741,
0.697729108321565,
-1.40963541327570,
-0.681727325011711,
1.32251985210775,
-0.974877357437755,
-0.412452830618538,
-0.426043905179581,
1.02805285463801,
0.533848502636553,
-0.525330346477295,
1.22821419305509,
0.0723935149478001,
-0.0869143482603128,
0.541260261627951,
0.322020489930589,
1.85692777075837,
-0.796707456114691,
-0.728785118666355,
-0.246228938218810,
-0.442264033506013,
-0.164196472056895,
1.02410827302208,
0.935060130872900,
0.878985295322527,
1.03930899957361,
-0.0193356010171464,
-1.00676872288054,
0.601869467827702,
0.621008569802685,
-0.0782752808054436,
-0.753546972910650,
0.548793596164595,
-0.319023945475694,
-0.446212581296149,
-0.510204853663042,
-0.631707818612097,
1.89201841457097,
-0.610702242259311,
0.321133833096992,
0.133191418458187,
1.10041939908006,
0.353737289613853,
-0.321766053518000,
-0.642389652137315,
0.105191994800960,
0.814213983640353,
0.824644214391971,
0.327518575264962,
-0.990430388898856,
-0.828052919162239,
-0.570556305043946,
-0.401571809233995,
0.363514527941227,
-0.855194702484844,
0.870728953736670,
-1.22380499389592,
-1.48254311442954,
-0.0927282941636149,
0.247166540144618,
0.575628968818969,
-0.0982792908044703,
-0.566554966274358,
-0.661951444985721,
-0.988513537174713,
-0.452715446162357,
-0.602817525461745,
0.759530723439216,
0.445632036838536,
1.62755890980824,
0.253349995865654,
0.0498235173403222,
0.154741385697112,
-0.270961317929762,
-1.28319013599949,
-1.31716597669715,
0.153017373074032,
0.483462322078481,
-0.224914584001839,
-0.887683368464037,
-0.619764842228102,
0.563571235744670,
1.06609762313775,
-1.30123615297800,
-1.10456472740413,
-0.538983555607947,
0.0390830437998184,
0.191637985094672,
0.531988741972162,
0.0946154461256021,
0.360847356618435,
0.510421382060799,
-0.199135637921378,
0.925582008312815,
-0.780812032246409,
0.355510864954276,
1.27083633203103,
-0.804705222188422,
-1.37839955288028,
-0.392627225146049,
-0.830947584722379,
0.669353862625230,
-0.752854840921953,
0.262600447151692,
-0.566293474811298,
0.706715585664948,
0.232566076480671,
-0.830925374711275,
-0.00903623945159438,
0.352879034284206,
-0.916078419011046,
-0.452366050344783,
0.364279520073134,
0.380893870022617,
0.308161882661995,
0.971404102922366,
0.641254578324806,
0.709087590129373,
-0.466204816315963,
-1.07298016968205,
-0.965240290702472,
-0.0664606951493681,
2.20900721107392,
0.469143596063957,
0.256184629133450,
-0.934161915646440,
-1.74364751020755,
-0.611902044171724,
0.00474493838752053,
-0.567693700455317,
-0.928384159583732,
0.544823232294613,
-0.745192851971069,
0.233630463405046,
-1.78981915266695,
1.60303755775875,
0.449733451665005,
-0.686628708098882,
1.30160975421650,
-0.719314775609901,
0.333596987812251,
0.178567363920587,
-0.554531154122964,
-0.400949551561683,
-0.258734290180242,
-0.413305212365067,
-0.313042266837923,
0.298218722521872,
1.40319409940033,
0.262764136686830,
-0.980197736794713,
-0.0807151051680239,
0.551902711595729,
0.180392847295093,
-0.125445514274760,
0.242003301622414,
0.784229027402627,
0.431060220896419,
-0.644485313623749,
1.06285049512246,
-0.670692031527159,
-0.917967937876623,
0.793065729819230,
-0.872536869975060,
-0.492516934364922,
-1.58710526671858,
0.495417868506125,
-1.78304484767057,
-0.473130426914086,
-0.0446059882796073,
-0.401692219659670,
-0.394389428923115,
0.753841378973586,
-0.261896094840279,
0.220540891455859,
0.468574201255168,
0.196921044566622,
0.301988033003596,
0.883059111051986,
1.04931313295344,
0.133347807020790,
0.125746447770587,
-1.31727403485496,
1.22122925141701,
0.0164570296086399,
1.68936317666868,
0.719609362308197,
0.409338011309496,
1.28597116671764,
-0.109587799188575,
0.975677820846408,
0.574435023750993,
-0.294682235531205,
0.495402391474173,
-1.10648709097704,
0.196005961588520,
0.947083526450610,
-0.409723269133336,
-0.115304060155200,
0.0787143695828370,
-0.649770385627973,
0.645784363838729,
0.227357667944423,
0.135450347902729,
-0.319599459293381,
-0.422955013102161,
0.810203080552685,
0.505797922832477,
1.88882930633794,
-1.41880999550897,
-0.450622536094615,
0.173164506006364,
-0.127544798546094,
0.896802240661719,
0.322999249632562,
0.499099474385126,
-0.270778744656249,
-0.517429617110247,
-0.497797567086064,
0.150528380313740,
0.902141012384021,
0.495749241593411,
0.113128686024505,
1.01637984273047,
0.677051261281752,
-0.524472037616762,
0.778450619583298,
0.295688466123711,
-0.222997052660102,
0.542170973379994,
-0.418226256606191,
0.363793250517053,
0.840480791768490,
0.373819582389910,
-0.784221177769880,
0.00141390679598330,
-0.436002625334944,
0.437159057571459,
0.781421361422696,
-0.119612722279070,
-0.409343046407655,
-0.0255032279566494,
-0.153570968466919,
-0.316968901922732,
0.179485099010349,
-0.438711603802410,
-1.08492873402031,
-0.0902919976596595,
0.527772377139914,
-0.606221260512384,
-0.632809486142235,
-0.542468212513199,
1.60525841391433,
-0.801895790756766,
0.475414038674283,
0.352918576014521,
0.0545067653565720,
0.183616504732204,
0.383308293785925,
-0.235790510986176,
0.976293277265169,
1.08059422675566,
-0.693032583601646,
0.662845611883371,
-0.389502214626484,
-0.695067233405870,
-0.530381959916318,
-0.318449796176166,
-0.0975556877356239,
-0.601321358949833,
-0.213208130505037,
-1.28705592828511,
0.302603921136425,
0.150382511971818,
1.45685072138120,
0.952176201490788,
-0.468981739128227,
-0.984144090105789,
1.33357591497474,
0.310380701205491,
-0.439069659955701,
0.00866120013901251,
-0.904483623611225,
0.782774103612502,
-0.773355064435950,
0.786789584950704,
0.611766371057771,
-1.05097205840639,
-0.160234108575859,
-0.261891365968663,
-0.576032459351795,
-0.903614192198425,
0.227738325580789,
-0.354972241785598,
-0.0904960644038011,
0.0770572548924696,
0.156627474766010,
-0.265004144819175,
0.570894434593553,
-0.857689569407210,
-0.349855952191517,
-3.00422630097682,
1.33428800789741,
-0.396951149245414,
0.0142584886461761,
-0.951126471861478,
-1.01284357038559,
-0.681991307593058,
0.575853821066466,
-0.191252311837559,
0.867009372532128,
-0.926324994727159,
-0.161066260288405,
1.66846887019696,
0.378600115712552,
0.845897862708535,
0.0888255737617874,
0.0517796858602226,
-0.829514531660675,
-0.0560556268415166,
0.107118635951862,
-0.582573451239509,
-0.421193212491236,
-0.642674723508572,
1.07794244379432,
-0.141705434169966,
0.253593714042218,
0.315546966229703,
0.852677901919743,
-0.761203971956435,
0.845125933172736,
-0.369686630741783,
-0.389922542378372,
-0.462135894211965,
0.457105329673621,
-0.554300421104771,
0.161785801926778,
0.523542552475120,
0.752426095728195,
1.72734119752970,
1.19955445946074,
0.556531887107537,
-0.330677658701716,
0.280788800504388,
0.766210425074380,
0.633291460324968,
-0.666123103797617,
1.58500576128935,
-0.440293345771317,
-0.240376540604495,
-0.704392496806057,
-0.415267437408673,
-0.928126459280103,
0.560449118215354,
0.0522873354630379,
-0.374086508653361,
-1.36088878634651,
0.459688883884736,
0.696137156967338,
-0.621689926903096,
-0.619446069606324,
-0.936803140886366,
0.463298228324492,
0.352803250299080,
0.321170301400546,
-0.704114233719303,
-1.41204465049942,
-0.622736138286247,
0.684554270997873,
1.43325983693864,
-0.511025727155126,
-0.525389501189812,
-0.636070514173226,
-0.542083093049255,
-0.695933550048441,
0.0853819640278034,
-0.717661424113017,
0.620115671891874,
1.09589250742527,
-0.839323700150183,
0.0390018876203681,
-0.301873512032331,
-0.550571442154641,
-0.160785780829557,
-0.912749927281159,
1.32674594636872,
-0.629085515006851,
-0.111784243875517,
-1.58215482007497,
0.410140377228940,
0.549134148819434,
-0.0468341861502457,
0.716292547538518,
-0.346800077214389,
0.0539191994841107,
0.163527539487664,
-0.182794940404369,
0.303734066231779,
0.495927634777434,
-0.545582165143366,
-0.316846028824424,
0.0908611039098290,
-0.995897626291850,
0.175891670800767,
-0.313973493857918,
0.0903224056827403,
-1.44511797426692,
-0.321196782153809,
0.299661364763834,
-0.368594179526256,
-0.685729674408134,
-0.365544012185647,
-0.184266258006478,
-0.816457247856556,
-0.186155740806997,
0.0609990963498548,
0.225916296974622,
0.129522403386450,
0.560834189453148,
-0.873962012541206,
0.490540452555542,
1.16664056573991,
0.574859567329325,
-0.0274325827828529,
-1.50879821667307,
1.25750202898696,
0.210055684026572,
0.302883987154141,
0.412322267445597,
-0.116960384934070,
-1.31191891373068,
-0.175667167741185,
-0.313881390619579,
1.08266656905986,
0.420284845138889,
-1.13384782658571,
0.626572861230018,
0.584765870095967,
0.474126200750714,
0.0510309657468964,
-0.483957538467512,
0.521845001438771,
-1.29694990081563,
1.14089889449173,
-0.255589670810088,
0.164897456027856,
1.08361135293847,
1.05078512711163,
1.19569392279182,
0.378419868538284,
-1.01759446593667,
-0.783653221202192,
0.129718816820593,
0.166755211110882,
0.830564609695419,
-0.524959475823264,
0.302187886180710,
-0.925277791556184,
-1.14094741200941,
0.295649538019122,
-0.823195416440958,
0.578128115827749,
1.15128091155130,
-0.289304748927813,
0.990957864481314,
0.0204398604532646,
-0.272580143876285,
-0.691406834690741,
-0.815508716711057,
0.870508136749616,
-0.218394753815736,
-1.15483916520937,
-0.111208385682378,
-0.482894913595933,
0.441162496440982,
-0.950112351731773,
-0.438594277338209,
0.526962246464697,
-0.788501482737115,
0.357304993721344,
-0.206022925867431,
-0.128423232036801,
-0.391837863581453,
1.18915000024914,
0.295050314818173,
0.541401518618457,
0.434917951558146,
-0.220482102762207,
0.510009441402197,
-0.802565654279025,
-0.555160392262567,
0.485586765014026,
0.145390683251069,
-0.672574570668906,
-0.680607576769806,
-0.766264411146933,
-0.684880400033509,
0.512497325514874,
-0.899831513124069,
0.0971041712596896,
-0.667818780817068,
-0.187906384644396,
-0.519910817137265,
0.523165544262618,
-0.271562063438774,
0.964633241246048,
-0.885975290368544,
-0.222081325195152,
0.999879477458876,
-0.425005758738580,
-0.288745075167786,
1.45118132336837,
0.648482438031035,
0.197938500640043,
-0.291066414604198,
1.12777636014340,
0.492602717455867,
0.0551421258756024,
0.476372613224533,
-0.377945996253147,
0.647567513588021,
-0.344634621248795,
-0.319626824767598,
1.07252287989494,
0.0358323397361117,
-0.509841518232644,
-0.894896994968404,
0.548166077641359,
0.140249153980217,
0.828098181810045,
0.224486732892342,
0.772745234765601,
0.106163784488420,
-0.435158021940048,
1.17794172973857,
0.464154522230562,
-0.834045455328536,
-0.869121275323788,
-0.317569426025524,
0.480684398837101,
-0.523977130370826,
-1.39585242175779,
0.114427125779047,
-0.708330752899752,
0.505976450004335,
-0.564932482103395,
-0.290851172211535,
0.614421085216314,
-1.27843265731299,
1.08519823319528,
1.44769239567732,
0.0381680211165061,
0.00422199522024791,
-0.180738080033862,
-1.44662798149841,
0.355123735417996,
1.22755498753278,
0.633272415975440,
-1.59187683137401,
0.579061483062667,
-0.567996413099993,
0.327104906763310,
-0.746595350608855,
-0.00186813163241984,
0.00276958897063174,
0.119506756444502,
0.494107009723097,
0.332599750660905,
-1.09332575658401,
-0.973743053218439,
-0.661235864379935,
0.351294424668455,
0.323042350699417,
1.17767061696084,
-0.266956830936964,
0.308845177389907,
0.587332415011543,
-0.427097587988204,
0.441505039620708,
0.472902807998870,
-0.110234338420393,
0.243691083510336,
0.115359557326626,
-0.0415531699598006,
-0.133843813670675,
-0.102219736080260,
0.108230762913643,
-0.378350340808504,
1.55088524059077,
1.34686562682533,
0.844944526679136,
0.243731488097613,
-0.222647794002085,
0.402054171688899,
0.0472281253261399,
-0.767115457956474,
0.150503035433298,
-0.230449775381874,
-0.601032152568871,
0.926228164890825,
1.83405672772680,
-0.483933109971286,
-0.217877796430005,
-0.886214879940052,
0.984000446360896,
0.506268731457812,
-0.848725508269656,
0.785065203190544,
1.07185290714120,
1.21393752604051,
0.484789750055665,
0.175431073646331,
0.211765684118822,
0.596495425054428,
1.10722163751832,
1.39258766587122,
0.746203981306995,
-0.472120824668689,
0.914760750365336,
-0.230953061252104,
-0.382408049326274,
-0.774411416528080,
-0.110277193632138,
-1.13637085703047,
0.177041213260673,
-0.203143053123779,
-1.14318457399086,
-0.0377216236662951,
0.882898914924625,
-0.127901232968455,
0.482204086346894,
-0.364866249000533,
-0.543323575310492,
-0.687620176577719,
0.945453775944509,
0.0969569892794290,
0.159465871727743,
0.202800553059532,
0.811514025561113,
-0.110430835256139,
-0.178704537068816,
-0.103445559038369,
0.334521006957225,
0.289111547594549,
0.937310792770915,
1.57814608231219,
-0.944044827449101,
0.0552892837374678,
0.534415142193223,
0.361373317244024,
0.390999098753213,
-0.521132839289071,
1.00951772192222,
-0.648421166291673,
-0.00497087190641688,
0.142443016712025,
-1.34325189422250,
-0.932223925874047,
-1.93857471197342,
0.0211181493957670,
-0.122222463347249,
-0.928858724384103,
-0.373187508779378,
0.159488620492603,
0.856685170524831,
-1.46329134333095,
1.48290485169776,
-0.294864063506858,
1.96352485812115,
-1.00188399710910,
0.590337268573106,
1.43521270593274,
0.179140600225856,
0.658118309272146,
-0.436192059789622,
-0.638327145361123,
-0.368932623773098,
-0.799857678716422,
0.683430758926363,
0.447546006633114,
0.696232186997268,
-0.0299558277824190,
-0.324102688644893,
-0.286213917316169,
-0.472043650663343,
-1.32556941856383,
0.187974294115988,
0.400467481174607,
-0.337370534766475,
-1.07010172758670,
-0.588390480927792,
0.760592371105080,
-0.313663845800806,
-0.156154157139375,
-1.02594377287505,
-1.19410849436206,
0.416118980484033,
0.0346621900350760,
0.628538541956339,
-0.101820834477092,
-0.524365956024786,
0.0747980921126511,
-0.106799728117893,
-0.834848902900004,
1.79640258500699,
0.249712709762476,
0.412863214188481,
-0.864431325288662,
0.428163056771126,
-0.810537226225016,
0.440378333968762,
0.157937018831108,
-0.0876666260930719,
0.779549257265522,
-0.0952494269003199,
-0.566311174203340,
1.10525089113531,
-1.48627469990256,
0.157656086873344,
0.735513424146481,
1.27635557552915,
-0.131324356942640,
-0.469442571710911,
1.23457526281189,
-1.05940782480873,
-1.16613240593209,
0.579391869972468,
-0.0101278271795659,
0.857007190285919,
-0.0302430076431002,
-0.0754161751377918,
1.24331010916834,
-0.201997646798999,
1.04013561039715,
-0.718770244032364,
0.00963661868171581,
1.49410789999945,
-0.0880564922269829,
0.764537901915976,
0.700349119348401,
1.61779129484940,
0.605426319818100,
1.15737084356518,
-0.805254642628213,
-1.44629194731484,
-1.09823345107225,
0.0509916979843389,
-0.988928952144747,
0.771981272928083,
-0.480554316847513,
0.163346527349691,
1.49676901461536,
0.218595288936720,
-0.249241207688234,
-0.970487679349023,
-0.505394457720779,
0.670468471379940,
-1.42044400730374,
-0.828504623588769,
-0.438821823538825,
0.0915670173011109,
-0.238432467381624,
0.205146407063544,
0.628869768405889,
-0.786459793831467,
-1.76385605499301,
0.115296033964211,
0.0151339874517454,
0.540940501553936,
-0.266510656140162,
-0.0885684377323030,
1.06642699972211,
0.559858619929190,
0.235893444814172,
-0.457178719762330,
-0.187759816088355,
0.525617880046520,
2.08768660840838,
0.0366591082031712,
0.547107839308597,
-0.301460011166478,
0.198760307275185,
0.573300913009770,
-0.374632892298013,
-1.30794109098802,
0.332976350605602,
0.958446671997556,
-0.509344632584367,
0.644296084552231,
-0.0473285859507896,
0.985492521955036,
0.817532111105379,
-0.248548163896124,
0.624688326807610,
-1.29569299681057,
1.01971223051589,
1.68117287174079,
-0.00828925991627551,
1.42407015155680,
0.178805289549967,
-0.281117331632820,
-0.498433505421687,
0.243725933291435,
0.261938099227928,
0.237804289145797,
0.864855843459542,
-0.973126493722880,
-0.273852668078544,
-1.35589667260520,
-1.23484633481762,
2.41848272167617,
0.139897716272056,
-1.44375919377930,
-0.454596361459787,
0.528819947519926,
0.257120489945353,
0.548525786456054,
-0.466226192615153,
-0.143339094413965,
1.00062317494533,
-0.666106666771100,
-0.0566684327691308,
-0.608836178809183,
1.50131095778553,
0.223062047859215,
-0.187395445586750,
0.734300169786633,
-1.16751253196102,
0.0477993667213816,
0.0741277649355298,
-0.218971615384325,
-0.640692778703871,
0.740899442351057,
0.582621239811022,
-0.127275879680554,
0.365825985707845,
0.0895909616395853,
-0.900856762749137,
-0.213039153469206,
-0.757069875954352,
-0.822130918809277,
-0.589048622510931,
0.173682532676464,
0.610096415762676,
-0.420164215314179,
-0.938741433785221,
-0.590274593144244,
0.0939803836148306,
0.730731371059073,
0.787174985514965,
-1.81821404316676,
-0.466636423792775,
-0.420105562383316,
-0.883312915660215,
-0.891753672369313,
-0.0760757261656461,
0.274722236853584,
0.451797418830802,
-0.516663415757728,
0.974431301087849,
-0.362976218496771,
0.329111095894688,
0.221463978070677,
0.0340387978620602,
0.365682348414017,
0.324918043770175,
-0.0990881530333526,
-0.561829404971693,
0.750068136894839,
-1.02112515004542,
0.587044965827181,
-1.22999280658868,
-0.928190552228250,
1.36308511960491,
0.381634207367172,
-0.684489914874734,
-0.582161159084207,
-1.15737410285243,
-0.0755004187018420,
0.967364786386207,
-0.699606517270737,
-0.0693769133547345,
0.338503285194385,
-0.472913423104991,
0.701654571296787,
0.465007507036276,
-0.140624348463875,
1.17874527114840,
0.668641078716607,
-0.575278764311626,
-0.240073555263439,
-1.06198956939642,
0.936327963085356,
-0.509363421165292,
-1.13118056338953,
-0.0688473235179773,
-0.800698215425220,
-0.248536354892373,
-0.477967647951375,
0.223532648465853,
-1.93764744521257,
0.0952754029345916,
0.543647876865899,
1.04557582444004,
0.0736476902766433,
-0.396689014455849,
1.33388952056229,
-1.12302103576262,
-1.05058271340431,
-0.406664697179035,
-0.168002075039063,
-1.22042330669617,
-0.489808030272433,
0.309546202153102,
0.201631798807241,
-0.670781523654846,
-0.724809217020476,
0.105268871843304,
-0.384069359815411,
0.0624309390095192,
-0.709693077965567,
0.354600062204420,
0.201606856638444,
1.88290627612452,
0.987843755939362,
-0.693010149739759,
0.103428267472176,
-0.465647095267999,
1.07816556455579,
2.33214525037946,
0.521013117700021,
-0.670459231061442,
0.962316104248374,
0.419460424460829,
-1.63445592297245,
1.29255436027349,
-0.299737502017358,
0.942755165146111,
0.802609126825025,
-0.847607757118396,
0.0966102938514854,
0.505784856326082,
0.0291179853607490,
0.537380115411022,
0.604065368864650,
0.592437583577941,
0.594487075820766,
-0.301702894058253,
0.492345505622415,
-0.812390089702880,
1.11538837742273,
0.128927283559820,
0.939255926343428,
0.0856604352476706,
-0.910385387306334,
0.752725406216516,
1.40418531264515,
0.179085812801612,
0.502883383106962,
-0.326525080751587,
0.335470929035616,
-0.317638197062415,
-0.628337732637528,
0.703128618939917,
0.700644991369586,
0.293602987571777,
-0.599763552566665,
-0.0598306445466234,
-0.660000886775809,
0.317321833090058,
1.14510230959985,
1.57272680650415,
-1.10229296349989,
1.37532092604075,
0.954847447283673,
0.270504931201713,
-0.0459241651411247,
0.0720895801867853,
-0.635933934267420,
0.239983845372726,
-0.970677496275682,
0.518218031972948,
0.0738612600605317,
0.613240954794799,
0.755204865033194,
-4.14669214456758,
-4.53219759175254,
15.1920031365001,
4.91569354303623,
0.675696474297391,
0.0453463888041974,
0.228777479004031,
1.27309123021643,
0.0184350423830383,
-0.273776160504674,
0.0609049613877331,
0.0479004974537159,
0.318141188487565,
-0.161441233675152,
0.995271226366784,
-0.139813891091427,
0.869436012080971,
-0.651698708113196,
1.64998364472896,
-0.277488417465625,
0.890503882338553,
0.0385266803874317,
-0.347984871699440,
-1.49723513870729,
0.791762605179977,
-0.904300121477016,
0.176585553130383,
0.0931121043886798,
0.776527033306450,
-1.45999582303922,
-0.362695371096212,
-0.198455956232099,
-0.0744280422199377,
0.0525790157017620,
0.540921683270065,
0.960476879869526,
0.357327430001226,
-0.0580633138929827,
-0.111637338524908,
-1.27989308155185,
-0.682116017335729,
-0.551767629533159,
0.0879929157575331,
0.161953523518953,
0.188324035241980,
0.508154088472137,
-0.313071838365809,
-0.236394475401151,
0.255309930956837,
0.870571649044742,
0.388565672515894,
0.0352057710301374,
0.630585213116858,
-0.321111066212230,
-0.461168781207418,
-0.687042971409323,
0.426438159437286,
-0.878083661421137,
0.380921387434906,
-1.20705073444975,
0.0987583665744028,
0.410524259620186,
-0.820028463451966,
0.625845101255495,
-0.115893540230264,
1.12856450477640,
-0.0437941668883811,
-0.939875023470847,
0.540393908564702,
0.217970450369094,
0.915053849548585,
-0.589862868216984,
0.554152812067214,
0.165837139184136,
0.0224012589428693,
0.262724140645535,
0.469136881017236,
-0.167110686551633,
0.208954051240179,
0.427253681418719,
-1.03479932201815,
0.571649301167199,
-1.24916667534395,
0.569006750416379,
1.22124933175974,
-0.889753062110991,
-0.258856801658162,
-0.170729176180355,
-0.789605232320628,
-0.223156649150644,
0.186828123778348,
0.597819465904157,
0.544082241643646,
1.21876878831652,
0.341522955393751,
0.533558348914075,
-0.0293112588802832,
-1.58032306058369,
0.339840971494819,
-0.0839464547430899,
0.202795050721331,
-0.441784687993971,
0.380654976969640,
-0.963521212343831,
1.21298705286351,
0.177444530070687,
-0.372686737380738,
1.30402019739519,
0.117281976324259,
0.685388218955907,
-0.462229969776860,
0.495312647428186,
-0.596676770535158,
-0.498887326295377,
0.403906209091829,
-0.399466656643213,
0.488067110686103,
-0.0303421241890845,
-0.371267694639682,
-0.115140236437301,
0.312142026647490,
1.44058497448711,
1.43748145761258,
0.572154643798675,
1.66362737220777,
-1.54283604765578,
-0.475381565104957,
0.495524882246912,
-0.323146804122536,
0.435084740492777,
-1.17589342981836,
-0.573061390407723,
0.573140958148496,
0.0360492148219005,
-1.08824472200524,
0.283099152767321,
0.0232351557637061,
0.608191234851381,
0.979546806172877,
0.373661186456356,
0.156775514622721,
-0.984957948420031,
0.0168845735795845,
-0.156241593836012,
0.223507705256471,
-1.23956066358322,
0.565121899562486,
0.607069197717706,
-0.840453200946617,
-0.555658278912862,
0.131119874098603,
0.204125751052147,
-0.577714390485506,
-0.620637078092946,
-0.711224782494682,
0.535124616064101,
1.02712771249851,
1.39994339660745,
-0.232286528405240,
0.541559861424206,
0.375935945898592,
-0.511844480108347,
-0.506986431742059,
0.116476519422145,
0.132412317468985,
0.969749212987170,
-0.0453649088717603,
-0.0519074024730890,
0.0483974868130346,
-0.661933776811188,
-0.572402096611066,
-0.557347719531730,
-1.40399952121558,
-0.413237788042112,
0.780477291810088,
-0.647517179837732,
-0.0889975601463333,
0.472823643973718,
-0.226440204423970,
1.11877817912040,
0.310982376440815,
0.156437530232615,
-0.0121603044278378,
1.02650442802414,
-1.80555737473089,
0.186302975518987,
0.368616096468303,
0.345653216941016,
0.905564487954755,
0.299737173733908,
0.559312619418051,
0.619010981740738,
-1.14159658725610,
0.491347155905140,
0.559669401918740,
1.30409577456078,
-0.689941362162694,
0.995700163961202,
-0.300876774947366,
0.574734812829858,
0.852903248107208,
-0.689230434757787,
0.0880116693872437,
-1.37494398455554,
-0.750467298181410,
-1.37405936712110,
-0.0387436454026020,
-1.56452577695153,
-0.517906937607557,
1.65397612154129,
-0.134452818040605,
-0.0849352127798798,
-0.326807858252736,
-0.876760833481651,
-1.42826957639027,
0.0143724007610393,
-0.798207697299990,
0.132309059421246,
0.860355846288541,
-0.758038857132266,
0.455893458873175,
-0.0828136886237089,
0.0511648900281407,
-0.478579902651969,
-0.444499853745319,
0.271036375350089,
0.618976717684874,
0.0153919836031361,
-1.09644194303110,
-1.25809231464195,
0.305657117945825,
-0.456003644581469,
-0.415874366718043,
0.0509844986749790,
-0.168944715765645,
-0.173677070103199,
0.458531239002567,
-0.0796928464622402,
-1.11429377134091,
0.826806325903738,
-0.170862004779814,
-0.373106644781597,
0.634758592349915,
0.313200677006527,
-0.0122969211942082,
-0.274424602686772,
-0.0491600211983894,
-1.19676934891916,
-1.00535313607721,
-0.558539032956444,
1.26376836822944,
-0.415953364431261,
-0.102691207703334,
-0.830262527850734,
-0.625063963524434,
-0.376968536123180,
0.0537923857730481,
-0.356285402544225,
-1.37529096201061,
-0.535812178721420,
-0.164325298322499,
0.534479978893738,
0.432996464457082,
0.602083006482522,
-0.626668131416845,
-0.473747390056527,
-0.848820917420285,
-1.52498876262039,
0.851244662095915,
0.436769599183603,
-0.450690940136574,
-0.515039098021187,
-1.36696532153285,
-0.0950125739949917,
1.08031011276108,
-0.105131878551305,
-0.320927648940024,
0.302911893552367,
-0.613714694101911,
1.54302554484813,
0.156557850244345,
-0.304309087668021,
0.000129889398912952,
-0.357319391671507,
-0.611982023983909,
0.500963844258262,
-0.993390900951864,
-0.281834848120967,
0.0428110025993027,
0.416196927497775,
0.181371421612964,
-0.160850807191441,
-0.519715065315720,
1.40559444382429,
-0.222070573156828,
-0.183484000266488,
-0.412925236742772,
-0.476973576207131,
0.313426048359792,
0.785131795724902,
1.35366936741450,
0.567796962489613,
-0.0620062831941063,
-0.686573392118275,
-0.470461184019264,
-0.190415641428794,
-0.639507899879207,
0.119835932172599,
0.424777669394659,
-0.0520302467618768,
-0.477106163807553,
-0.538160766813605,
-1.09805000182895,
-0.880836118482650,
0.533244958906839,
-0.626429470081858,
-0.152434911687996,
0.0714359758629195,
-0.303181392874302,
0.688078336433781,
-0.626054810359184,
-0.0606555973222596,
0.267275332918780,
-0.737547698398667,
0.499111125939503,
0.275361506010725,
-0.823621153199949,
-1.16048671916456,
1.49439124834992,
-1.19088216101249,
0.131114929109686,
0.379086452504256,
-0.384123258977813,
-1.32724612409137,
0.277393744899670,
0.574555280171960,
-0.834919201642606,
0.454283958494509,
0.0690446803651304,
0.545804483100279,
0.234750465114025,
0.361772233128207,
-0.107795282408497,
0.220070687968108,
-0.774936264556033,
0.187189302264067,
0.114853920318531,
1.23699683471904,
-0.480662222063718,
-0.491952414525872,
1.29290318274768,
-0.236680067201780,
-0.864730125798810,
-0.571725972467076,
-0.0131551880327393,
-0.610955545355322,
-0.0532925696707592,
0.881871895455413,
0.594727168375805,
0.453782345360605,
-0.761731042282463,
-0.0496765589218457,
0.563298385525983,
0.545682202412218,
0.431453548441796,
-1.36655913059506,
-0.176465268368827,
-0.936186573226612,
0.0713529252096386,
0.202809133267564,
0.0558919203696316,
-0.475557183442776,
0.316450044410593,
-0.349612442257968,
1.17148574350363,
-1.20167196357069,
1.10352773529057,
-0.173127308258276,
0.392386782148444,
-0.260975319936147,
-0.128879756244895,
0.615094493110377,
0.962899800883880,
0.590995508310860,
-0.584602708270674,
-0.203006632596911,
0.210538366670640,
0.308071601440864,
-1.00427021139645,
0.0268468435983073,
-0.633670547032777,
0.216371320366191,
-0.729812096907350,
0.246708744175964,
-0.0386547573365085,
-0.481985015146849,
-0.0698580659958055,
-0.211086022581305,
1.17082442907757,
-0.366108829816217,
-0.855695603523908,
1.15091486638957,
-0.445092057302931,
-0.935375104308372,
0.848116155180105,
-0.0521416155926197,
0.146651826227342,
-0.0159208262062408,
0.761015420586423,
0.0150913326613436,
0.777796957696470,
0.667826972102967,
-1.18009771906933,
-1.07078205739968,
-0.929540499137801,
-0.000399288341171613,
0.00666607883552672,
0.255878781307352,
0.0225159765824697,
-1.57912695055074,
-0.408204157634652,
-0.984364540538837,
0.582926202378522,
0.906724423477514,
0.542538488139966,