1.0,
0.0,
0.358265655286895,
0.0,
-0.256708559516296,
0.0,
0.993712209893243,
0.0,
0.425490755814152,
0.0,
-0.205311411050353,
0.0,
0.974927912181824,
0.0,
0.487365063211559,
0.0,
-0.151332352465996,
0.0,
0.943883330308368,
0.0,
0.543110472163285,
0.0,
-0.0954502017443025,
0.0,
0.900968867902419,
0.0,
0.592025951807521,
0.0,
-0.0383677093541778,
0.0,
0.846724199228284,
0.0,
0.633496361606320,
0.0,
0.0191972792425392,
0.0,
0.781831482468030,
0.0,
0.667000187094768,
0.0,
0.0765208509142603,
0.0,
0.707106781186548,
0.0,
0.692116098227977,
0.0,
0.132882128487303,
0.0,
0.623489801858734,
0.0,
0.708528247850854,
0.0,
0.187572336194611,
0.0,
0.532032076515337,
0.0,
0.716030243659343,
0.0,
0.239903712942267,
0.0,
0.433883739117558,
0.0,
0.714527743703390,
0.0,
0.289218161304297,
0.0,
0.330279061955167,
0.0,
0.704039642791714,
0.0,
0.334895523479640,
0.0,
0.222520933956314,
0.0,
0.684697834878616,
0.0,
0.376361380136318,
0.0,
0.111964476103308,
0.0,
0.656745554420983,
0.0,
0.413094274067823,
0.0,
6.12323399573677e-17,
0.0,
0.620534317563859,
0.0,
0.444632267820044,
0.0,
-0.111964476103308,
0.0,
0.576519501620972,
0.0,
0.470578752822777,
0.0,
-0.222520933956314,
0.0,
0.525254618440795,
0.0,
0.490607436972611,
0.0,
-0.330279061955167,
0.0,
0.467384353673896,
0.0,
0.504466447945449,
0.0,
-0.433883739117558,
0.0,
0.403636459476830,
0.0,
0.511981500637123,
0.0,
-0.532032076515337,
0.0,
0.334812602606514,
0.0,
0.513058088899698,
0.0,
-0.623489801858734,
0.0,
0.261778282995624,
0.0,
0.507682674011123,
0.0,
-0.707106781186548,
0.0,
0.185451949588766,
0.0,
0.495922854932509,
0.0,
-0.781831482468030,
0.0,
0.106793450314102,
0.0,
0.477926518211977,
0.0,
-0.846724199228284,
0.0,
0.0267919614387348,
0.0,
0.453919978225503,
0.0,
-0.900968867902419,
0.0,
-0.0535464518967825,
0.0,
0.424205131142338,
0.0,
-0.943883330308368,
0.0,
-0.133211487531323,
0.0,
0.389155658405508,
0.0,
-0.974927912181824,
0.0,
-0.211201311419051,
0.0,
0.349212327470856,
0.0,
-0.993712209893243,
0.0,
-0.286535156273830,
0.0,
0.304877448900546,
0.0,
-1.0,
0.0,
-0.358265655286895,
0.0,
0.256708559516296,
0.0,
-0.993712209893243,
0.0,
-0.425490755814152,
0.0,
0.205311411050353,
0.0,
-0.974927912181824,
0.0,
-0.487365063211559,
0.0,
0.151332352465996,
0.0,
-0.943883330308368,
0.0,
-0.543110472163285,
0.0,
0.0954502017443026,
0.0,
-0.900968867902419,
0.0,
-0.592025951807521,
0.0,
0.0383677093541779,
0.0,
-0.846724199228284,
0.0,
-0.633496361606320,
0.0,
-0.0191972792425391,
0.0,
-0.781831482468030,
0.0,
-0.667000187094768,
0.0,
-0.0765208509142605,
0.0,
-0.707106781186548,
0.0,
-0.692116098227977,
0.0,
-0.132882128487303,
0.0,
-0.623489801858734,
0.0,
-0.708528247850854,
0.0,
-0.187572336194611,
0.0,
-0.532032076515337,
0.0,
-0.716030243659343,
0.0,
-0.239903712942267,
0.0,
-0.433883739117558,
0.0,
-0.714527743703390,
0.0,
-0.289218161304297,
0.0,
-0.330279061955167,
0.0,
-0.704039642791714,
0.0,
-0.334895523479640,
0.0,
-0.222520933956315,
0.0,
-0.684697834878616,
0.0,
-0.376361380136318,
0.0,
-0.111964476103308,
0.0,
-0.656745554420983,
0.0,
-0.413094274067823,
0.0,
-1.83697019872103e-16,
0.0,
-0.620534317563859,
0.0,
-0.444632267820044,
0.0,
0.111964476103308,
0.0,
-0.576519501620972,
0.0,
-0.470578752822777,
0.0,
0.222520933956313,
0.0,
-0.525254618440795,
0.0,
-0.490607436972611,
0.0,
0.330279061955167,
0.0,
-0.467384353673896,
0.0,
-0.504466447945449,
0.0,
0.433883739117558,
0.0,
-0.403636459476830,
0.0,
-0.511981500637123,
0.0,
0.532032076515336,
0.0,
-0.334812602606514,
0.0,
-0.513058088899698,
0.0,
0.623489801858733,
0.0,
-0.261778282995624,
0.0,
-0.507682674011123,
0.0,
0.707106781186547,
0.0,
-0.185451949588766,
0.0,
-0.495922854932509,
0.0,
0.781831482468030,
0.0,
-0.106793450314102,
0.0,
-0.477926518211977,
0.0,
0.846724199228284,
0.0,
-0.0267919614387347,
0.0,
-0.453919978225503,
0.0,
0.900968867902419,
0.0,
0.0535464518967832,
0.0,
-0.424205131142338,
0.0,
0.943883330308368,
0.0,
0.133211487531323,
0.0,
-0.389155658405508,
0.0,
0.974927912181824,
0.0,
0.211201311419051,
0.0,
-0.349212327470856,
0.0,
0.993712209893243,
0,
0.286535156273830,
0,
-0.304877448900547,
0,