0.407340603408827,
-1.00092040326685,
0.0193240033802527,
-0.562046573335457,
-0.381439853140489,
-0.194498910970314,
1.61450437428902,
-1.00092349390004,
-1.10047177851034,
0.0434331318435373,
0.837817446071464,
-0.229660209153158,
0.263424794155648,
0.549446009868298,
-0.310171012180350,
-0.512303781665597,
0.327373054389843,
-1.23762649583554,
0.335319111859365,
-0.439036425947040,
-0.0602115576075573,
-0.292244371050250,
-0.362172128528696,
1.98859737679474,
0.126266808844013,
-0.984029230385844,
0.406848194384198,
0.249832411195532,
-0.629985052896970,
-0.259849962340022,
-1.46262132855637,
-0.190544175683651,
-0.0820169335460772,
0.00112491205375936,
0.0215002199964006,
0.223669472433052,
-0.822363889947560,
0.269053182678325,
0.872849367103679,
0.273378083354283,
-0.635827378776391,
-0.784840309341429,
1.65309630641910,
0.0366410707441182,
0.0902311703238564,
0.0684429238323808,
1.04079506305190,
-0.0461964638150467,
0.0681355528571555,
-0.108827151098187,
0.256179580005956,
0.411738476336797,
0.508376541682403,
0.450588146978047,
-0.165024041430136,
-1.08755394659359,
0.871425658381178,
0.203325478067578,
-0.858895525510354,
0.149321046887740,
0.557246814328927,
-0.136340817500057,
-0.424983246791890,
0.518297463097798,
0.807452575953990,
0.701406101639935,
-0.709467043082081,
-0.0720118579306990,
-0.167779372337661,
-1.34921379527460,
-1.03864884673933,
0.804640897607443,
0.244692519559454,
0.0989807963004817,
0.697464762337681,
0.204758352116566,
-1.09821559380610,
0.315552612955614,
0.402426755803528,
-0.0607500732717960,
-0.121011226142964,
-0.207671066622183,
0.286722863529386,
0.196644113335288,
-0.596823534587789,
0.484210428439990,
-0.340022706959239,
0.257804060101427,
-0.158665744001208,
-0.417861934625469,
-0.488082800290734,
1.17778566194858,
0.445834234817670,
-0.140726937641360,
-0.502433842286799,
-1.06857600235646,
-0.696167104505425,
0.230745975712290,
0.875113380967295,
-0.998946282584065,
0.456537536493077,
-0.630177029451105,
0.833726181068327,
-0.240823233503564,
0.285711059114686,
-2.03280883588414,
1.23604218416058,
0.640263769646046,
0.303927887505023,
-0.643542740694277,
0.501491954640982,
-0.624929997706594,
0.667895713053488,
-0.112426360879247,
0.163845511917911,
1.18899784257914,
0.170008370273261,
0.498344727462353,
0.682612651749899,
1.14647031040501,
-0.741344865443038,
0.00424766852995633,
-0.0425271271678196,
-0.557865635232567,
-0.289911204639469,
1.56637192991452,
0.0122424930489910,
-0.910413215715077,
-0.0906497821558525,
-1.41629425743478,
0.0729363369527562,
0.667706922343608,
0.497388282549527,
0.370788284056483,
1.36734700589401,
-0.276010578427672,
-0.294125167573834,
0.483750009182494,
-0.357961892585050,
0.264477841191323,
-0.296534726483499,
1.43451300823705,
0.303226615528760,
-0.678451640847293,
0.451637163974906,
0.505875675826597,
-0.872621929948791,
0.475473653935043,
-0.526940145227148,
-0.387466746728027,
-0.979499003974857,
0.116981335766393,
0.844162454041414,
0.529551977555485,
-1.09789276986390,
0.213514607930264,
0.350271814225891,
-0.917422804788701,
-0.899706401901396,
1.07039980744271,
-0.903746247159776,
0.264260941286678,
-0.683188389156108,
-0.549266987476764,
0.352760104335276,
-0.361329033134499,
1.00046639202769,
-0.425352737096494,
0.818318359279809,
-1.05384548645478,
0.00313556178695702,
-1.34872430046989,
-1.03125598948954,
-0.733025544503645,
0.559484193029013,
-0.172547017252728,
-0.883479138258760,
0.405986527296166,
0.773357211676235,
-0.550733045762277,
0.0251486693826784,
-0.194560061807671,
0.198968726649492,
0.454203419949958,
0.128909462633301,
0.523458642318576,
0.0412925068799967,
0.0607442143522962,
0.545650037906352,
0.00255092766179267,
-0.486653304742295,
0.652096042360330,
-0.314626752943924,
0.759252056597364,
-0.411379582410463,
0.713448756728775,
0.0507869150263978,
-0.567291720606291,
-0.0602466396261876,
3.21388427561923,
-2.62580462422539,
-8.70913070890197,
-4.30438804213158,
-1.17742582329763,
-1.03942931833679,
0.164571554086230,
0.163127334202198,
0.422644842500735,
-0.144499180354248,
-0.247830901391966,
1.49987325178624,
0.831960376620798,
0.291766960716776,
-0.564158208814622,
0.924708926475893,
0.945598528504533,
0.440154998220253,
-0.672668868856617,
0.159988861996390,
0.122739650289988,
-1.21051164063232,
-0.125429208511736,
0.339864400757977,
0.116888592930897,
0.592410968603239,
0.460447862319304,
-0.0971149975601330,
-0.676934208588672,
0.478775491746784,
-0.613154487292105,
-0.224509521281552,
0.552335873955340,
-1.27589461985691,
0.151407622054580,
-0.165557055064007,
-0.464073354790145,
0.498589211170111,
0.157804444117633,
0.607923344171028,
1.05595926018133,
-0.808662681878472,
-0.283238371689002,
-0.717094875859389,
0.123552967127930,
0.688424247392649,
0.663986441041550,
0.737200394443150,
0.452167785430098,
-1.08561527202879,
0.433537418371025,
-0.210442992297402,
-0.315078888677438,
-0.203863186250525,
1.02500612934905,
-1.03029544908776,
0.0878349446468363,
-0.828426246610260,
0.747246608122834,
-0.174770885951719,
-0.264761959608640,
-1.13546732183431,
-0.480493397235255,
0.186010797181503,
-0.526963095107398,
1.23185627183851,
-0.855957435432928,
-0.0575881370992674,
0.579576882083920,
-0.248472060854110,
-0.843109634544645,
0.479270783404383,
0.715935651069785,
-0.0702525710008574,
0.327422880789184,
-0.436773753275761,
0.588308502662907,
-0.736227905223931,
0.637573783876352,
-0.462167992619848,
-0.239167045442051,
-0.0718350205783145,
0.580290015364723,
0.480444613367865,
-0.260166395318152,
-0.680369250670566,
0.857323047704095,
0.425878885945038,
1.15325927758852,
-1.02981662346880,
-0.0748369437661395,
0.272997012186893,
-0.493885517381706,
0.885174657832221,
0.401903999681191,
-0.136655909265437,
-0.351828783203795,
0.303559017887439,
-1.59773206129058,
1.39188584563946,
0.426480004194873,
0.108117512664084,
-0.754828706811550,
0.529513811693597,
0.141946277760609,
0.973704199477593,
0.443686964477703,
-0.229837826844131,
0.580450647268800,
-0.227932088823500,
0.331343611904953,
-0.201025361731046,
-0.697358403762262,
0.213441954235143,
-0.795353333452746,
-0.508789559104242,
0.146490905312279,
-1.81335212283359,
-0.0693293775476717,
-0.497936738948974,
-0.237832479070631,
-1.20436497476866,
0.776232939744107,
0.609508841752293,
-1.46230189570083,
1.05884914193200,
-0.142435357976212,
0.291777385183341,
-0.922787596758546,
0.0425292509004482,
2.46275725524910,
-0.429202859177794,
-0.541686645321540,
1.13238335021428,
-0.347501263194497,
1.03401820038578,
-1.06816402818189,
0.0486800442279904,
0.0400092358395792,
-0.0303901590101091,
-0.554677951292997,
0.640065244410122,
-0.384994262366212,
-0.183250853066156,
0.804365065712076,
-0.259836153399765,
0.406204959171837,
-1.09713397868613,
-0.807641689403492,
0.590248332181741,
-0.477105178153507,
-0.608911029007976,
0.136360096711462,
-0.554740680240691,
-0.657733303346320,
1.07568709491164,
-0.532436384849994,
-0.0475822587523216,
-0.130110432952685,
0.224214121661469,
0.809901123452957,
-0.463868293204002,
0.510206527628708,
1.30297782319123,
0.700156836999082,
0.116147246656962,
0.486239457073634,
1.00640251944714,
1.85380746771536,
-0.0810243080531206,
-0.0668923810222712,
0.0601784607378199,
0.604683031134077,
-0.159645725311814,
-0.355808665816750,
-0.0667407810039382,
-0.230241868185910,
0.700787488788421,
0.116153829259828,
-0.316495891677218,
-0.382093309776686,
-0.258820869289090,
-0.595983280223876,
0.762684623122346,
-0.603449435260189,
0.353445495401112,
0.701805069563108,
-0.845319334893035,
-0.347457478770438,
-0.953314846444653,
-0.953703727980121,
-0.373761975561181,
-0.357628570716344,
0.687022105703127,
0.460560484567873,
0.735693354657857,
-0.736724014903352,
-0.379490886481971,
0.637242751599366,
0.876211460166817,
0.234926916772223,
0.107418756882812,
0.350021746327065,
-0.519530038316341,
-0.460560532072288,
-0.472767936050627,
0.184413727803512,
-0.375260400965791,
0.0734269658940499,
-0.249254552936122,
0.399568761673276,
-0.212663002874950,
-0.152937639213351,
0.410461652057505,
0.0988052986559845,
0.165135621048878,
-0.234974355158709,
0.0644887481869737,
1.06311147875989,
0.525593755991484,
-0.888996779313403,
-0.975459940704819,
-0.503181596465320,
0.942922421464508,
-0.684645692654745,
1.75239740042179,
0.947998811086687,
0.444651968099808,
0.175907394026788,
-0.405821451956195,
0.148182516821204,
0.608471742173848,
0.359542815402518,
-0.481001786650185,
-0.307867462111935,
0.0560109936382227,
1.97512168405954,
-0.255677990091705,
-0.637459631138110,
0.126310466472265,
-0.981852089442208,
1.11332889029153,
-0.468858426080255,
0.761071093874114,
0.325155284749969,
-0.187735464876267,
0.556028898661043,
1.05221276828153,
0.370117531648753,
1.17503710997776,
-0.259555513023949,
1.28984778344286,
0.950998090489992,
0.0204314272223443,
1.48826462480171,
-0.0633327672710776,
-0.285066587286068,
0.273079616203706,
-0.515216362891473,
-0.122428153290365,
-0.935415683399910,
0.0557639947642068,
-0.0955026633663273,
-0.186654172219587,
-0.0691532889494833,
1.01820627252598,
-0.390531049526022,
0.108306242896170,
0.0900722017673307,
-0.130865993492972,
-0.541306027624079,
0.445593952642850,
1.49054667278819,
0.561989867364089,
0.585022076143683,
0.0902208255379491,
0.581402006860006,
-0.130259693871578,
-0.511169748867978,
0.303783293011604,
-0.694037278934337,
0.333465319642775,
-0.448485736979690,
-0.365880349349682,
0.0602011894488164,
-1.04995509976557,
0.399080871410646,
-0.778801194124865,
-0.297853747030777,
-0.505023599339116,
-0.534798978212439,
1.31512690233049,
-0.120291302798389,
0.974960947232452,
0.298089364265813,
-0.149297892922834,
0.131429694243146,
0.824751717769262,
0.433600611765709,
0.783238800855461,
-1.11411143556066,
-0.669440852069706,
0.207324558462205,
0.941877783604734,
-0.736656780038762,
0.359971144019211,
1.09969253882215,
-0.264261394543819,
0.936218137085554,
-0.340155030915529,
0.134221309393767,
0.0752081503148827,
0.783497936519525,
-0.0976524113589326,
0.769141408323564,
-0.503495963026214,
0.657263878271989,
-1.14539686331837,
0.685198303896504,
-0.338357049548221,
0.225874898146864,
-1.21128561868824,
0.822628313706984,
-0.962823908065143,
-0.388599091117922,
-0.163446276664134,
0.0147649571022967,
1.20669102071208,
1.28172920129360,
-0.337162185214025,
-0.317702973437047,
0.623768295292003,
-0.884785475653794,
-0.420594934581452,
-0.140571804638430,
-0.191977356056688,
0.370723752951606,
-0.624293147257706,
0.454682485720146,
-0.601440340071192,
-0.244186472720424,
0.326882978320697,
0.500965821077187,
-0.435397910062263,
-1.03377941085834,
0.658570280772299,
-1.05810855894725,
-1.04338354933546,
0.167817616679332,
0.648735344784489,
0.187107936703037,
-0.727779108881683,
-0.0820074143702947,
1.18802695882267,
-0.138069934927915,
-0.185363156902749,
-0.0258746534915217,
-0.0544936051724547,
-0.521202336997839,
-0.427597546630024,
0.120853837598521,
0.634634687961846,
0.662424811720611,
0.381598367722777,
-0.350400016317814,
-0.408436683825138,
-1.06625322632667,
-0.0823615885081824,
0.418212552562148,
-0.885850839461098,
1.17720791780290,
1.06871769727066,
0.988025313246815,
0.634277338939730,
-0.0848672739225747,
-1.07878034182441,
-0.778232711974581,
0.399079462019653,
-0.0820545870839298,
-0.199402194900106,
0.618470478586646,
1.19470043289517,
0.745170355771681,
0.0285679936768115,
-1.01009538315310,
0.306870423882238,
0.509021694256084,
0.750193532289156,
-0.637383985200065,
0.250522066358766,
-0.413155951028035,
-0.898137344062314,
-1.14323240901951,
-1.06914983311906,
-0.155010088344215,
0.936247351234303,
-0.298473344074089,
0.0910449258814391,
-0.163056777073756,
-0.684758616266288,
2.04781317886187,
2.86640668734688,
-11.5843993187314,
-2.87453180402213,
-0.694179153783057,
0.447333862212594,
0.0490845955857225,
-0.223560323557207,
-1.19213992375808,
0.0173012103637815,
-0.679066684059855,
1.06368078240983,
0.377581759980678,
0.874603759269442,
0.291378873904951,
0.681701954662671,
-0.740287315551697,
-0.967235620278558,
-0.0807396865044513,
-1.73692708853446,
0.509988033161325,
0.774504372548249,
0.719676620427121,
-0.398727855826487,
-0.780191041859585,
-1.11324910445472,
-0.111865981471355,
0.960751010604453,
0.185930850935153,
-0.329920468881269,
-0.471726559922444,
1.58385037641869,
-0.0297767254409160,
1.02656664060962,
1.17379178700813,
0.373922910461093,
0.0663848169604777,
-0.259081692477754,
0.143338277404564,
1.22141118135812,
-0.431127166429042,
0.149352992322190,
-0.677873384246552,
0.267999569564590,
-0.145301406628362,
0.755713146215243,
-0.438213484034524,
0.295463766049139,
1.02885878347108,
-0.445973236380681,
0.744077075459667,
-0.964618361447383,
0.203687946027824,
-0.370331500039955,
0.0179146765580103,
-0.351695060049743,
0.905809676039214,
0.0393675022925498,
-0.910864907165015,
-1.82845186809970,
0.468694886209756,
0.412427465783713,
-1.60248695471426,
-0.000795645741303224,
-1.28012729868071,
0.124544297097563,
-0.386534256032940,
0.534135619720084,
0.0602795662665381,
-1.33184043269639,
0.536849966908453,
0.199411013136099,
0.157001823809501,
0.625687228965514,
-0.114174982905718,
0.710856299672933,
0.503960045479904,
-0.134971081452308,
-0.133310942712896,
0.00743912980381329,
1.41850864614236,
-1.61526797400473,
-0.730156260146772,
0.647165372471323,
0.476837910071371,
0.195567408841064,
0.230677895395820,
1.17654399763200,
-1.11525772585696,
-0.0430666962811069,
0.338048791420552,
1.73584821737610,
-0.626505912702081,
-0.181020306870428,
1.13254843174575,
1.30951076201927,
-0.132686589874428,
1.14362689136278,
-0.103626705528376,
0.497372294811926,
0.610221542860709,
-1.10392130678257,
-1.06261932880996,
-0.765687649480469,
-0.584160793467116,
-0.0879973170893964,
-0.423341548068435,
-1.14496355732309,
-0.324990687644576,
-0.430775509659687,
0.799983579784704,
-0.0264512352861975,
0.291658568631052,
0.505751918639139,
-0.948562429810565,
0.479200195449377,
-0.267048327712322,
-0.384095071207605,
0.694146303668941,
0.622110730405291,
-0.0915332558976682,
0.0259996971241547,
1.78421147453855,
-0.919339057983753,
0.550849052454614,
-0.203988853919560,
-1.07481187666905,
0.0637526004941329,
0.509789953390673,
0.0772113378844357,
-1.28538085479317,
-0.849520501149195,
0.861058754652928,
-1.40101402968581,
-0.383373270768559,
0.0749249664859300,
-0.669736251416901,
0.304998958389842,
0.00251921394710825,
-2.37483977341637,
-1.67722280140544,
-0.194515360567866,
0.00327635314202184,
-0.224529438692158,
-1.36754282387690,
-0.133143526574688,
1.11400350548277,
-1.55973271768000,
-0.338985900362314,
0.668013081618260,
-0.0181107383112879,
0.720953818039352,
0.355476303200010,
0.594401125401617,
0.0513025540239876,
0.550597977152064,
-0.837391881945005,
0.0270750407189229,
0.192565478707129,
-0.486843304611575,
0.0713489602030785,
-0.264212148831428,
0.0416811606312202,
0.504687107314637,
-0.493915868615129,
-0.530244997085330,
0.443843362687528,
-0.370456782778267,
-0.154458612109400,
-1.77115456895213,
1.16860567735601,
0.689180900542887,
-0.511876800375359,
-0.620569277039985,
0.321888287062878,
-1.46182109803884,
0.964841010482128,
0.210308522970994,
-0.0924486100614159,
0.218012806993770,
-0.174579747439899,
-1.11435992724573,
1.47447566555044,
0.446781879625467,
-0.628339665247751,
0.365778237276726,
-0.448270403845497,
-1.89162745690510,
-0.0520614393983873,
-0.118783527783748,
0.591775596249342,
-0.0881445314121963,
-0.0780931646340830,
-0.188785969506639,
-0.568057837760639,
1.28803816996885,
0.774540676293399,
0.963246882315690,
-0.415141408784227,
-0.564303589102313,
0.678727599993042,
-0.342137335346217,
-0.421741228790375,
0.572294742883336,
0.286994484706629,
-0.145097447558174,
1.43709067412655,
0.219813168509819,
-0.657329422916336,
0.711979964554208,
0.431780755850958,
0.735246223593505,
-0.848861606061004,
0.887517866425613,
-0.00497013459827529,
-0.813190189335393,
1.10081389739057,
-0.853022054312617,
1.01641462308252,
0.702290736415122,
-0.170049492325036,
1.40941212175822,
-0.646745385245506,
0.910001928194025,
0.371433196685581,
0.693953341432378,
-0.249862376898571,
0.756902104979926,
0.793753064019214,
0.378819477318117,
0.979439620645895,
-0.361994037535838,
0.596420314291311,
1.45105193596329,
-0.153380006303617,
-0.297744850404479,
1.04225255840097,
-0.595447270765161,
-0.235701086992832,
-0.314468419307934,
0.0919698760067892,
0.618183535775782,
0.910014601034971,
0.553173730579291,
-0.453612931562453,
0.482636010493024,
-0.300223801672774,
0.841118953018902,
0.0180055456492128,
-0.856615150239001,
-0.137107796698648,
0.138619188878712,
-0.0893957298098878,
-0.589057120317364,
-0.937463849357103,
-0.204277707619581,
-0.449696898656835,
-0.863896052252733,
1.51333213323784,
-0.252341221793410,
0.260838224502420,
0.249181995846558,
0.633527623381845,
0.633151278169032,
0.241065877374767,
0.443335781661385,
-0.479740825972520,
-0.515550058534848,
0.476826664189912,
-0.882969534979717,
-0.404589566308182,
-0.604505418018068,
-1.05027693487817,
-1.40094546993189,
-1.25242891864438,
1.04394157542242,
0.402734121990608,
-0.275259389846575,
0.0108184514332718,
-0.291855406568939,
0.778328756127512,
-0.915258553824446,
-0.270772649579083,
-0.459674902554067,
-0.295667489191442,
-0.630325970632373,
0.404566854146457,
-0.473544090500866,
0.141239016920966,
-0.240839880172805,
-0.644943713176548,
-0.267869646952357,
0.766484958908189,
-0.861634005975847,
0.477701718319067,
-0.430288569650852,
0.851748497398393,
0.981704415340105,
-0.555127482197939,
-0.776314768520796,
0.126798713057379,
0.428918792079261,
0.0534191128728792,
-0.607752440184974,
-0.105030789075817,
-0.256163107876459,
0.00339475316461858,
-1.45749054943238,
-1.65382417622703,
-0.485728742758391,
0.173935565488124,
-0.327738191789783,
0.372945442314936,
0.281170963672996,
-0.952510535431055,
-0.791456794653477,
0.884916992253912,
-0.296449873525438,
-0.538374849933984,
-0.733784310366452,
1.16401177967407,
0.209182636377949,
0.0972224857928422,
-0.604562172694032,
-0.225859977335073,
0.657085849083447,
-1.01213625787708,
-0.628657856372826,
-0.302001402137393,
-1.30327628502729,
0.490753195031963,
0.188360778766201,
-0.164568435103811,
-1.29044993939085,
-1.37890512510419,
-0.552833062117408,
-0.0881550695234564,
0.356380140263532,
0.000943129113613462,
1.22242523542813,
-0.224462710800707,
0.189272293384302,
-0.0291537880366020,
0.206314494108671,
0.00698799954305557,
0.340695498187681,
0.113427639575602,
-0.0386569930254925,
0.705412496510698,
1.73262960861479,
-0.673907517236801,
0.620617837102396,
0.282306511089595,
0.304087045913015,
-0.283457190577273,
0.298546613648210,
1.21045350847405,
-0.207147680347894,
-0.133503855513873,
-0.167115449350431,
0.691830233311146,
-0.0724572902066758,
-0.286185481530284,
-0.779164840271098,
0.966037259563353,
0.856308841129370,
-0.283293002254794,
0.559901312302558,
0.162003489564906,
-0.194265796724449,
-0.433712007364283,
-0.386307910674028,
-0.261631985666558,
-0.113368092582184,
-0.245323843460323,
0.449774219520633,
-0.888767721688728,
1.37425663694842,
0.479622545602613,
-0.605163912753642,
0.595826820742241,
-0.809153142081621,
0.317654145236820,
-0.198828174109218,
-0.339408652203902,
-0.00574433897463077,
1.17557239985633,
0.668198657234601,
1.41980786237121,
0.404247256230158,
0.0761088485002834,
0.0734161516605399,
0.224065782778915,
0.328591276881792,
-0.754162850782014,
1.46606702350245,
0.603861431582658,
-0.295645978100673,
-0.111120759629021,
-0.0475220498779134,
-0.760123658997988,
0.811727595389761,
0.605142940217221,
0.271743274924095,
-0.0930464826111397,
-0.499533154114929,
0.254659145192671,
0.765293300314597,
-0.910088902607456,
0.319335417177185,
0.0735019735398486,
0.778870758344464,
-0.994262591001651,
0.305589826297687,
0.129512797489669,
0.197057962234725,
-0.752573691501965,
1.41779243528360,
0.446663921589339,
0.401364608985939,
-0.322204864783500,
-0.273064647511512,
-0.428569930871145,
0.285699430395953,
-0.976888222071479,
-0.0102424115946494,
-0.657376569053119,
0.430446644748813,
0.0825246367903561,
0.0965132364460499,
0.428710158065992,
-0.395858020565215,
-0.0208274352628223,
0.387424884219981,
0.526241674162181,
-0.184672668052701,
0.864466907712470,
1.33897916511406,
-0.190214304283256,
-0.966099250536272,
-0.658884619049608,
0.869235072737230,
-0.626693329363610,
0.136141601160651,
0.384651106678328,
-0.516119745741054,
-0.177233719613124,
0.462495044582490,
0.149733884990183,
1.17873221493182,
0.625354945997900,
-0.324702017842013,
1.28106441679117,
-0.524863775355699,
0.214386073253056,
0.509272518280605,
-1.13350820075266,
0.0898162220862810,
-0.412671753205511,
0.533531001176667,
-0.664595392806763,
-0.194847469800126,
-0.604044486296913,
-0.188380343162585,
-0.131224799243572,
-0.153387743122065,
-1.28254856615802,
0.0407870614299229,
-0.235523556730484,
-1.68022379220873,
0.332470917528139,
-0.233056255139151,
0.177630703688253,
-0.450233622909348,
-0.920084229729821,
-1.12698374226531,
-0.997294359890209,
-0.204169331179604,
-0.775892023959218,
-0.340094844389184,
0.139426570914788,
0.190469365505196,
0.415990111680319,
-0.966985107131342,
0.951421067293281,
-0.816000866912030,
0.101445045906823,
1.22561700943828,
-0.948844677734858,
0.409547724690223,
-0.584959757269599,
-1.09364772138987,
-0.316152788495843,
0.347358295508313,
-0.251701276243717,
-1.29413065904298,
-0.792634472019718,
-0.417432333893862,
-0.461812493170763,
0.393589135181463,
0.163489245798530,
-0.730148341909051,
-0.455551041885242,
1.04603388993239,
-0.167986741983692,
0.0931112490264657,
-0.786541529586257,
-0.0374597797618964,
-0.691646228815588,
0.0243477092807313,
-0.219699412296746,
0.0208606306509003,
0.217785637611100,
-0.323069405268165,
0.154723163136735,
-0.680068316260534,
-0.130069709843252,
-0.258699257547703,
0.708663994163795,
-1.38144038181770,
0.315639076899015,
0.516396440204685,
0.484825650712824,
-0.437761000785542,
-0.887536925532244,
0.403264371132143,
0.390499211342252,
0.466435631148128,
-0.270065700746092,
-0.0136836992382907,
0.136100961433200,
-0.0470363663128603,
-0.316725547386086,
0.426565022509434,
0.00245211245572636,
0.704701814902225,
-0.362634106784733,
0.696395161151951,
0.486238691540788,
-0.726897508916516,
-0.287373340367456,
0.393179705211393,
-0.144409068813630,
0.419063546973313,
0.193518206102251,
0.712538059726512,
-1.66327492516889,
0.484344908094109,
0.130615236337151,
1.01198585646214,
0.429691509364108,
0.489268595669127,
-0.469058614208167,
-1.40120989692626,
0.210567150498828,
0.143886813273210,
0.165425272431771,
-0.0734362372858939,
0.307509758910446,
-1.64324696824350,
0.502775791319213,
0.806067803459130,
0.733331153857997,
0.630156004638096,
-0.625611620992192,
-0.751934830572848,
-1.34636414385954,
1.24066507108067,
-0.106571290898789,
0.641516963293354,
-1.37851250520762,
0.739635040961085,
-0.716821420651729,
-1.09286103213705,
0.999116722961041,
-0.209557614564919,
0.438055259077969,
-0.268372932444163,
0.341326829391840,
0.168183203549532,
-0.838525657322806,
-1.50188710082475,
-1.33675956024653,
0.513955699723339,
0.375340275760623,
0.984113888759468,
-0.0550786329626799,
0.288522572547909,
0.0318983666372899,
0.550699197865950,
0.0582796049026793,
0.434799655565996,
-0.156159095180881,
-2.21322990684561,
0.208821797230103,
0.927991660210121,
-0.888464256080698,
-0.227530185318367,
0.133204395181430,
-0.513786414706396,
0.787792203783086,
0.840662786833096,
1.80031009319469,
-0.197019559901533,
-0.580835299553841,
0.657975597184048,
-0.192953270211704,
0.403683499614802,
0.180245386891595,
0.000935954725436288,
0.691822428760235,
1.48628630672573,
0.626440034991504,
-0.916186914649399,
-0.0549398174266443,
-0.0791378966390813,
-0.477890782673755,
0.104098964790653,
0.513025650618836,
-0.496862391737450,
0.0404028735205216,
-0.196683724590078,
-0.613400135558953,
0.298983740879193,
3.36782486656691,
-4.11112611398829,
-8.91493844189589,
-3.21912402579754,
-3.60430870980683,
-1.32311650155798,
0.989136684002023,
-0.120304699199463,
0.658202854334417,
-0.308412634368617,
-0.195088598160378,
1.26688171972281,
-0.219235248455060,
0.100149849805599,
-1.20395214416235,
-0.310406319646534,
-0.164716452448513,
0.480695463190784,
-0.127766452180728,
-0.0819340381274540,
0.411556968825587,
0.707193830775382,
-1.14286243604476,
0.250906945206995,
0.465683388485366,
-0.273930509201777,
-0.615441383630453,
-0.00803156065176368,
-1.30230120661005,
0.468034955581223,
-0.634773773515955,
0.725382922328807,
-0.244081047509688,
0.451481962478084,
0.829825440352637,
-0.533926422200199,
0.345635077274252,
-0.499469497969513,
-0.923494700538244,
0.0603924442798140,
-0.824240486910308,
-0.784456809642151,
1.07229164068744,
-0.677010536805765,
0.707758194251435,
0.196110118529470,
-0.426807384276313,
-0.855753967733812,
-1.95336874039142,
-0.698080966053167,
0.0543187114593201,
-0.0216078077622607,
1.13146695431558,
1.21490515737163,
-0.831944966013510,
0.418542431555032,
0.0649378920356282,
0.110206681127798,
-0.345439812075598,
0.00593932614393781,
-0.836237388896305,
1.00312906594775,
-0.308852422371121,
-0.116813245766747,
-0.852979433604957,
0.591281340207448,
-0.317037784456261,
-0.0124088372245292,
-0.0861948796137264,
0.204551555760500,
0.479732506936621,
-0.249175708404009,
-1.77286035142140,
-1.44463833490721,
0.781401502187519,
0.425743582214267,
0.623032756803887,
0.486046718191808,
0.0821218828651754,
-1.48911106596946,
-0.453968161086995,
1.02678339928722,
0.630859575260044,
-0.0602387513143073,
-0.733833486490042,
0.140861414490551,
0.869168457925929,
-0.642131206437484,
-0.0305145205717858,
0.168778887088321,
-0.656448686240888,
-0.227546428467279,
-1.96210903303412,
-0.0109344604155081,
0.138939248358750,
-1.37883014964836,
0.889292391688308,
0.212333714131085,
-0.0460961949799454,
1.65094069247474,
0.525057957497283,
0.205246712845843,
1.43484027667002,
-0.0778433579352363,
1.12866362061395,
-0.0882298891234644,
0.152264974801396,
1.61288890370263,
-0.0697038508352823,
-0.714769052233041,
-1.24070871593498,
-0.0406507791497746,
0.0355689477799542,
0.365785873159229,
-0.716224601398216,
-1.84457366295220,
-0.357381711037790,
-0.190053479561941,
0.819854884529691,
0.194803351952463,
0.541426749722272,
-0.626030056211061,
0.0649211574535218,
-0.702578867734608,
-0.461664072225812,
-1.04302509022615,
1.49578171181116,
-0.311335174765588,
0.712342695708282,
-1.37672396522269,
-0.367384124036487,
-0.00541557884214345,
-1.00432835692558,
-0.00339615177932891,
0.359141392047092,
-1.09360239156989,
-1.33876296180521,
-0.168037838900731,
0.129634119474498,
-0.534382005427146,
-1.11805471327991,
0.306399739141888,
-0.412802658255753,
0.776550447538558,
-1.24355349182998,
0.174324237566657,
1.11633058626766,
0.0645824327656122,
-0.302180014133171,
2.07465791214137,
1.52961025715425,
0.770040815740653,
-0.305688384531827,
-0.997638554265406,
-0.384835047503642,
-0.423120714423167,
-0.292889312290017,
-0.500786143957610,
-0.519075701385175,
-0.686144018443371,
0.135862450649147,
-0.358515355282884,
-0.831226829496782,
-0.527246699726488,
-0.0723556058601477,
0.173278906629347,
-0.627076819330897,
-0.692935420977734,
-0.571887990304317,
-0.525920405132920,
0.385477862375275,
0.165714015406154,
0.633703926338547,
0.215273656876081,
0.0583412514660452,
-0.282134367973495,
1.23740388800794,
-1.10888577255499,
1.58020711222275,
-0.754423485841802,
-1.09970244223871,
-0.466209381017130,
-0.245549840868880,
-0.249783548137775,
-0.368397502463682,
-0.155787244625141,
-0.277122489281555,
-0.166009282538617,
-0.862872323176090,
-0.410299288539054,
-1.16424913798908,
-0.0323610465739050,
0.137187171409719,
-0.0711658849186176,
0.670853363577480,
-0.606797001597023,
0.815937407474750,
-0.833779429904301,
0.196725722467177,
-0.0633200953171252,
-0.583150879507282,
0.601284905631380,
-0.599716925192524,
-0.502230177034805,
0.226392526719137,
1.25343368781383,
1.00888040979440,
-0.332543068031304,
0.232623275994878,
0.268149521060383,
0.599563204411249,
-0.867681191035537,
-1.11019846443945,
-0.0427664881189414,
-0.282867664856124,
-0.000801608956515149,
0.200127720971903,
-0.736867941891961,
-1.35681226380047,
0.789895130984632,
-0.403839436248104,
0.916921382958726,
0.708679195275401,
-0.117552076042704,
0.505079173287333,
-0.314585030142596,
0.510188043776065,
0.648085837899130,
-0.275535907889019,
0.640590029475415,
-0.0598179532697108,
0.263212911591592,
0.284944721162972,
0.878332011798475,
0.143210744513234,
1.21220502914004,
1.09940357246144,
-0.606758820557212,
0.164056173194233,
0.170542580107301,
0.730219324058345,
-0.509627853230676,
-0.272560311563240,
0.536338833272555,
-0.306650684960031,
0.0255461698368997,
-0.684672597805535,
0.859902435535055,
-0.0162609938505242,
0.190850809895994,
-0.228129313159302,
-0.851326397185659,
1.25003841155147,
-0.281938358202829,
-0.237173045066517,
-0.708540235134851,
0.0306205324829537,
1.68345572567948,
1.33093589720664,
0.250116977155385,
-0.413905379571124,
-0.571165731031061,
-0.535477314290729,
-0.106941523280952,
-0.422433704905610,
1.22424537141803,
-0.458519897893803,
-0.450316682700865,
1.46502520763033,
0.0128560569369913,
-1.44963950859538,
-0.295989374701464,
-1.28116402600629,
-0.762980424064900,
0.291493468271735,
0.554602113821100,
0.0539759951698652,
0.814580777244862,
-0.0886191920759314,
-0.724535084657932,
-0.224554615048441,
-1.41897599622493,
0.237370983499543,
0.716113564662511,
-0.791553809217594,
-1.63000795798795,
-0.0511578400396202,
-0.235452414617018,
0.345855541779661,
0.0593358136510700,
-1.55393863910017,
-0.145347462346570,
-1.53688499036930,
-0.402358671440889,
0.887526862578045,
0.162309874986620,
0.551011000845342,
0.0899299874780652,
0.765047821103103,
0.463468537031026,
-0.764636455929202,
-0.729179017303491,
0.144548696834268,
-0.379235715986296,
0.0857802713219369,
0.0133795179045697,
-0.684054808046445,
-0.198846995800710,
0.364336517535820,
-0.296175877250209,
-0.311059937657426,
-0.110556977597004,
-1.08932293802515,
0.0242160739051362,
-0.375144291823249,
0.182494650819658,
-0.215835114386893,
-1.33120063646106,
-1.19519302857746,
2.24745606208452,
0.142337256876986,
-0.165461802590897,
-1.50130077039538,
0.326772375333083,
0.570073291317768,
0.215702202000618,
0.195855065791345,
0.538032332294354,
-0.459941787680887,
-0.519439477787122,
0.407164517223412,
0.596739533800291,
0.512776665489809,
-0.191721876699089,
0.271068621481057,
0.115925161855611,
-0.839297302690147,
0.609837324954521,
0.576091013886267,
0.652421656277296,
0.421118909991436,
0.436901365698478,
-0.377795260250557,
-0.561520353014959,
-1.26743389015987,
-0.815899526521290,
-0.503951874674604,
-0.737204313324447,
0.212882206294500,
0.730885215485285,
0.604869369069409,
2.39684377348352,
-0.550815152533947,
-1.07073952565344,
-1.00388168002862,
-0.455846296214377,
0.354438658604551,
0.204189956530707,
-0.387948381036707,
-0.329912073611512,
0.277252843350805,
1.38401581467163,
-0.771984948711137,
0.390879792712278,
-0.745039110640703,
-0.106075559403984,
-0.222950260734775,
-1.17833704348609,
0.190704030784273,
0.537139214078658,
-0.0452493477098384,
0.525207291420838,
0.134028543060939,
-0.486174730099855,
0.0190619777145299,
0.836965237743612,
-0.478597442594072,
0.0582867279207145,
0.105375351952349,
-0.341286657971682,
0.261773009891321,
-0.648101886577018,
0.985221917675972,
-0.228770395475243,
0.304085021272750,
0.142032090414689,
-1.26997841722297,
0.0125834533944855,
-0.392724818927095,
0.874020856032179,
-1.06323732792705,
-0.570552592948150,
0.293943105298416,
-0.455693518870851,
-1.31082469637885,
-0.794189772553604,
0.0610356516080880,
0.865277801228138,
-0.353142142523561,
0.197017430715744,
1.31864601390776,
3.20385657960960,
-10.6183864407671,
-2.66056399333942,
-0.508980994841681,
-0.810577307280017,
0.443128518647233,
1.08809231408197,
0.538595896263546,
0.210982616277838,
-0.699739355240603,
-0.113100679346019,
0.743852623722357,
-0.588424315584557,
0.127723933602883,
0.490636188343924,
0.0854668860913909,
0.833772482582517,
0.404442418634389,
-0.922666360349566,
0.583871280238295,
0.120399336237020,
-0.123507088466563,
-0.390196764182603,
3.03286456840732,
0.319583177276614,
-0.486551378178182,
0.652009254318894,
-0.607389277396646,
-0.353702204118301,
0.0205626714976945,
-0.125216534345798,
0.0273083576582613,
0.187958726529668,
0.310070655600850,
-0.905198929565449,
-0.640210293340016,
0.880372559473939,
0.300055261271173,
-0.272775419548797,
0.0881912420915632,
-0.810926995345205,
0.425693289945820,
-0.280623929081151,
-0.175791368578122,
0.0227131716630339,
-0.526082520915554,
0.341582284335737,
0.372327873841758,
-1.07954172514348,
0.717967516348464,
0.0798837502848177,
0.656972253061901,
-0.482519129575435,
0.345094205696501,
-1.22926719593176,
0.244467536213234,
-0.874343764240829,
0.265153578210731,
1.33866134067815,
-0.161031826321284,
0.0512509254154893,
-0.448035512974819,
0.552092376050668,
-0.118677507086552,
-0.205478948112092,
-0.973659560715526,
0.495597935953931,
-1.36298691252028,
1.18732490019899,
-0.699243582408607,
-0.368133260721221,
0.468321639599026,
-1.10991363338670,
-0.421966996341280,
0.619296031381303,
-0.601411836297792,
1.11469760145075,
0.863853520324682,
0.0239048569455000,
0.306980272500168,
0.120025231006059,
0.147092755214868,
0.844802813850847,
-0.169225409109651,
0.656275982971920,
0.460547233963504,
-0.405806916554429,
0.753250802926142,
-1.05639974119567,
1.41376890531728,
0.759994959982038,
0.202953773177884,
-0.325094824583088,
0.771631542931792,
-0.698996745379007,
-0.569431667168358,
0.286679056710670,
-0.226867823026578,
-0.188086716288880,
-0.509506105237497,
-0.651111666427358,
-0.297967815401514,
0.271895870796606,
0.578393336528646,
0.252457785483688,
-1.43463026047900,
-1.06734950204033,
-0.199350436368280,
-0.595421313407264,
-0.135607067777991,
1.77153827873206,
0.695419215690522,
1.03712144596091,
-1.65866598288019,
-0.499409376729787,
-0.659631945656770,
0.215454435699842,
-0.206228164554036,
0.275083861457894,
-0.967902854135456,
-1.71023992509991,
1.16023644278505,
0.664816742345790,
0.861106951839355,
-0.613441452997454,
0.122670302111999,
0.233016262900179,
0.00266308972876212,
0.281603905504273,
0.186261370471570,
-0.242385383777369,
-0.834951436316503,
-0.112309819963417,
-0.747925878793404,
0.767169110264624,
-0.532758664139600,
0.381684108650453,
0.103916123170867,
0.583128180105406,
-1.25206993964220,
-1.42368371416769,
-0.964114804439866,
-0.723459772411176,
-0.0766217266945056,
-0.382965605880215,
0.824122897040381,
0.0650453136347079,
-0.971519642359712,
1.39764446822858,
-1.04954148311284,
-0.912429002155481,
0.0316339421357011,
0.863340338938292,
0.340677312203389,
0.0906411034167887,
0.622505785962423,
-0.633333516378802,
-0.0865125188044862,
0.437363659983926,
0.461986093392955,
-0.217081943166486,
0.0764223716545464,
-0.723708480120238,
1.07384811804681,
-0.898347177832077,
-0.151160409090566,
0.565970970120675,
-0.412798673571301,
-0.109936545784896,
0.0426408313741814,
0.200406109106865,
-0.290530743790274,
-0.278491241284510,
0.210814751863655,
-0.495093079713217,
1.33131760373156,
-0.153435291366657,
0.0970243403733391,
0.299281031406634,
-0.770432093532644,
0.675541783223235,
-0.720860398801982,
-0.471626032280520,
-0.440298886223180,
-0.0627441484296076,
-0.267833653751455,
0.0929114555981047,
0.498017570939714,
0.416005845509967,
-1.28111000149733,
0.697867079275753,
0.0397392361819600,
-0.538075588810352,
-0.148213294796162,
-0.716159927025635,
0.0772586436470230,
0.594116560839146,
-0.356360213044052,
0.385928353649178,
-0.100182560317513,
-1.38021499655272,
1.51820955950020,
-0.879562195878839,
0.349815208366729,
0.152386243225680,
-0.609435985077670,
-0.313020308712091,
-0.781985982856249,
-0.473191045843043,
1.20954600449822,
-0.0895591323807016,
-0.766559383279105,
-0.0811463018486398,
0.409654825300930,
-0.557030782083511,
-0.274179642882399,
-0.971264973989976,
-0.568779353712121,
-0.671080674631117,
1.16036815324384,
0.951299981628841,
-1.14229638888761,
0.410426595409823,
-0.242396796121521,
-1.50816814387929,
-0.717401177173670,
0.316368792836976,
0.0326969464539236,
-0.339831195971144,
0.658273113859210,
-0.330650019765482,
0.236435390564424,
0.160983028731341,
0.952093610712731,
0.998451537457073,
0.666892253259887,
-0.512724278991369,
0.943314990826287,
-0.109924424325751,
-0.0973842616665127,
-0.625118864094928,
-0.537520763927403,
-0.305729378997653,
-0.930714994567315,
-0.507301685388233,
-0.178917064935297,
0.0565393694711887,
-0.429250263052997,
-0.0263308990983389,
1.21964953890840,
-0.0224993329682025,
0.0627527154784034,
-0.592596953728529,
0.185727104966879,
-0.726814883678331,
1.14810624606272,
0.125556238657180,
-0.563573476214106,
1.19451707175139,
-0.530043089952612,
0.215401951030348,
0.833442882894206,
-2.25443866299379,
-0.486711545431409,
0.121693598786810,
0.132753700751850,
-0.308016357024141,
0.168066906668441,
-0.0821532023141846,
0.762241509501702,
-0.578668613878552,
-0.593163813010520,
0.279939204079716,
0.267226530137941,
-0.229889140372868,
-0.547241623911115,
-0.510316215644102,
0.587338274972250,
0.566775499006075,
0.402968113847568,
-1.04867090983501,
0.600382229896358,
0.448286539421383,
-0.906953246786628,
1.38412288472488,
1.02060183710511,
0.512444905910078,
-0.602222602492243,
-0.845446376023651,
-0.661363590936422,
-0.0391883190471629,
-0.249389327699208,
-0.0756214703117309,
0.221183901458549,
-0.427974903532275,
-0.313669737759890,
0.602919032531355,
0.796775770944328,
0.0848160580695869,
-0.391036339876654,
0.177033070230626,
0.248675526874618,
0.239928425477732,
0.379060718717120,
0.0960877381363631,
0.0784220142326720,
1.76189742415460,
0.426054142002691,
0.0633846851098614,
-1.41071387467676,
-1.03115384672958,
-2.19934964245381,
0.801994942706577,
-0.582772169101371,
0.921960337311401,
0.0213757668068128,
-1.26339900581766,
-0.380115204675396,
0.0298936024679097,
-0.00634058821973282,
0.281354834230312,
-0.196045777178944,
-0.401607000520277,
-0.267118380774755,
0.673533166047836,
1.56402984143543,
0.0575880737322554,
-0.609623600915270,
-0.877171374490558,
-1.20011826347363,
-1.11080367566115,
-0.165185038497072,
0.831719387153219,
1.03646069301013,
0.175944571638738,
-0.191457640736560,
0.0683227030398382,
-1.21636722229432,
0.492879844728866,
-0.335129146240106,
0.339949982256881,
-1.01488091038275,
0.241409312643262,
-0.617980430312545,
-0.772988176735528,
-0.404539024253084,
-0.920676631761067,
0.877464113823511,
-0.418323759401554,
0.756605085626067,
0.821195617704114,
0.339520397870753,
-0.205921166830314,
-0.417686489844325,
1.59749750792427,
-0.334700246882997,
0.674807243021662,
-1.04154502063479,
0.376411535514207,
1.74202336810607,
-0.116531306634741,
0.0274395053972457,
0.0138168571993011,
0.308998618947117,
-0.0202054245755494,
0.359115731635866,
-0.00165222290623528,
-1.24837959074265,
0.167509729311656,
0.241950028984630,
0.507447618659242,
-0.252812204371683,
-0.185937685390789,
1.71269201056458,
0.209718486552299,
-0.00887138507078073,
-0.205219268383317,
-0.306145838833725,
-0.0449848517158508,
0.223890101095051,
-0.0129301470192815,
0.00211280027428959,
0.982776929322353,
0.525059456529180,
0.196398368974781,
0.411333070189441,
-0.0701746197438290,
-0.557934818739587,
0.163005629225085,
0.658947486091223,
-0.157743067858273,
1.73112124344307,
0.147915927284203,
-0.686125992343847,
2.04224267702943,
-0.0950867379928016,
-0.972713825369185,
0.360891646772750,
0.532872649445296,
0.675478097187410,
-0.0385827258530780,
0.0249896586437982,
-1.06743752454371,
1.11723660225084,
-0.422728861246183,
0.0924293482459371,
-0.659030591155435,
0.204445566632002,
0.956960948619967,
0.00993684707149974,
1.63563430536901,
0.901779440514636,
-1.46373455900103,
-0.00659015446133393,
0.0992404627717218,
-0.787318698933586,
-0.602192856742677,
-1.01472057835533,
-0.316805877000124,
1.14352171367844,
-1.18328150502907,
0.309743894633202,
0.409033019328149,
0.653819342666704,
1.06678920024747,
-0.0221581369094882,
0.0971620239882960,
0.874678281163451,
0.189332923294370,
0.300453513622986,
-0.366272106288029,
-0.341880143099238,
-0.607860726801655,
-1.30301366748245,
1.16322405743215,
-0.924013432010435,
-0.376504018768564,
-0.484730259254338,
1.20413821297335,
-1.04884194607402,
-0.248566708613749,
1.29128295047171,
-0.136714617188389,
0.533304307230461,
0.953379374261321,
-0.505422385119636,
0.0578728905626271,
0.569293645884765,
-0.940810116388947,
-0.376751324343918,
1.09377045971660,
0.852963153427012,
-0.234083977963183,
0.572464349495863,
0.787717172421515,
-1.36793384506970,
0.0956331183718498,
-0.465757349902566,
0.451955974909113,
0.0562802409139270,
0.344536526944402,
-0.0413586582693145,
0.496935277171338,
1.33913529477334,
-1.12403257963570,
0.0399478073259021,
-0.796098484115441,
-0.166038547420345,
0.258756424208664,
-0.386869955508837,
1.19617905184194,
0.541930669651442,
0.735907960181169,
0.986526781373794,
-0.636374948238735,
0.312621651496567,
0.551789831834026,
0.123129756688275,
1.66778922466704,
-0.370931397858218,
0.924060952545412,
-0.135439941725341,
-0.361224087229041,
-0.701201693213697,
-0.460432863438944,
1.20140223738736,
1.03182439564509,
0.391363880249573,
-0.543052706719646,
-0.617708832915096,
0.0272633777663073,
-0.640844195095944,
0.366436203895353,
0.823334992778023,
2.04383038864687,
0.163231505131924,
-0.0971583664506572,
-0.102361696466877,
-0.283347219157778,
0.328834047990563,
0.678929179501021,
-0.643998291930307,
0.198115909558394,
0.237508624206037,
0.126650797289590,
0.871011544812927,
0.397211076088856,
-1.15219875326032,
-0.638937198352303,
0.909544955655236,
-0.457620160694067,
0.682662425106432,
0.359193215002569,
-0.280192582285997,
-0.196183085401372,
0.447285743031807,
0.822457405189272,
2.00894687484581,
0.0415651955779945,
0.502336176445305,
-0.307968655542179,
2.46908746329773,
0.346951640439731,
0.931063635739678,
0.513383268091648,
0.293772767725824,
0.518853007276772,
-0.141968548742743,
0.113924670266473,
0.0709455810412212,
0.695500036964133,
1.20710402068575,
0.990055913971041,
1.79316646614101,
0.442314775237817,
-0.631310470715207,
1.05821971310817,
-0.780239772886550,
0.618086722050589,
0.621751901873171,
-0.980086965530934,
0.358845389133746,
-0.677926043270869,
-0.584281356802294,
-0.346720797297208,
-0.458896621572295,
-0.0219218687393947,
0.263868331801880,
0.231751869134613,
1.56222244822619,
0.390374744978715,
-0.0683838924102325,
1.50411603924002,
0.394813716092525,
0.331111626159916,
0.354589790279134,
-0.316108779123325,
-0.120580191402839,
-0.142052444022654,
0.912354287242779,
0.720927203258792,
-0.358197488146291,
-1.24823040198463,
-1.07477390395041,
0.645989207028776,
-0.0437073571347481,
0.619677116547959,
0.787816296304132,
0.182634007680401,
1.56076117356881,
-0.733985836938349,
-0.124321356137147,
-0.479338465344443,
-1.33041331488048,
-0.371328105901364,
0.408133977399126,
-0.726473658682144,
-1.49282139937385,
0.134749018137389,
0.254894484906944,
-0.218531679218889,
1.33916238731119,
-0.360149634102740,
0.298922491318824,
-0.455135593969986,
-0.636774664744733,
-0.285473402796518,
0.0117579249684543,
-0.0167325588676950,
0.245870008260188,
0.691738714680763,
-0.833020085931916,
-1.53845718380676,
-0.510342146860295,
-0.587531429590042,
0.989174093437377,
-1.12463414194552,
1.02076704583845,
-0.579963467693493,
0.0654276141904444,
-0.581295807695118,
-0.632663829207392,
0.436694275237867,
0.283095133439945,
0.0917306459610256,
0.653592349676235,
0.0188404756399886,
-1.14996761990399,
0.385789957330963,
0.330362414729312,
-0.481611023393869,
-0.205525717062570,
-0.397136841945061,
-0.396698280462182,
1.07358726349562,
-0.185785968862930,
0.659375706193281,
0.250349209782103,
0.300744985520976,
-0.156844100305743,
0.886281892069006,
-1.05160759695072,
1.27625168931840,
2.06691171901187,
-2.52227328509306,
-8.53032907544779,
-2.72339489276002,
-2.12153770339499,
-1.26530546068343,
0.454691670310306,
0.182128901017141,
-0.108713922577889,
-1.05441385833441,
-0.323325952967456,
-0.764595525385433,
0.0625284810888493,
0.0880100501465087,
0.256142202684175,
0.380224886876577,
0.514425318937747,
0.563733537337736,
0.558646645419084,
0.370077054702247,
0.415555176207344,
1.54908265776825,
-0.224257904366382,
-1.02623425285959,
-0.0353045824993391,
0.559483429415237,
-0.362247489009988,
-0.529125277672986,
-0.622940715971735,
-0.708043426172930,
-0.139827037264161,
0.165241843129115,
0.608940697683571,
-1.29145316358214,
0.0761705491830406,
0.482341882906014,
-0.560744201993797,
0.131133505373964,
0.890121342761986,
0.966415546787410,
-0.915768688006966,
0.528060610930500,
0.0361430430954886,
0.905282092749567,
-0.369251361587382,
-0.753061935850046,
0.854432593255355,
-1.14904432747485,
-1.56034742504966,
-0.405667123255408,
-0.511107158475057,
-1.11514863162551,
-0.502833410073231,
0.941293906798937,
0.337391323010997,
0.404988760565422,
-0.602527511019128,
-0.830644204949327,
-0.556482341007595,
-0.0579634667784081,
-0.292204852071200,
0.155671876077001,
0.443587028871670,
-0.0405569412323718,
0.130289047566726,
-0.00351319223808034,
0.236227772962374,
-0.440182904540291,
-0.230688622229436,
-0.111471428193878,
-0.513089270107877,
-0.456625482639970,
-0.481790496790002,
-0.729816517674020,
-0.685161920875007,
-0.680603030222795,
0.939979279672690,
-0.341588750866135,
1.21019592514621,
0.735424397217368,
-0.773568735692165,
0.510568075344507,
1.14400640107599,
-0.368170834392128,
0.663453946996314,
0.322956726135468,
0.112334371199806,
0.184740100956050,
-0.116419917130447,
0.355758947530222,
-0.581031961770694,
-0.327076528816507,
0.106937374385574,
0.910881466000806,
0.668615688586039,
-0.572662366468825,
-0.323870961055445,
0.982440950448719,
0.449275381598486,
-0.354515423704589,
-0.556292957437518,
0.569592986832405,
0.418333039347860,
-0.115070406695951,
-0.182359506721974,
0.809483666656728,
-0.540544887813312,
0.776143424939451,
-0.488528409922094,
0.781504699537451,
1.22693679029895,
0.372053136937009,
0.331835679891296,
1.57759325375240,
-0.187617904418623,
0.796888155102587,
-0.179849898153075,
0.633672264091953,
-0.0838219917008314,
1.02275327459263,
-0.803638545713734,
-0.0823854367681174,
-0.481964240314216,
-0.601338657343241,
0.240387105652378,
1.09150399737142,
-0.550950554611804,
-0.237769759290567,
0.286574470070587,
0.788414402390836,
-0.152828651622255,
0.534346556566103,
-0.342395812105723,
-0.821077764283608,
-0.825440904306556,
0.0735799538537867,
-0.563776538442942,
-0.269184632532988,
-1.37526055774486,
0.359825217877674,
0.186260466181370,
0.168603452033902,
1.06583298230331,
-0.0262593315496345,
-1.33950395680305,
-0.452439055875226,
0.435816272839897,
-0.886295039106969,
0.193894776903451,
-0.113198293123969,
0.393596965576105,
-0.601574854590206,
0.0650762441150684,
0.227346636669789,
0.232269547964635,
0.849332185179890,
-0.720906945877648,
1.35734593016243,
0.770599355071646,
-0.109955748723685,
-0.184732515181453,
0.826549679443665,
-0.799263933218947,
0.436656966511068,
-0.841661895352465,
0.700085530947886,
1.22815897750582,
-0.161932173473202,
-0.152751645623542,
0.725585651347889,
0.726690458913583,
0.153740795679994,
-0.871971425312580,
-0.458660462260097,
-0.168241987898123,
-0.345553040301181,
-1.09333805584810,
-0.0859302735576994,
-0.695591674386837,
-0.236308279718755,
-0.0981455909493106,
0.0314015683062257,
-0.0329261378812806,
-0.868034253604534,
0.383272214474306,
-0.420577922256031,
-0.791493680598589,
0.317400041892961,
-1.29018721339410,
0.585321041233295,
-1.01417927283518,
0.364768655581726,
-0.739248110821697,
-0.175154006723636,
0.883686806160711,
0.972901091769095,
0.0929595765505539,
1.70190077761116,
1.14286724092874,
0.431439558242073,
-0.0710756867088454,
-0.764549898729572,
-0.682128827380341,
0.0936906538817344,
-0.537704661260285,
-1.48506080057965,
-0.754610962439236,
-0.733967984567528,
-0.0985254995025688,
-0.512588782058141,
-0.227133057031219,
0.902078961026415,
-0.0549700913380509,
0.896446407018755,
0.610451528958665,
-0.105147342437821,
-0.483472646364182,
0.452368590443299,
-0.212413705554680,
0.698799091212190,
-0.0659180144979599,
-0.0485144390941885,
0.0922709883403959,
-0.219776091862618,
-0.204856769287167,
-0.724015970534944,
0.190148787392083,
-0.0825333784286025,
-0.852192163294754,
1.14607999029488,
-0.869407529625703,
0.217552222663568,
0.396202265075982,
-0.0638883966202166,
0.350604503158020,
-0.462252808486288,
-0.0852535546389414,
0.209040254583278,
0.790819752616072,
-0.795447684956585,
-0.532126713479434,
0.372834596955963,
-0.0440958442659821,
0.725711207765407,
-0.728728893280321,
-1.41166020886025,
0.0744871037129333,
0.866352266892934,
0.360144234448641,
0.385085267208716,
-1.10732403645139,
-0.651481154471959,
1.04843650613316,
1.34623551880156,
-0.171681993894968,
-0.617979458840906,
0.0247135921922998,
-0.245284044953318,
-0.275994015520422,
1.35068228774450,
-0.282414141283011,
0.0655393136381117,
-1.06529828208524,
0.915441912883804,
-0.205797846719345,
-0.884654660404299,
-0.766331436169957,
0.573375453140899,
0.497902683575145,
0.728674401253771,
-0.210696786072739,
0.0106157034280531,
-0.418816466637809,
-0.916379413804684,
-0.915649360849043,
0.665320793258726,
1.31977621891487,
0.599024360604683,
0.309102456818457,
0.991302713618044,
-0.163504939025714,
0.0211732211814088,
1.17233744529304,
1.53793487936280,
0.114801892385289,
0.303972665215800,
-0.853906791428675,
0.903658353140008,
0.0660794356281565,
-0.414332072765420,
-0.0184122366253942,
0.222487122560372,
-0.887314660298648,
1.55714533107227,
-0.141749383377194,
1.71031513493750,
1.08676337459308,
-0.893317183088476,
-0.441270733979099,
1.18925191379073,
-1.05561313448285,
0.715944036485746,
-0.0408926047203551,
0.312825543759190,
-0.173806154061479,
-0.331863510668630,
-1.70554394010855,
0.150834358434989,
0.120193527529474,
-0.0882698224613494,
0.421772789553328,
0.622053175940257,
1.39766768117358,
0.682690005787658,
-0.344122891600317,
-0.00151141872829126,
0.585061942348538,
0.343242428543053,
-0.786283768526081,
-0.329808893804223,
1.17726489239066,
0.329771455915176,
-0.336457766086344,
-0.0969042380962138,
0.674928153761583,
-0.709830172874638,
0.538784059617941,
1.99917970149515,
-0.673281890403039,
0.161151707269564,
1.18257023351883,
-0.0685529796911738,
0.908641643208126,
0.645882631801704,
0.598329109201653,
0.716895411987701,
0.185416113182619,
1.38578516034475,
1.54791448906038,
-0.875021435146095,
0.0284339057829792,
-0.774952254177473,
0.254342887424619,
0.281424031009260,
-0.312639377828347,
0.225153217124094,
0.619149500698047,
0.902991327345391,
0.0877674941825068,
-0.372829784255336,
0.502416270331890,
0.110001991860697,
0.461564304854221,
-0.305272536754528,
0.393026691743520,
-0.667581298197040,
0.530076415902247,
-0.652150086699964,
-0.0702599449561744,
-0.104166436917075,
0.515035526305082,
0.388071964427279,
0.644970914046413,
0.527887946528829,
0.177573321903351,
-0.581270313766264,
-1.11254475089043,
0.532532044140592,
0.482539468751982,
-0.283800084574765,
1.10275833107169,
-0.340354958836052,
-0.161615239738475,
1.09639435691282,
-0.280425868404279,
0.377857857149429,
-0.437067971217177,
0.292293721078650,
-0.189503824036980,
0.900377748564307,
-0.929825094196643,
0.187352199824327,
1.19069150234200,
-0.431347433918524,
-0.408412132136509,
1.12457798616466,
0.460505036631089,
0.457514684253037,
0.206445604773064,
0.514620026603004,
-0.138833466399981,
-0.816141135885637,
0.804976223064612,
-0.112478067017663,
0.0499231595723660,
-1.02231801693008,
0.313188272201141,
-0.912760139480406,
-1.43138024011387,
0.787029428634398,
3.12126027063429,
3.76713077487404,
-11.4735885645001,
-4.93013182247083,
-0.590630302290302,
0.716771083784012,
0.330976189844161,
-0.102855087006428,
-0.160894353631529,
-0.131039462326007,
-0.268360268985962,
0.416716762415372,
-1.35355071232012,
0.418031794029083,
-0.0973728709137344,
-0.717207097105906,
0.604447948588750,
0.0256908426915221,
-1.16861775217480,
-1.46405736363606,
-0.398017489767881,
-0.109431729576464,
0.768217398928993,
0.617901891597222,
-0.257670272366869,
-0.125335613249349,
0.536309699206898,
0.125638279842356,
0.638157987267968,
0.281621924833651,
0.742162097077860,
-1.24826645340354,
-1.34115187173831,
-0.194579659267716,
-0.0441587121197652,
1.11071968811463,
-1.55891130854261,
0.524194259109579,
1.35603212752181,
-0.241969673841969,
-0.646755562923967,
-1.13360952643442,
0.533268152055813,
-0.983500991746294,
-0.941143795336174,
0.320957079489250,
0.301924883391825,
0.908810558959053,
0.316139218181161,
-0.138720183106447,
-0.254719528510748,
-0.193953471849074,
0.335125794494374,
1.24458518129341,
0.233155174371140,
0.178621519028269,
-0.623913541875057,
-0.0222608212506520,
0.284482398623173,
-0.0622714244851317,
0.586927356320140,
-0.466433363435868,
0.423042721409950,
0.409989654599270,
-1.22672613141662,
-0.501591348720378,
-0.808673417911800,
0.378482882595680,
-0.0461194565467830,
-0.363807008022976,
1.10205218452929,
0.518324078053621,
0.267102517584603,
0.500833838383456,
0.0563269202646830,
1.47442473313282,
-0.894841504504518,
-0.526947392088455,
0.420064428545559,
0.201444381079739,
0.277977385176834,
1.82355023940978,
-0.424843907816645,
0.00752606083993656,
0.219861910519996,
-0.671957712830249,
0.175229029674546,
0.100768531908975,
0.410827122442627,
-0.121537077577601,
-1.92483054608022,
-0.328782532718116,
-0.611056326008796,
-0.240257921168407,
1.28203973053632,
0.346758074601761,
-0.0312984828346078,
0.256277691467856,
-0.345621608651099,
0.871319683804482,
-0.186861257676465,
0.722557899300741,
-0.906097221201368,
-0.849497832238773,
0.338528780080930,
-1.68553981150423,
-0.178156414304154,
0.852912702078300,
0.598165858523502,
0.767094996835269,
-1.02273496825909,
1.61778350553175,
-1.30727281888878,
0.743547144656399,
-0.459564595092313,
-0.128079010437532,
0.0427050630577832,
0.490729549820534,
0.434609526186963,
-0.456922834530004,
-0.602403455880061,
-0.315498456643164,
-0.106617797992539,
0.647642255210943,
0.756359912877475,
-0.233700006288568,
-0.571423300073370,
0.135596369228144,
-0.274861043979455,
0.249852710914193,
0.847125879346685,
-0.431717102013109,
-1.07696593850222,
0.0704862666076258,
-0.0126260675775294,
-1.16637146492104,
-0.338159108981974,
0.277691587618825,
0.0831015281367776,
0.947247434664651,
0.417027160254385,
-0.764511985522581,
-2.24014395822027,
0.166559206109978,
-1.42581886548770,
-0.635718653202569,
-0.822259368602779,
0.00636452794273040,
-0.762060124217312,
0.0224162170492142,
-1.51970080678269,
0.653717374407439,
0.319512597433163,
0.509601462656139,
-0.665295410798836,
-0.572430854813647,
-0.793581794899070,
0.425661544906135,
0.816872226769663,
0.332341166913910,
-1.08880908803021,
1.50573253569319,
-0.406532009737048,
0.0736301256644992,
0.116738737407990,
-0.314635115546278,
-0.206419792296049,
1.04352882711940,
0.449482874439249,
-0.922454028667227,
1.18822687085119,
0.678527138967261,
0.418322357893525,
-0.326035244668195,
-0.851898683322690,
-0.0379398066486374,
0.412789104870505,
-0.423130153863118,
0.0312066433408900,
0.0903911395842092,
-0.830267070805996,
0.0559408172959769,
0.189335851262445,
0.0403977756557922,
-0.230628508840413,
0.178462112139617,
1.47397266810378,
0.835637457230176,
0.728992244805334,
-0.928298973696739,
-2.37327547932365,
0.301610262800801,
-1.24231689757199,
0.494848750073136,
0.330014687154546,
0.490238422502398,
0.571597563044114,
0.676659088762278,
-0.310760639948938,
1.40753629809448,
-0.342391822095099,
0.547311923561668,
-0.735041919376641,
-0.218813439527830,
-0.327002780683563,
0.557022157909963,
0.821396180209682,
0.738619067215422,
0.706469967921026,
-0.194301705909772,
1.42211990141929,
-1.08486840108823,
-0.335254286681390,
-0.322495740512938,
-0.0394538838411638,
-0.482842567799607,
0.580157033318904,
-0.526134683775592,
-0.825439136639890,
0.594370316324908,
-0.283633926297672,
-0.507841509069186,
-0.508425776906630,
-1.13266721942010,
-1.75378380669653,
0.106380882647946,
0.460576916073521,
-0.199219734932908,
0.676275293167815,
-0.753937015126333,
0.233764284945496,
0.330817402017290,
0.0992404256995717,
-0.205967834611003,
-0.0715245673073662,
-0.292459749406137,
-0.611546814348422,
-0.462986274467830,
-0.572562825438992,
0.339827550483318,
0.214206937744638,
-0.503529618828902,
0.317216628693251,
-1.14470952469860,
-1.07051113875287,
0.409289949349477,
1.15277671578648,
-0.121423147102987,
1.60489740669098,
0.220273759631369,
-0.770468918839047,
0.532964211004532,
0.0284715399449803,
-0.315878287020039,
-0.330318995422998,
0.558038632959463,
-0.543001957332169,
-0.660203000056214,
-0.318981045297971,
-1.39108415408357,
0.826257622183561,
-1.01300072006923,
-0.265529366987243,
0.180585093065855,
-0.365998560764194,
0.302625798595991,
-0.684877653541119,
-0.435292209794038,
-0.375147506093114,
0.710625518521085,
0.0517993360843521,
0.425548726918307,
-0.941905759162964,
-0.292978532802618,
-0.527470131326019,
0.279743695258550,
-0.342687657502417,
0.558124673520110,
0.195896172840393,
-0.195565917839621,
-0.429765412846015,
-0.649200818428015,
0.358443930580369,
0.428415151768473,
0.953680436491752,
0.339335888978196,
-0.319751347882315,
-0.210571326586335,
-0.824490871010667,
0.0840547765057528,
0.123580037915292,
-0.0897773464598159,
0.869070571628232,
0.234338460989856,
0.382290217390358,
0.420697319123885,
0.371652164763315,
0.342444316999051,
-0.225187998606597,
-0.610179242173547,
0.120679697232326,
-1.29391722929315,
-0.837768894136113,
0.545608172345205,
1.06551415303253,
0.407793322418919,
-0.392070748864595,
0.274679889762046,
1.36377188446830,
0.469133400644414,
0.559310351255938,
0.295647971112676,
-1.18993008390368,
0.740525778008536,
-0.110021480757379,
0.0872439492000020,
0.708636149063685,
0.101679546406589,
-0.220551692594355,
-1.26090215897181,
-0.157086682247288,
-0.413049987482378,
0.0402510136876507,
-0.629802072675527,
-0.357692042685870,
0.577391066898688,
-0.335614008196125,
-1.38707919238216,
-0.446146009506552,
0.358940510542232,
-1.92651982939986,
0.0857857039457737,
-1.20549307579235,
-0.848466104249540,
-0.620294220008782,
-0.422526424173047,
-0.350797525513677,
-0.0632413341921954,
0.648672988667112,
-0.320557169811962,
-0.383099217786956,
-0.312736059618760,
1.38334161263361,
0.507759540648483,
0.144956753421878,
-0.258881986462708,
-0.131759943868376,
0.503575859548231,
-0.0226192399116235,
0.586390077373072,
-0.256032203773288,
-0.607258941198365,
-0.142690001465343,
-0.892784382276069,
-0.779577809001248,
-0.101904658059521,
0.0757117123256055,
-0.601552741474175,
-0.924266544928008,
0.794816344209660,
-0.240924414320951,
-0.0849684599544085,
-0.859379599567447,
-0.447065148594613,
0.225827706866077,
-0.294767453642926,
0.450866192498940,
-0.558030379927742,
-0.146732584962117,
-0.427208143377285,
-0.542118321635555,
0.427103229744334,
0.688063187322756,
-0.182767379808946,
-1.69647756013442,
0.701949350536293,
0.629620867308909,
0.788573334499319,
-0.562674142796532,
0.219691365796497,
-0.0192254848815720,
-0.922118128243026,
0.884469497139575,
-0.0814895273136146,
0.532519937179789,
1.35386320070028,
-0.715274703679860,
0.183180386626567,
-0.688245720065244,
-0.586853972092898,
-1.35553318591955,
0.856104284518548,
-0.0316738838712499,
0.364386445996242,
-0.368301057250630,
0.0413435139764515,
-0.783823479831352,
0.468663223748136,
-0.747507741758257,
0.671887390677387,
-0.653269186463732,
-0.0575775253515893,
1.05709591193165,
1.08104447764126,
1.09387545698871,
-0.947550777707128,
1.00266000016796,
1.13980888728161,
-0.849579467757558,
-0.326804538607864,
0.565835244539536,
-0.779784219480179,
-0.927993356656732,
0.0844069963817699,
0.0677747331673793,
0.750269899907736,
0.00643511104290962,
-0.275940551016905,
0.0696094067631111,
0.786562348786538,
0.0562709200217914,
-1.09878956547881,
-0.486327790115068,
-0.523831926450357,
0.157367103596586,