0.348799484662647,
1.34903802547764,
-0.706086349103853,
-0.642091285573061,
-0.935353099009509,
0.786177028143938,
0.751770886976717,
0.114331454932816,
-0.272865487602965,
0.835537105050395,
0.637178752361848,
0.447552050669107,
-0.122783359204000,
0.931652872895122,
-1.09305645689539,
0.270046762817303,
-0.403810070609885,
0.0711954699446607,
0.520869761402236,
0.288885978447225,
0.326966209732877,
-0.0622580957933245,
0.354665790432497,
-0.151262348311835,
-0.909604191003655,
-0.397736991400395,
-0.967336026108562,
0.657094538255697,
-0.332064260739412,
-1.26295441839077,
-0.548700686777064,
0.765045562218722,
1.14026527561250,
-0.966693150678456,
-1.15510216893217,
0.0506374352049805,
-0.858123505823678,
0.488627419085681,
0.419690689353326,
0.681936304286373,
1.20441183127542,
-1.24461905416934,
-0.387189338264433,
1.42700464768584,
1.21243823147868,
-0.554901960171846,
1.02081933872391,
-0.178590261268829,
1.74959261540624,
-0.114606905833743,
0.792130707547488,
-0.296329112896595,
0.112685188677667,
0.671694748237651,
0.185400741741902,
-1.36366229922557,
1.22863299877455,
1.14036561364817,
-0.561615618235449,
-0.0681140791461916,
-0.0993842482794797,
-0.140624838687580,
-1.42621089792971,
1.39421792352716,
0.809766587900130,
0.0812535693405664,
-0.859690082752182,
0.746148561043755,
-0.368370623594483,
-0.425586454647324,
-0.647218467433770,
-0.198234270156640,
0.193133085724878,
-0.857806643219765,
0.514869550369810,
-0.727039513364510,
-0.815010637231080,
0.752316845100803,
-1.60821210549203,
0.908037092335410,
-0.0188187116203662,
0.527958996284453,
-0.797599516108347,
-0.409219311521712,
1.54477730360731,
-2.10045074713689,
1.33266363787449,
0.189038619549952,
-0.395123400983690,
0.786795886230469,
-0.581529332356036,
-0.666533193839872,
0.688586433404760,
-0.607676839583567,
-0.515944837273057,
0.210082789057080,
1.09211786091398,
1.00188919304468,
-0.292110215779854,
0.176243788601270,
-0.184861916998012,
-0.00597254162527449,
0.418461343765324,
-0.0492910404999142,
-0.265566391833990,
1.29850428212215,
0.705976091173489,
-0.256306232824069,
0.396582761165408,
-0.567696625185058,
1.20082074266171,
-0.235557190254334,
0.704644701126584,
1.02921823402198,
1.37667893169946,
-0.563068810569429,
-0.234059101217651,
0.518451480873309,
0.891997067930169,
-0.556934587455951,
1.06853317777617,
-0.263728581542217,
0.385530831710852,
0.535224180716039,
-0.113192892394396,
0.298539969497523,
-0.116814377448108,
0.144561408441437,
-0.210060775922123,
0.00791100020343112,
0.242967516914282,
0.571515105524114,
0.797579031526232,
0.227610804360565,
-1.14695941863183,
-0.0719850453040649,
-0.502043578537476,
-0.758241380528136,
0.676952603919027,
1.33398424813220,
-1.36504676543164,
0.957295945805447,
0.793426616123617,
1.57147389357395,
-0.160791267981699,
1.21909533460506,
-0.886632997651424,
1.07768827073338,
0.412187826190267,
-1.35394518029483,
-0.390922222913150,
-0.590995095700751,
-0.875896236029751,
-0.730793952727310,
0.216406188078718,
-0.304044241880578,
0.780597358633666,
-1.07756822318693,
-0.0645848917018931,
2.53535603941456,
-0.649662664084037,
0.261546892660397,
0.0772835725117101,
-0.0842036435335753,
0.419932665114495,
-0.981309398873463,
0.170262818071364,
-0.267360784453422,
-0.195294300270094,
-0.609324878287408,
0.00290511469515821,
0.992151957622872,
-1.20477894425463,
0.272312583927475,
-1.09364279532780,
0.787983381802587,
0.863168154886588,
-0.656086243322140,
-0.272432024327778,
-1.00476949197199,
-0.189507094968869,
-0.410956076487589,
0.621533369316181,
0.832945829296851,
0.0171933153087329,
0.136967803590199,
-0.363407421468574,
-0.445039777575216,
0.794446018259037,
-0.330597340918182,
0.266341346938122,
0.145853879045024,
-0.323500764983697,
0.0912539324653072,
-1.54723003136072,
-0.476173038921215,
0.00624710628390161,
0.0364027693452956,
-0.619628010713703,
3.65599993086135,
-3.55597926173438,
-10.3416101217741,
-2.19084186043480,
-3.07674180003618,
-1.63224057075037,
-1.11269875625516,
-0.504307979933194,
0.327375550477457,
0.00125438675694942,
-0.174499030698192,
0.720440080144136,
0.747817298867855,
0.801436248295485,
-0.538407657404210,
0.373630755143336,
-0.347996482793661,
-0.877104248500010,
0.256823241446224,
0.504955287127884,
-0.585490600137682,
-0.640116536320716,
2.28729467756466,
0.694148629261718,
0.0851573005850020,
-1.20506365409018,
0.0556445669289402,
0.239628187301462,
-0.445953744725983,
-0.202294429005203,
-0.399676704361603,
0.368251149094254,
0.496030088519667,
-0.269628055654366,
0.188328595484621,
-0.877755973900915,
1.77257261571865,
0.736898612173028,
-0.498995395600524,
-0.425948487733190,
0.104380992034660,
0.299884800093360,
-0.599782212154830,
-1.44761011780812,
1.49867668060320,
1.49873914776768,
-0.347234012976065,
-0.584332453992135,
0.267702903503579,
0.693869862451207,
0.733226717555010,
-1.00311129909718,
-0.285229692650615,
1.88187414027103,
0.654133960948517,
0.341057687254833,
-0.556144562149369,
0.965565734821134,
-0.696505685518889,
-0.952923261572059,
1.03384889728276,
0.333814121693373,
0.280633791328364,
-0.675657457913551,
0.0377988869008110,
0.563699244013691,
0.161857405096393,
0.339437008767318,
0.805766377933719,
-0.133718044283915,
0.795188643324159,
-0.0863219895628785,
0.647616917510696,
-0.0331933900332432,
1.11140680542630,
0.568702004583144,
0.164151183955508,
-0.532826949207126,
0.567441930497133,
0.0993442592958532,
-0.123661167880763,
-0.0474329415729773,
-0.312485984695389,
-0.267058396853715,
0.0695054322525023,
-0.578564838160969,
0.727410199870167,
0.597259147390070,
0.247287955398554,
-0.544035829779971,
-0.549575300137857,
0.0721269816358242,
0.801054007314288,
-0.0689151723456751,
0.00861646479401122,
0.491420096403500,
-1.18462392519571,
0.253773670578220,
0.354914646726934,
-0.504906923067919,
0.290427780364379,
0.583519375601755,
0.615748097428737,
-0.0711275707054870,
-0.439155529043815,
-0.117007545572538,
1.10766873727614,
1.34478236113646,
0.407080109146027,
0.119959723786564,
-0.200504654915879,
-0.327939014094678,
-1.31300831139286,
0.531407663019901,
-0.859129952167468,
1.01783243443121,
0.232515980263004,
-0.800058938772568,
-0.0970878341757979,
-1.41214836619902,
1.02357513445589,
-1.87951551280885,
-0.515555803804871,
0.706090719037353,
0.475056324962107,
-0.325722030271827,
0.00827178726045154,
-0.973200259840981,
-0.0185625246171471,
0.584029867350033,
0.288783151554853,
0.0684216562343348,
1.58106962031616,
-1.22941986000044,
0.409907762184516,
0.261766070636738,
-1.18949039689613,
-0.172058445131628,
0.0656473176973065,
-1.67085368058999,
0.364845057104673,
1.46988949808388,
0.156097924079077,
0.0619210975477987,
-0.228533621163452,
0.227794358561304,
0.732949426365658,
-0.305477421245019,
0.352255903640128,
0.821094689687630,
0.623736891364381,
1.41998451829017,
0.764220196417088,
-0.277339208116602,
0.0294369892849623,
-0.807495215624517,
2.36582118571055,
0.323434698080555,
1.57347995173457,
-0.967010791300750,
-0.625378955207043,
0.698430212425102,
-1.33536724603919,
0.207334811004193,
-0.0488391334718690,
-0.491694947786401,
0.171099935536697,
-0.669686367548812,
-0.344488690077838,
0.0804185301734702,
-0.713305235547812,
0.290001209942723,
-1.04480075552925,
0.0352590864778016,
0.564176600706887,
-0.956027703819207,
-0.0805724749880282,
-0.164323961916667,
-0.147793247051028,
0.516418149159646,
0.130291280240800,
0.351589646602108,
-0.347983508162087,
-0.426937494080683,
0.874431462802871,
0.497175093117753,
-0.258410177973264,
0.893947501320063,
-0.226488875012343,
0.361499999967370,
1.35111166161335,
1.53656836433624,
0.186788806839816,
-0.0325933818236658,
1.10135773900217,
0.590416022215275,
-0.0747918858947710,
-0.410080378537862,
0.545522476033328,
0.244952610606983,
0.133014710373133,
0.480744904581905,
-1.30943987527121,
0.452203196061381,
-1.60441477827633,
-1.12555797567310,
-0.0539014907377153,
0.217684659234618,
1.03661902309851,
0.393903725598420,
-1.34495342673451,
1.07829187469695,
-0.835520905128651,
-0.487745331301489,
0.140208113077299,
0.0482736003542867,
-0.0724642730180506,
0.396627309106060,
-0.544115332296502,
0.0936918493862429,
0.299048002479178,
0.527277453082338,
-0.766379604705438,
-0.751432268052132,
-0.522734014756868,
-0.690421652853796,
0.531569987252427,
0.435281159759639,
-0.361610124791723,
-0.823341797289699,
-0.621939177799966,
-0.0107296596851747,
0.295966168010009,
0.538261731122547,
-0.462062315008446,
0.554923597716138,
-0.0970327412870509,
1.00565821570220,
-0.488583064703368,
0.950831373548974,
-0.389477242428485,
-0.112059218942831,
0.159235574753939,
-1.21007032898225,
0.570634807098037,
0.864478159501227,
-0.182918987774842,
-0.142729673754728,
1.08852036965827,
0.384343356230272,
-0.466766700064834,
-0.351695871261595,
0.927202082945231,
0.292875911371407,
0.219795241295471,
-1.62604777037913,
-0.483498233163589,
-0.772581601989764,
-0.876842963344294,
-0.662584272513454,
-0.00521919305363316,
0.483936072971968,
-0.0594038230952794,
-0.820896814873448,
-0.994082038879079,
0.982563457727026,
0.395313859393695,
0.262386681335514,
0.171761156663281,
0.0459050627141325,
-0.864946882204040,
-0.276718729006195,
0.580910146677813,
-0.326941791208030,
0.325685036080836,
0.206447189233542,
0.783083271366852,
-1.02878562117198,
-0.404704315954179,
-0.0434691105516800,
0.123547498630737,
-1.02735352411436,
1.20959223734713,
-0.307604613454751,
0.153953272648263,
-0.141184342242155,
-0.299922331031018,
0.0629468809343526,
-0.985070740591354,
-1.08636458428813,
0.0429813141519678,
0.847117000830702,
0.366509111854717,
0.0405652326275881,
-0.00429998490005492,
0.0916951777193835,
-0.00975380611633476,
-0.368276578608503,
-0.278139680401671,
-0.684274015925982,
0.0427948712918446,
-0.207818941638176,
0.0285818543712816,
-0.343463998181378,
0.728354848078644,
-0.735615543293590,
-0.346115825883858,
0.404745651320754,
-0.860261471315648,
-0.434313576649024,
0.353385172074927,
1.48170519506837,
0.0906959985859861,
-1.22707711858329,
0.384368237963755,
0.786574990048897,
1.09507195671987,
0.427912025434436,
0.623226786021890,
-1.01377190580488,
0.485393184268410,
0.163295563286795,
-0.0694599015233907,
0.504394711950992,
-0.0473205714625362,
-0.157003484909452,
0.299326321972848,
0.758563276224675,
0.371282495295279,
-1.49617285995300,
-0.329310438491749,
0.276310308353255,
-0.461559629955591,
0.244339466127453,
0.932245696226065,
-0.295819292180663,
-1.05193168684803,
-0.0804505334460873,
0.0707209600463583,
0.508176889236503,
1.02867565864624,
-0.115266829338038,
-0.00136946777193519,
0.130967184356420,
-0.919771468277640,
0.444017739077098,
0.841704814521827,
0.861077270581356,
-0.915866469003662,
0.166554394475857,
0.0649528141796573,
0.404503939292495,
0.127677856818033,
0.475125672616724,
0.661787074312950,
-0.504469988502107,
0.0393689494569500,
-0.105470349269336,
-0.271055799648031,
0.235748626949706,
0.379982903975461,
0.904081047317112,
-0.865688146463529,
-0.460437073760416,
-0.846564815051977,
-0.0343379527596241,
0.410090429462328,
0.301996925283284,
-0.0174688867619258,
-0.0753755528906968,
0.676082424836336,
0.642408849130569,
-0.856613681314250,
0.350057067550985,
0.965738576337873,
-0.157898014641365,
0.665409758474530,
0.458893222384252,
0.946327409085961,
1.48161699807654,
0.152649474873121,
0.240176195068544,
0.202660776183958,
1.50683924987520,
0.0224939385007233,
-0.994450320384941,
0.211142299373880,
0.547053304033959,
0.625177545837451,
-0.729194452777974,
1.58860679323598,
0.184290534696690,
0.0949552580032620,
-0.813102122173738,
-0.326220075344268,
0.0306214904954878,
-0.384655206440076,
-0.0483126712537828,
-0.992589916440099,
0.178009392019278,
-3.27639478405574,
-4.54552448289393,
16.5034701846799,
4.49409899732413,
1.36846199095070,
-0.684023527619199,
0.317977558446224,
0.416893511513370,
-0.798641757178541,
0.263317335513788,
0.581167181934538,
-0.337825165338854,
-0.674533753027405,
0.460170235661578,
0.334256467952510,
0.408519933242340,
0.989456972493336,
0.468249969801412,
-0.0381206598394293,
-0.185548052411549,
1.15975014112287,
0.921765219181283,
0.227870879119249,
-0.305315937222533,
-1.00391120910638,
1.10780181071697,
-0.107970472683662,
1.00765718340148,
0.308356600884632,
-0.306274825383500,
-0.188669841018935,
-0.249688289738309,
-0.159153935761579,
0.114439787709083,
0.247564172480219,
-0.954381600407157,
0.364338751020614,
1.04197994237007,
-0.0349977081347627,
0.311360759973229,
0.129976099035091,
-0.145587600534436,
-0.132570206727995,
-0.128373864043213,
0.171543438341758,
0.669260594411970,
-0.363037645681400,
0.612209125804643,
-0.677331766958229,
-0.349192871741590,
-0.201731910965794,
0.370955734837894,
-0.980484814790310,
1.05059764359262,
1.08283664426497,
0.392006005078600,
0.585065837724032,
-1.47430571707426,
-0.205992593995318,
1.38331430578462,
-0.283391533697928,
0.172564644318909,
-0.187382111862385,
0.0244067550435497,
0.624702687039510,
-0.852165740513369,
0.598574287939496,
0.00334836598955804,
-0.334091187907667,
1.02206376423675,
0.682851101338273,
0.346487982061371,
-0.552470990465100,
-2.25747457763666,
-0.483325144832328,
-0.313280514708872,
1.34326546451999,
0.410187823310626,
0.0452866769119493,
-0.270390064505062,
0.913192342228407,
-0.638633066167557,
-1.81898713682208,
-0.683972535293451,
-0.315719838495806,
0.169616388727727,
-0.296996390267129,
-0.486282851054651,
-0.466751246224011,
-0.216560088536606,
0.802756139628266,
1.06556825935431,
-1.39712938075875,
0.0592241943030837,
-0.837357539563150,
1.27463840645398,
-0.987843550658865,
0.199794238643713,
-1.03097733210138,
0.114375324030878,
0.00349708683942129,
-0.621179238301090,
0.119859190778444,
0.829524337375258,
1.17295654575124,
-0.887825044546432,
0.690085283139691,
-0.566494832503196,
-0.274865550012223,
2.03878226675398,
-0.189192427111746,
-0.127205418431765,
-0.149732386360169,
0.522997381470164,
-0.101591504455002,
-0.903269736578947,
-0.00149240492065315,
-0.737938696008401,
0.246361295914692,
0.492967836072767,
0.106314506648850,
-0.384948908272249,
0.611336535809263,
-0.784129135148925,
0.411497545625349,
-0.938466040518315,
0.347501689078154,
0.362120690224828,
-0.384440170643222,
0.584157694732479,
0.831751014667180,
-0.416809233875026,
-0.129205525978723,
0.894250874469859,
-0.236447967819959,
-0.384672051158939,
-0.0179848539451125,
-0.476014817942808,
0.177064128998354,
-0.260576011470142,
-0.790777292745656,
-0.198271781478092,
0.0282801955765988,
-0.883987331001314,
-0.914969731783472,
1.03228225787416,
0.757953651461065,
-0.368938689163274,
-0.589718745730694,
1.05113116192838,
-1.07898818925296,
0.396030375772207,
-0.605852490311886,
1.53665120050565,
1.40135351288945,
1.20289021792832,
0.446656407777990,
0.732041133114937,
1.46149618924029,
-0.191662106404153,
-1.43271091989085,
-0.997317670308646,
0.144058556119956,
-0.134100684194305,
-0.829171853240396,
-1.68281573378654,
0.0420527418246653,
0.832032412189393,
-0.0835023152749961,
1.14881693669045,
-0.176152345091402,
0.207903094018295,
0.273197058225212,
0.238741865967316,
-0.679739215331052,
0.292811568784184,
-1.12313718251731,
0.308084368084082,
-0.402600243683263,
-0.398145202294385,
-0.702525497127644,
-0.183683857593403,
0.221901079672223,
-1.18766336929552,
0.538976929935872,
-0.902007553015983,
1.91777207721482,
0.0390586897418571,
0.387404437138369,
0.0693202889596839,
1.17979878102281,
0.134681243336234,
0.273202193317816,
-0.576809369276185,
-0.819006034536175,
-0.907334838448744,
0.640092136257220,
0.243102570928257,
-0.506777333019962,
-0.386472795105589,
-1.55851723735305,
0.207563074553370,
-0.854917564453718,
0.323822083324268,
-1.48787979240361,
0.928292925362707,
1.06938666307786,
0.0666813334788805,
0.143630714256225,
0.459101693457380,
-1.47106926014074,
-0.539981509452019,
0.689498956084109,
0.235134616435038,
-0.397089501006113,
0.0571086292845084,
-0.0401944749132168,
1.21832844378363,
-0.470107276854577,
-0.350751281495098,
-0.934527330303715,
-0.596789798930125,
0.223708766745179,
0.481882643852652,
1.12149668016769,
-1.17613138670432,
-0.657916912131840,
-0.00990058283701831,
-0.493485124085169,
-0.911019013069389,
-0.0565766147566794,
0.812028445987537,
0.0729455257179294,
-0.369975634085866,
-0.239293480501152,
1.17304366177711,
0.640221318317164,
0.549356345159684,
0.830519904816857,
0.289557689405479,
0.788728798314732,
-0.899312787753836,
-0.379414997108195,
0.326338638142784,
1.21663814786216,
-0.193068420382461,
0.494409030090841,
1.17321978506858,
0.365137813160512,
0.914258997993426,
0.163835221233751,
-0.867585621230446,
-0.167871935076646,
0.751251036464723,
0.576399768347265,
0.430216865744376,
0.469649326704085,
0.0649243932193816,
-0.707370959700480,
0.192731626656393,
0.700270110169239,
0.442911758008331,
1.28811197580132,
0.352057828315580,
-0.309675379429481,
-0.0780881034007857,
0.414816242488126,
-0.203935858284896,
0.199510231468998,
0.0359527752709374,
-0.929488711360777,
-1.17423903325467,
0.609203008591795,
0.241831669411289,
-0.385268800718198,
-0.355181090570904,
-0.316506064949052,
1.26338780253092,
-0.164489527971497,
0.122235411997863,
-0.167144783683702,
-0.205651634982440,
-0.152959227377324,
-0.278901095202228,
-0.571420909507684,
1.18139034405221,
0.230747227048653,
0.577083210467866,
0.893489227698517,
0.485448994860899,
-0.464290558521359,
0.573753118502816,
-0.946812036530254,
0.926499160905560,
0.521955799605086,
-0.748643422756800,
0.988490946636962,
-0.890550976074987,
-0.320653893705032,
-0.634337066101690,
-0.783141488257023,
0.539464027672286,
-0.805963155541382,
-0.102390021613470,
-0.539983832737436,
0.737163438746926,
0.259394236002607,
-1.69509808020948,
0.121318693548599,
-0.450729282911853,
-0.0622042963067869,
1.10690859605758,
1.10102582664482,
0.805741245373624,
0.456324214270734,
-0.928693000748184,
-0.557205409451068,
-1.48327430827071,
-1.08972690712980,
-0.765929624394772,
-0.319556709593485,
-0.849187659661810,
-0.519572246450466,
-0.952104839932260,
-0.0160958245529154,
0.633361813056261,
0.408614698569705,
1.64774112084174,
-0.844520421667777,
-0.0881343039931642,
0.921630183086020,
0.0691141275654999,
-0.717500880029048,
0.810792162438830,
0.451184068781447,
-0.0166959855394854,
-0.192285859281765,
0.272723994019872,
-0.429217855663755,
-1.15036729875107,
-0.272022727148346,
0.148350011320992,
-0.102080612563727,
-0.142288363351681,
0.175716128393024,
0.170815645122419,
-0.0153993091582230,
-0.319443251693017,
0.195022860370810,
-0.209059950322362,
-0.263161325751691,
0.218849944257946,
-0.774499171038447,
0.987704573845305,
-0.414530825770938,
0.207771772640079,
-0.848182094876741,
0.228837444833714,
0.288281024476767,
-0.597212114414026,
0.0787811619468225,
0.337949714443302,
-0.893356557298382,
1.47971193248190,
0.567295427621870,
0.647583787351281,
-0.0956333957000516,
-1.24434067979529,
-0.261738027272416,
0.608248979064290,
-0.324167626654870,
-0.261663852987984,
-0.137867256468450,
-0.119377719233084,
-1.78178383692360,
-0.625890166707743,
-1.79845260057298,
0.369469005358833,
0.562793202480921,
1.12144145109146,
1.02252628314314,
-1.35256356523897,
0.151995903316994,
0.425632755197439,
-0.281476662809829,
1.41074385787854,
0.516215535587382,
-0.120415194181539,
0.477013245141156,
0.552214473815850,
0.175746235224349,
0.232822344954430,
0.426795005079452,
-1.11943292845405,
0.622634329461661,
1.06777504068115,
0.794895183622148,
-0.654942424901335,
0.458749603274945,
-0.339413828928194,
-0.749209933089952,
0.0338984931239621,
0.951373461616677,
-0.784376741392720,
-0.309919709024690,
0.749485156332727,
-0.144716964030112,
-0.710671748681765,
1.19095386811925,
0.138092748042481,
0.240085532958274,
-0.132007526453527,
0.603907198774825,
-0.283787205150974,
0.503516408091940,
-0.0379482634343661,
0.889416970262441,
0.288112374650770,
0.466334177487175,
0.626370952135250,
-0.152045837471983,
-0.568745719873833,
-0.360862643170397,
0.437259221322249,
0.264542390396847,
0.890867994763869,
-0.103202343156550,
0.637368058616102,
-0.863507790316416,
-0.0877737854897476,
0.243352307152790,
1.47044971214179,
-0.0830461102512565,
0.380922894567606,
-0.400857374326715,
0.562065220104123,
-0.366958035926301,
0.708303577901394,
-0.329796160220885,
0.507807414637377,
0.459537496157300,
0.120571685051544,
-0.929118711241766,
-0.928115574218520,
0.908838491924042,
0.517376749450715,
-0.338269928183474,
0.313648464091753,
-0.158113265107475,
-0.790067646466715,
2.24405205758178,
-0.469324524961021,
-0.202906435719706,
0.737133106989239,
-0.0117206254180591,
-0.581233390473969,
0.761893723236961,
-0.0993367364200518,
0.487351215916258,
-0.568862907625167,
-0.173158420544323,
0.819683632434051,
-0.233073654849092,
-0.212000442971013,
0.570048488142819,
-0.334383700028576,
1.30767742267078,
-0.127649520129433,
-0.249208404491594,
-0.693210764929774,
-0.200073080289915,
0.507753751593878,
-0.352183240964866,
-0.593032487573870,
-0.314993269171641,
-0.597427378870433,
0.0421979642270259,
-0.343939390804853,
-0.239521573208386,
-1.39307524226641,
-0.481178396988956,
0.0696292465423981,
-0.342170496650933,
-1.82471356691126,
0.857022066410606,
-0.181749647021105,
-0.707521063028737,
0.574751996989065,
0.204580511966364,
-1.02209058022731,
0.435462596715621,
0.608855554558917,
-0.850524013570835,
0.794444360729434,
0.284495581293364,
0.224201750612369,
-1.04676938041544,
0.531182365890396,
0.656383669033464,
-0.0742254360293338,
-0.362355037531054,
0.559201473310645,
0.358679264034220,
-0.161984638499555,
0.528325032759333,
-0.264885159833771,
-0.0128452435460403,
0.935359096598785,
-0.0909319230056354,
0.304143296335716,
0.434007763250872,
-0.943900358503960,
-0.688850827566260,
-0.752614089622047,
0.173704240378729,
-1.08438226881349,
-0.144897594141360,
0.493810048032157,
-1.20911004717517,
-0.675437675212967,
-0.546672880109361,
-0.700026427938654,
0.371683435061575,
0.317330177712308,
0.387916310597187,
-0.980760567751431,
-0.618945787390999,
0.365095041921181,
1.39508731325197,
0.250154338603970,
0.837128441311246,
-0.977323662429147,
0.0267064585956361,
0.590210135927695,
-0.686596915902340,
0.358720074553431,
-0.277874965314488,
0.0635195571079524,
-1.02040988970816,
-0.634568999429001,
-0.812195179218028,
0.0962218209572547,
0.127019377335830,
1.11300269613562,
-0.167849590727848,
-0.706840840648176,
-0.322580968044421,
1.27068523970039,
-1.13864178727126,
0.653030161845249,
-1.18840637116457,
0.220280062299110,
-0.0458752184670218,
-0.159408365113250,
0.319803715571591,
1.08073757546439,
-0.123126249964864,
-0.370969377245969,
-0.229026086582635,
0.262428178381383,
0.0783419778991134,
-0.0411169043759771,
-0.548428016254070,
-0.462302707672926,
0.0600701321731121,
1.11567966194025,
1.11715844078281,
0.590594840968200,
-0.255921351290776,
0.249692272373961,
-0.302643802273314,
0.805619428331184,
-0.00829336900478349,
-0.368144229706608,
1.13507879807046,
-0.446313839956580,
0.0548251834191467,
0.418252371540725,
-0.268629172541188,
-0.239331206882534,
-1.70149212585810,
-0.366943488387178,
-1.21805212764258,
-0.0299671864755795,
-0.477818389774813,
0.517879107977939,
-0.528589640500799,
0.996809201244048,
-0.144640310024661,
-1.17577151144480,
0.359457858040188,
0.0500073556755699,
0.0833127708390049,
0.803081979892102,
1.21047258631975,
-0.0801400776212669,
0.340339327974318,
0.113954032452115,
-0.651752536873563,
-0.463855753715063,
0.915950617788523,
1.14467299793605,
-1.18727350453920,
-0.317284109496157,
-0.692160870867335,
-0.568467323864516,
-0.559408222686016,
0.113751184248965,
-0.0697098903322238,
0.678956250814278,
0.707985772791887,
0.880088705135583,
-0.130769278149973,
1.64254706251955,
-0.0891478409659362,
-0.192539564843167,
0.292212691254815,
0.414517441884195,
0.820272476586554,
-0.489890005996606,
1.56756335200833,
0.883983184491692,
0.550286691632065,
-0.207849205578511,
3.50730718162889,
-2.50530693838549,
-11.3922808151833,
-2.79697487891161,
-3.95796025021264,
0.635288470215485,
0.125556979472635,
-1.19293349721836,
-0.339875587640326,
-1.10802706493756,
-0.178382473939541,
0.0213888446785756,
-0.295047685977916,
-0.0366651567849115,
0.0216118379786847,
0.262887348204016,
-0.985736107030538,
0.0696386529852176,
0.573859366492799,
-0.238293248197953,
-0.648348905220900,
0.995337893334253,
0.0248922377903865,
0.772827540550086,
0.317119740061920,
0.211093063371244,
-0.896980694065317,
0.344881447062777,
-0.781317484772578,
-0.944849110115041,
1.05121657537238,
-1.91248772635452,
-1.79639288669888,
0.770636129276250,
0.169680411246264,
0.0493805598642399,
-0.0365170813591559,
-0.244106907617105,
0.957983097189860,
-0.234891963091085,
0.474689129610038,
-1.40855845509018,
0.512476548767028,
0.193673466628020,
-0.107498760401830,
-0.0615895219122806,
-0.637183292552748,
0.702163195359783,
0.150442833999134,
-0.711848348736229,
0.401297516420308,
-0.422409899875068,
0.995753764925875,
0.267579402650286,
0.0185609286968902,
-0.474764888496531,
0.335025967101467,
-1.01849354282528,
-1.17438692861452,
0.389875128056030,
-0.0848573110656549,
-1.17108681376398,
-0.116703065562404,
0.819048986843167,
-0.106626471437167,
0.713717979739962,
1.06361152155753,
0.297408763011252,
0.274663480273286,
-0.556598947806626,
-0.570254030072920,
0.752501166985292,
0.789318142584574,
0.192181064800260,
1.00283026279220,
0.497295804472212,
0.570403885514914,
0.538124233915349,
0.396009960422287,
-0.590339893584211,
-1.21159175289367,
-0.701739271637437,
0.242956517741441,
0.0442167274194001,
1.29073089340103,
-0.897823072747698,
-0.720337261001727,
-0.340627306812648,
-1.35470652912998,
0.192934837778830,
0.287199453155852,
0.363441964709621,
-0.999904144296438,
0.165032687214527,
-0.103246202904383,
-0.896556065215810,
0.153521277307438,
-0.380786857013647,
0.0842269329282279,
0.200772004556827,
0.578799704927751,
0.344191818542973,
0.423031214636273,
0.0953570058407548,
0.266731668295406,
0.120876723263189,
0.164689120320063,
-0.0904981600916970,
1.41485272773773,
1.51681671176151,
-0.181158997131526,
-0.0411282297461151,
1.20267428323733,
-0.650618675005811,
-1.06964117298653,
-0.167944495994715,
0.993470480966286,
0.402366273100676,
-0.729845343593284,
-0.906648745294813,
-1.15961567839122,
0.951240563117583,
0.311040810178075,
0.337870686272434,
0.489251046543054,
0.796136313487597,
0.945685842821573,
-0.0663582670054218,
0.460119762837473,
0.186315163200532,
0.497502141783097,
0.0225990450783460,
-0.0508812210645650,
-1.41985703837970,
-1.16787392469898,
1.07613829963822,
-0.0916431520046714,
0.447917475033226,
-1.77841826098770,
-0.418373059965427,
-0.340282926473657,
0.699601551759549,
1.14640004973990,
-0.195977044426420,
-0.486344267259698,
0.834687492862764,
0.485537733048187,
-0.613929566024499,
-0.378776545242742,
-1.80283299862561,
-0.328821359879506,
0.761671329569486,
0.141546184755038,
-0.818200640777399,
0.400696786682222,
-0.230179982188429,
-0.898822757319382,
0.869092879072276,
0.591308296561686,
-0.536532883400535,
0.113965158002683,
0.161716860145797,
0.788742391991481,
-0.199982229116236,
1.36659145792087,
-0.589705511349926,
1.25012106085655,
1.55017600700943,
0.235921763499486,
-0.266593862545931,
0.385939474804765,
0.351111322179919,
-0.330796983808839,
0.681015692521361,
-0.566205425018374,
-0.623548838705277,
-0.785710163619835,
0.182353722316069,
0.442729830901081,
-0.360200390167738,
-0.206829352697113,
-1.30571373088760,
-0.635438583401995,
0.516465513040299,
0.192409587245677,
0.389187352215712,
0.253372669568501,
-0.267932233669327,
1.22879805985859,
-0.139312138737012,
0.674811553133204,
-0.00469589861696032,
0.145512534670824,
0.445251346102033,
-0.543364066058030,
-0.666917144170007,
-0.0657707147023941,
-1.38611693766639,
-1.04096564521009,
0.622295305682672,
-0.279084141459745,
-0.220259537238865,
0.863143054917904,
-1.33920244971858,
0.110720121748369,
-0.939217369413509,
0.107792366831220,
-0.0536136521304847,
-0.00809832858079322,
-0.0559620635253343,
1.50950555633658,
-0.182595452246606,
0.946947729080935,
-0.0948910844391292,
-0.662365650217688,
-0.321521362298824,
0.709638422882914,
0.551234738372871,
0.747961913253963,
0.293059264826025,
-0.0816707297237850,
-0.359227347307355,
-0.140718885597469,
1.40890177543249,
-0.637983486523064,
-1.51033336023171,
-0.164447448473391,
-0.751094411604589,
1.02882457303027,
-0.885540648868697,
-0.626246988171099,
-0.415002979014834,
0.148381686867732,
0.335750237606392,
-0.353642883151721,
0.129750402460728,
-0.220549702568311,
-0.395867614131058,
0.756055116070745,
0.128541924972527,
-0.403208593662844,
0.00662903463644613,
0.248218206237996,
-1.96870941978056,
-0.441333832328978,
0.351386413989341,
-0.103391192868237,
0.626331167332070,
-0.373495083711642,
0.291280205374269,
0.569869267395240,
-0.237820970402161,
0.273128667491444,
0.590169699978471,
-0.640196198189884,
-0.602934644349078,
0.844982895545818,
0.229870720780764,
-0.164792006783294,
0.561010290188073,
0.162535839566062,
-0.931084284775392,
0.313348553067275,
-0.159756048750366,
0.888517708538339,
-0.935178759860414,
0.321903233278721,
1.31035802797411,
0.0590189695001118,
-0.348526132620195,
0.131987797379419,
0.319305405217836,
0.123447581395592,
-0.184236900902336,
-0.351073971102575,
-0.0569384669025060,
-0.857966285613393,
0.146616944566549,
-1.81065558243851,
-0.258178708119310,
0.523020105736862,
-0.956897697833830,
-1.12738525683629,
0.555230885741810,
-1.54557994321008,
1.07682941046573,
-0.262454097491096,
-1.19095052735924,
-0.422929861485920,
-0.635721359215846,
0.0379480999010315,
0.176692758414584,
-0.0434883249553734,
-0.366806145005490,
0.239803092017388,
-0.281064541041714,
0.730634934096594,
-1.30390163683038,
-0.135261356940019,
-0.333415728324281,
-0.852879305818162,
0.167485286434936,
0.510612071526196,
0.681563859024210,
-0.491084406669426,
-0.610038834764281,
-0.819141619688137,
-0.782891635742881,
0.774480845275843,
-1.06439112295403,
-0.538559046934468,
-0.118513015747231,
1.18303131973068,
-0.957968211431286,
-0.712730365913658,
0.299384798284371,
-1.73438578131806,
0.447649855229615,
-0.371022792872318,
-0.190090716573108,
0.816695851619815,
-0.190934956250166,
-0.836924504853293,
0.274258268020001,
0.508945797455088,
0.384753177941093,
0.770892569770872,
1.20012190479028,
-0.324567432806743,
-0.136077902748439,
-0.0394745306514343,
0.506488269717910,
0.163759443992462,
-0.613877876937369,
-0.204763174106957,
0.171340443050030,
0.214060727153788,
-0.774371203619755,
-0.918258451624095,
0.583442444033758,
-0.0391770385744705,
-0.310688933457343,
1.17196653413044,
0.184856889334178,
-0.210149406797748,
0.314915959961330,
-0.940670085469575,
0.556758742029353,
0.926103246441371,
0.244493902997522,
-0.0969618501192855,
1.64695500860135,
0.423122613940534,
0.410880931545380,
-1.29687172104201,
-0.0378556852583449,
0.486458686381427,
0.890327091635000,
-0.783001201361272,
-0.0869825243961313,
-0.470275801909701,
0.570568334658023,
0.459913590226341,
0.396840006354569,
-0.158192729555164,
-0.419351985982403,
-0.503443125352106,
-0.868259023643593,
-1.20040628820923,
0.314022837310359,
-1.34671616469808,
-0.575383042107253,
0.686391373107204,
-0.543034839222894,
-0.562043697201468,
0.185718192704163,
0.483576253510781,
-0.0213223099735143,
-0.993337615099440,
0.813581026201195,
0.763698910292795,
-0.602401781072979,
1.02351476034604,
0.240232554089683,
0.403152335093139,
0.360484305963066,
-0.479225726299445,
0.786641054265114,
0.769519870851398,
-0.0888755433941756,
0.491023552202919,
-1.11786540753221,
-0.850723881250406,
0.0877337378008441,
-0.819823482290461,
0.343159195522321,
0.987531383285962,
-0.246689516008874,
0.451570735881059,
0.414678673357104,
-2.77922031900324,
-5.46137009608155,
14.4873559322900,
5.08414495344841,
1.26195636054731,
0.689823345921246,
-1.08638430005028,
-1.12343827730891,
1.31612399873849,
-0.728892005436915,
0.795533228466230,
-0.417477132457355,
0.288456798434919,
0.366154581879327,
-0.330042493153193,
0.328068488486907,
-0.512645808124308,
-0.138700866952775,
-0.696761232328927,
0.643509707507265,
0.255762578876036,
-0.263219985217726,
0.415145962753141,
-0.196043307274646,
0.529541940576594,
0.191543503937085,
2.08813793080328,
1.04482002290783,
0.524364170127486,
-0.624938274578657,
1.13585786273321,
-0.811856108520658,
-1.13549743332478,
0.779241893684808,
-0.434420441130440,
-0.207729757660857,
1.19276227351987,
0.109739670443967,
0.566329970778565,
0.148787644335047,
-0.169919603312912,
0.264660435840168,
0.609230039298916,
0.638116679604168,
-0.314005420985129,
1.23384267871271,
0.548154591983480,
0.616851163019446,
-0.840612344695577,
0.842428564454932,
0.525965333870898,
-1.20968090889411,
0.0430511367691741,
0.585660171393625,
0.164226347846656,
0.524726298026383,
0.581112502759928,
-0.857670555476434,
-0.534841528127987,
1.34705236682219,
0.755887192575020,
-0.333194946209594,
-0.667999843164861,
-0.167919369421098,
-0.00702356818932255,
-0.867773448880920,
-0.868051333954737,
0.243882301884200,
0.874107996656354,
-0.554111488374222,
-0.198203158807352,
-2.02964837745588,
1.09445173392642,
0.614605097168296,
0.755980239070688,
0.280159848676117,
-0.452573825107094,
-1.08624603623459,
0.522333004531718,
-0.279047832256757,
0.531996506423397,
-0.296280307284893,
-0.256674383471875,
0.698255031347483,
0.159286113590845,
-0.351001392758286,
-0.000262985474821932,
0.106221687127997,
0.231252628663755,
0.628895295272289,
1.42575492195377,
-0.396637142966882,
-0.371645313340520,
-0.488325140700639,
-0.712810087367287,
0.0527807269691167,
0.437161067575870,
0.0646344115973865,
-0.477578033056237,
-0.0989544214965498,
-0.373727684009832,
-0.478639578709062,
0.153248810849819,
1.03974058737551,
0.929232531141862,
0.711099364845289,
-0.376681036120610,
0.286640251974760,
0.496340205589214,
-1.45151716955032,
-0.245487193984017,
0.797789618535982,
-1.34580028135428,
-0.244017435919315,
0.188907985598791,
-0.468504810192937,
0.954275619836893,
-1.66205512012915,
0.0460486982206122,
0.432754779348240,
-0.255896977157570,
-0.594565104717692,
0.712237457848389,
-0.606619803482674,
0.609144591823221,
1.68971347008858,
0.445783163320709,
-0.133827099404819,
0.503945829006599,
0.0449159922141083,
-0.742210918571111,
0.242981681149250,
-1.03574238054621,
1.01516938558165,
-0.214771257061476,
0.0665193600309901,
-0.557562455847804,
-1.02244029084471,
-0.390667491226191,
-0.397697407199246,
0.165400079459408,
0.00705196241204460,
-0.348133766997377,
-0.295329116952872,
0.189247140904953,
0.673890282111032,
-0.127523392487462,
0.426150742393792,
-0.283244678415807,
-0.0613553172194563,
-0.0908637684269623,
-2.28334888790791,
-0.796310578012080,
-1.13201131203658,
0.0263083093351002,
1.09309553300127,
0.725165785565685,
1.12988515604924,
-1.36423520089742,
0.984289580472583,
-1.06667807088755,
0.772224426695151,
-0.289615298516515,
-0.0564357380377304,
-0.332180330654612,
0.712144940013342,
-0.0486081341123117,
0.931986646090314,
-0.571406371347121,
0.408889316256544,
0.454841444812050,
-0.291353694908571,
-0.435641936030723,
0.283669166193409,
0.105523992726862,
-0.395811652864075,
-0.501327421541205,
0.742312046080410,
0.0958639478158466,
-0.667778882132772,
0.111551626206554,
0.344342427790640,
-0.00315695825289777,
-0.731890910660947,
-0.350587146833221,
-0.241941376549420,
-0.00535561003186752,
0.656983141920084,
-0.0488894141688577,
0.821691961740454,
-0.260622044127993,
0.689070321476464,
0.414153108674836,
0.118159313287108,
-1.27321047719625,
-0.778274427485764,
0.353731037253949,
-1.17754532769909,
1.02227954359137,
0.0916839790682750,
-0.521780803270986,
-0.719188715708692,
-0.698025473720750,
0.443780071023588,
0.0210197260295222,
-1.49058788884096,
-0.286622339583676,
-0.901703506943086,
0.0428381833503452,
1.24626799683537,
-0.318851704402007,
-0.855790223786588,
0.168176489617756,
-0.0990409455354082,
0.967077404389372,
0.869580172465226,
0.226278212708855,
-0.512046843864918,
0.467208513153612,
-0.384812482390998,
-0.437318446493968,
-0.416715597898422,
-0.197776755158868,
-0.189048147389853,
-0.571424091415346,
-0.339498985907930,
-1.37024701094361,
0.484426208935750,
-1.07973056230018,
-0.417896198082494,
0.905436328249981,
-0.380411160263675,
0.397517766926977,
0.102497432663685,
-0.0542565972843535,
0.0383448089959741,
-0.832075564266849,
-0.598195936531635,
-0.920034719085634,
0.162976260956221,
0.151022684891544,
-1.33738009428372,
0.228047958860802,
0.384634419094242,
-0.363520661560348,
-0.674714818317275,
1.46965265995784,
-0.345211078138825,
0.101753437115681,
0.338433688401764,
0.177358027177131,
-0.534641117433676,
-1.31208033154762,
-0.359157013360588,
-0.0735773621245508,
-0.581754772153461,
-0.360455444031217,
0.256336271844420,
0.203949600554768,
1.15641162734784,
-0.416699797823007,
0.0255678417056429,
-0.663583905853588,
0.805668237952665,
-0.112712272268432,
-0.246693124229136,
0.236382384686416,
-0.978536161104152,
0.345915762070213,
-0.234116876405703,
-0.400615293549355,
0.767192836208269,
0.507738291763331,
0.802867991942511,
-1.15401555123800,
0.292428702658106,
-0.346132795618899,
0.507846591034464,
-2.50208997135416,
-0.692044501392734,
0.536232526182349,
-0.0341487802752996,
0.548045211378961,
0.0905834640723493,
-0.448195517206226,
1.52996665650534,
-0.428022362885103,
0.343596202482080,
-0.937163651188332,
0.526403109778053,
0.156703134885794,
-1.56532257913266,
-0.763993635558546,
0.709989831938401,
-1.08748564794448,
-1.45064093641597,
0.0293696143153262,
1.72399940755696,
-0.340956349893470,
-0.566459125520908,
0.990455999601094,
-1.49653439168192,
0.0641541785193225,
0.705759795523111,
-1.07244092673157,
0.843957991366838,
0.917093598723871,
0.539862581348354,
0.0673408691595787,
0.167734893995366,
-1.61208555218671,
0.168143249981416,
0.0975597670920805,
0.456645211433366,
-0.345661611495914,
1.03993181524357,
-0.523493176138537,
0.0888704853059703,
0.112275619539357,
0.895086556851321,
-0.331612357527026,
0.487126863273102,
0.836573416631495,
-0.910612376052966,
-2.14469000835862,
0.793955767179460,
0.0200309792084403,
0.262499514693962,
0.00364814411774057,
-0.889390963501311,
0.752379379244596,
-0.0666015388934114,
-0.0591919417929429,
-0.449773239309238,
0.0301657545660727,
-0.749334011457091,
0.377684710926534,
-0.761735120936705,
-0.429723407653261,
-0.431431486730385,
-0.580951520373870,
-1.02023720066317,
0.884964659528428,
0.00975630813347967,
0.671622836893203,
-0.821503769933594,
-1.30964366212866,
-0.788606457581896,
0.447224545115446,
-0.567848106835941,
1.27392808547527,
-0.0521281818564215,
-0.533101668049148,
-0.742788688603375,
0.160228011544422,
-0.265207046368910,
-0.760079028630364,
0.495635363999021,
-0.452161590948394,
-0.534667513957625,
-0.278154201984771,
0.470562499314565,
0.0213775265133134,
0.906380940449374,
-0.0955814069615260,
0.520125306892615,
-0.793650405957914,
0.631097139228300,
0.120556749691709,
0.0776001181274432,
-0.0779724192701319,
-1.23706674998702,
0.317503538685738,
-0.230618740972268,
0.476898117943170,
-0.0815974576275399,
0.140354697495268,
0.235361252962553,
0.588819685872511,
-0.0322333161364319,
0.456862581660638,
0.0554525416216883,
0.635389341634786,
0.292131208447357,
0.859335640766455,
0.387254947169804,
0.703805542053244,
0.547495185822834,
-1.38678014298600,
0.339048759162309,
1.01202329697527,
1.70041819707153,
-1.72702421941076,
-0.0336691758887009,
0.123498576394660,
0.550279237819757,
-0.686444054907188,
-0.465603756782551,
-0.249237057035378,
0.444309029322778,
-0.287384222200764,
-0.0430460459536994,
0.461573964898345,
0.0198585209929549,
0.0760068760976872,
0.300673510570086,
-0.0792822190221040,
-0.789837723311253,
-1.28235016160666,
1.14709455657985,
-0.103062907079943,
-0.551227681435964,
-0.297638543053650,
-0.102033933358817,
-0.178693149443489,
0.672474577198789,
0.187541085982261,
0.0854339738996246,
0.123234601185677,
-0.0905678883789120,
-0.649067568575948,
-0.317902852182104,
-0.489019920560086,
-0.162789171446285,
0.153494791869652,
-1.20354939876262,
-1.44523404493865,
-0.568535113533720,
-0.383450711958690,
-0.102340160401584,
0.0593629532195146,
0.454261462233559,
-0.707446742114635,
-1.43353169906654,
0.381385254803723,
-0.633604644140203,
0.660040411168324,
-1.46083351589883,
-0.179506296071009,
0.00236693700840353,
-0.526022683978220,
0.808483695149105,
-0.0164873232753434,
0.468191534660928,
0.380385226507557,
-0.468752794967288,
0.722231697846136,
-0.172379680987108,
-0.0981401373971883,
-0.573835163170201,
0.00320069320782483,
-0.141923776978101,
-0.270578468586236,
1.13706980263971,
0.0125972978644465,
-0.558403306153247,
0.705955899382529,
0.00747310732160512,
0.198927216194390,
0.0782522239529286,
-0.791567787767020,
0.715320834413249,
0.818824506783580,
0.0991218228721911,
0.546768302027721,
-0.588369071376146,
0.912048657556257,
-0.0370129784409565,
-0.506468071808542,
1.49533328043986,
-0.696907273789446,
0.450618436003928,
0.295723144146975,
-1.06193559758459,
0.0563233320938920,
0.594181990237493,
0.596601819363297,
0.479635001550678,
-0.143087505575976,
0.547699540115194,
0.516508981178844,
0.857644192397418,
-0.296188903040313,
1.14219273371332,
-0.0255584829414261,
-0.116990195545230,
0.0425335891572027,
-0.161100932816036,
-1.11054964535313,
-2.53636124263200,
0.704845176858637,
-1.35732711564810,
0.297250132924396,
0.263729500219957,
1.39318624909781,
-0.192714833906847,
0.300480585840695,
0.186041813442351,
0.804620115909407,
0.401288283987174,
-0.0131581414640816,
-0.0615024579687800,
0.320188299998398,
-1.49615901189254,
0.864963487944369,
-0.302866774699817,
0.539593415978767,
0.0385442717857539,
0.118507987931524,
-0.561523125879491,
1.05824627639483,
-1.01419878423246,
0.862489772622754,
-1.12581738798199,
0.0424500738704432,
-0.766944041942773,
0.829934885273831,
-0.352882885511931,
1.17040057219644,
0.288180459236119,
0.176466932955432,
0.684763785918122,
0.458684713503191,
-1.03915394386425,
-0.0621063495651560,
-1.55256247395054,
-0.769029447987443,
-0.901567465404176,
0.276144030814565,
-1.34155597437244,
0.344629966232180,
0.427036676483886,
-0.343448300177017,
-0.432630087935282,
1.53025805336618,
0.263024803077991,
0.0872063341719480,
-0.246431223650379,
0.287223294669908,
0.195290725496553,
1.34724965398153,
-0.427997280954806,
-0.124301804617529,
0.289816756580053,
-0.964683225167210,
-0.450125218361910,
0.137745731173861,
-0.842354214817256,
0.342322308417546,
-0.328762154442801,
0.746997213063418,
1.01098734922816,
0.205849245087192,
0.681138421463858,
-0.449169341620863,
-0.753334584499474,
0.227537689418440,
-2.28124985291901,
-0.757843019888341,
0.310872985525056,
-0.913442105642207,
0.417535833841922,
-0.0773170858694874,
0.394866514928719,
1.32756146560886,
0.628415073565258,
-0.511929194193282,
-0.822847833505594,
1.21969186683023,
1.41396783768087,
0.0680937819277165,
-0.557316061224439,
1.82306759143116,
-0.397107387908701,
1.02623898431268,
0.678405449194604,
0.697508986377417,
-0.254786502231632,
0.636018578548998,
0.310397475595361,
-0.298555499224721,
0.978657491434793,
-0.378703741834589,
1.66217025771589,
0.878499927010000,
0.156600484567839,
-1.64807593736770,
0.640888662257430,
-0.359780843173431,
0.247199117267618,
0.0850632870662490,
0.251409459395978,
0.550007015468996,
-0.116515352921886,
0.584595042966120,
-1.65396757162059,
0.109262898538806,
-0.802612222267811,
-0.571523945405246,
-0.129581312730409,
-0.0405862053608620,
-0.462585313865344,
-0.671282647424187,
-0.0462520258882142,
0.103195560384181,
0.738376933227776,
-0.613470518395125,
0.394881456556046,
0.245621245220824,
-0.200819418989481,
-0.0852340575003302,
-1.18254340742714,
-0.192943245868338,
0.434116461646658,
0.0267900630148022,
0.568922126890843,
-0.696799304008349,
0.342138254923004,
-0.0550405613947789,
-0.280986760970954,
0.457185306587082,
0.249069561076177,
-0.618113605017454,
1.07138473772510,
3.59566578432542,
-3.68102098597401,
-8.89250283810322,
-3.23855426437995,
-1.41678906883413,
0.941586594593650,
-0.667449820674954,
-0.00411501923716532,
-1.07260008641758,
-0.816567427524077,
-0.426980120511100,
1.39725342384629,
0.0821925470698354,
-0.0442916662509640,
-0.800983719126173,
0.191130863499490,
-0.389696696549512,
1.12976888749141,
-0.528000786850776,
-0.596261039836144,
0.414092781769653,
-0.386134124218619,
-0.220682437425400,
-0.111223699750924,
0.0141740652785208,
0.109479434845350,
-0.0563754742332795,
1.13697787427770,
0.0145227671753988,
-1.17784966388918,
-0.729749038290729,
-0.613198407078025,
-1.53034045435412,
1.19478862394188,
-0.597024649718033,
-0.125792432008225,
-0.0573749337141838,
-0.664142469564695,
-1.22394958511135,
-1.04367128004772,
-0.877592716286071,
0.988630387998379,
-0.0941934914921315,
0.0766270614131366,
-0.448393568163781,
0.834783443802035,
-1.63906015598825,
1.22808614118575,
0.273110078021600,
-0.250533815142027,
-1.42824732958969,
0.938309644580511,
0.660214385704429,
0.403022049618148,
-0.664618195119385,
-2.06123506793202,
1.27072306842427,
0.346460145281105,
-0.164611168057837,
0.361403193234409,
-0.816545226421656,
0.0715508906265156,
-0.163560181385815,
-1.37262301368700,
1.00496315705687,
-1.14329095361080,
-0.335972574301861,
0.235939180334857,
-0.0209978307375515,
0.0666258915034004,
-1.09094866674199,
-0.448319672704864,
0.435253219223534,
0.845301855113470,
-0.932208744168214,
-1.39731282995150,
-1.70605161247309,
0.430072215330104,
0.292428602888678,
-0.0683095235009578,
-0.543019676050619,
-0.0833389316357780,
0.802218304695274,
1.20394454478897,
-0.0743437975216067,
-1.23424600601300,
0.404029346639115,
-0.198221624196845,
0.932872511016425,
0.394200452249881,
-1.11930854803895,
0.0128177627120656,
0.379497765134052,
-0.164446830164075,
-0.550391832919940,
-0.792578399534449,
-0.266164378649913,
2.19714197869002,
0.0120601851352294,
-0.524362556618862,
-0.149939865847682,
-0.317968008066856,
0.436052779308597,
0.422200766147631,
-0.169024266848271,
-0.789817256942218,
0.391054886066409,
0.792022108180757,
0.0371705671352023,
-0.119817289194247,
0.578276959645293,
-0.913947590679459,
-0.0827831198171874,
0.394710321925632,
0.296012355707559,
-0.782526749142341,
-0.574344315181049,
-0.267115873669290,
0.0384760570788214,
0.326094018649526,
-2.07985574515630,
0.117698863784946,
0.960713613214937,
1.26051707820025,
0.538791962170318,
0.795201953489403,
-0.951160773153326,
-0.0515341295970448,
-0.791477565593502,
0.454927133797917,
-0.655433832871291,
0.457563618599549,
-0.611237276227016,
-1.88605414580086,
-0.532871641269313,
1.10979588663401,
-1.42641574854865,
-1.04341949822070,
0.743336081081477,
-1.04155239881436,
0.248156335576936,
1.02348051051755,
-0.147013485237120,
-1.12544097702556,
-0.803259653784215,
0.549878066525260,
0.559130679623957,
-0.269805778569046,
-1.04846508421307,
1.03132663185245,
0.119509766025740,
0.981851981727301,
0.344757666644597,
-0.0965415662145619,
-0.411117778208218,
-0.677966339535697,
-0.857562559357397,
-0.0216840827278750,
0.389847312811905,
-1.42494913895652,
-0.578308197706596,
-0.0875002262455263,
-0.270613180769106,
1.05908930878370,
0.242063418938953,
1.00117325220957,
0.633607992479831,
-0.954598452410238,
-0.0920950419117458,
0.155955777604812,
0.606040178629933,
-0.988226316767827,
0.516814863083996,
0.0877622189760413,
-1.93010430976480,
0.135971986073218,
-0.478399153989397,
0.861703287975494,
0.671266843242512,
0.307389099324109,
-0.658073393740472,
-0.511690785909656,
0.131393117670264,
-1.13058396009754,
-0.845915430686362,
0.691267080553428,
1.08801421344284,
0.342616139479196,
-0.118323366677803,
-0.904042850842918,
0.637106868735246,
0.656733508894464,
0.344373865512838,
-0.870616842687750,
0.226203836658196,
-0.737752727022780,
0.184246865991882,
-0.447184634363260,
-0.105610247231326,
0.261721816397364,
-0.977200332925186,
-0.273522218848986,
-0.323833210647242,
-0.00996718828339990,
0.434728916667345,
0.115478934387204,
-0.150561602634958,
0.218103539120282,
0.0844351495151518,
-0.283962702244944,
-0.643977676359191,
0.787577211996779,
0.0992545362151978,
-0.174988110789243,
-0.0532291846824917,
-0.143741514355850,
1.26141055028640,
-1.33779119479310,
-0.777234308799477,
-1.02518814914198,
1.00336374220965,
0.566826242026616,
-1.17240128933138,
1.04775111774862,
0.0979991472523886,
0.529165672983518,
-0.0603200981548323,
-0.574124877152084,
-0.876001834273271,
0.908313241318766,
0.591639140301777,
0.144459677214694,
-1.05142950005670,
0.339932633063160,
-0.290686442940600,
-0.136480106567664,
-0.317746856370173,
-0.0941453941459274,
-0.230674460692914,
-1.51232224029340,
-0.452953255515178,
0.143464374511034,
-0.997968674966206,
0.313449649486274,
0.0216822643041295,
-1.19642206409619,
-0.948952559209729,
-0.0418884981105156,
0.555502331564333,
-1.99706478283482,
0.327652549584853,
0.287131999355441,
1.01618811740344,
0.957575908510509,
1.29814251199706,
0.0976030563539744,
0.650609640437585,
-0.434011614955781,
0.899040087854332,
-1.15869215507775,
0.117791618608883,
-0.208738897465881,
-0.789193457289196,
0.635947212945961,
0.239327107946876,
-0.607898321826156,
0.731139975349404,
-0.158373006044714,
0.553499671731287,
0.675088587893857,
0.909826375258592,
-0.909711231069626,
0.607678302326659,
-0.0488781626033130,
-0.0992879748687070,
-0.0613009313620280,
-0.301901022574582,
-0.454123624878186,
1.68613453351240,
-0.357043667668236,
0.357817158408209,
-0.0609183646112487,
0.387812374299679,
0.373310383829326,
-0.550776255838479,
-1.30564350496634,
0.162265308006677,
0.0493543301746940,
-0.170113094400087,
-0.172698559311060,
-0.363910333793442,
0.585712799304653,
-0.0473302606669385,
0.603736322425418,
0.106627342818375,
0.421167840111705,
-0.402981689303223,
-0.358250366156097,
0.0151955994924942,
-1.49819350297819,
-0.662374848598550,
0.411297206073544,
1.72898149987006,
0.528967064815988,
-0.457683380708563,
-0.634466672123669,
0.894413759262687,
0.584108307508479,
0.313675903006258,
0.855111848202834,
-0.162542422022822,
0.357078127324266,
-0.485981322014332,
0.578040051166404,
-0.711599346988625,
-0.367552136164852,
1.18893166989525,
0.0414925951523537,
-0.296586518184597,
-0.304859471088261,
-0.668943975193405,
-0.188302967161100,
-0.160208889082780,
-0.662393036281527,
-0.605830078357477,
0.0507612301122922,
-0.759601479352000,
0.371197788723674,
0.445341263793383,
0.152276117588449,
1.18819124368503,
1.81918429164189,
-1.41123820788331,
0.332217600027430,
0.201806800012645,
-0.319773482776233,
0.753270006707301,
-1.00107908998537,
2.30794047513436,
-0.574064384232212,
0.546412831352562,
0.750227642068566,
0.441630870980710,
-0.684280065113281,
0.0954765527907752,
-0.329276952395619,
-0.688128888831748,
1.29376127136755,
-0.147350480200871,
-0.956792583030915,
0.411647564667947,
0.245230453177403,
-0.0358538966652866,
0.641132187853222,
0.328842549161105,
0.438269267969953,
0.0450463166581932,
-1.17537251831723,
-0.106661588000102,
1.16479162253171,
-0.385996326304431,
0.888893643073905,
-0.565490832134836,
0.776444172736145,
0.784224924942675,
0.283007298507447,
-0.102186124275039,
0.267978243563869,
-0.701989035713231,
-0.379385041312690,
0.414199661791740,
-1.35754072575936,
-0.206670808051840,
-0.0463531301212348,
0.605601406759808,
1.02602086550226,
-0.619359790758606,
0.203928440356827,
0.781465898979629,
-0.894707958771088,
0.511035366833351,
-0.427450874541924,
1.04234194298990,
0.518392359698852,
0.0568847388900570,
0.934205166801961,
-0.997889700346108,
1.48309814224205,
0.566270009212781,
0.116624458926909,
1.02613233429373,
-0.803942879624754,
0.460956124949255,
0.691964332680720,
1.43671958010419,
1.08226892428626,
0.0540055528348538,
-0.985162559609220,
-0.691344517535771,
-0.187342724761332,
-2.59345591732285,
-3.85925677513768,
16.4907765026163,
4.08574924871300,
0.807410023327812,
0.223013377034119,
-0.333070594706472,
0.612853365385568,
1.62305468062596,
0.249579278629552,
-0.190735043952032,
-1.00631340990996,
0.498323885972587,
-0.407734180011626,
-0.564109031646308,
-0.157408452873141,
-0.730294880672983,
0.691949006637832,
0.0389553775391368,
-0.466711289739751,
0.625464365781776,
-0.679047555110903,
-0.155447566949294,
0.198868465300116,
-0.790578544606889,
-0.829635790983901,
0.508003112359470,
-1.65891207834293,
0.617332495575351,
-0.806157229292614,
0.516295799149238,
-0.202758098900649,
0.162981992207992,
-0.510441707560635,
0.891228039782596,
0.423103503686912,
-0.315520935062555,
-0.992056382980414,
1.05261122423783,
-0.622589373763384,
-0.504198674471036,
-1.54178146943736,
0.238627804329457,
0.896123260280569,
0.845584405337096,
-0.193125896141691,
0.464094450706575,
-0.00825246615586066,
-0.489135895317969,
0.673052546639137,
-0.374245496476439,
0.0499256755904752,
-0.0195183078510755,
0.359165794655043,
0.123474246680167,
0.695700106861965,
0.521692117104969,
-0.0329245817359349,
-1.00721008276358,
-0.639807719685693,
1.88669628085515,
-1.48744790081164,
-0.837626408127274,
-0.0583129266521224,
-0.0982741483322732,
-0.201988911280316,
1.07372759450053,
0.0947306620898387,
0.841195873040173,
-0.101674500316855,
-0.654911208390891,
-1.20531635779778,
0.727102999922083,
-0.862505717515084,
0.277742739940085,
-0.861979269039144,
0.329009362131887,
0.786273280670071,
-0.316451337860627,
-0.383718364330868,
-0.354189514002211,
-0.992717350665771,
-0.566364682825571,
-0.0934111773657925,
0.883641340551195,
1.01870803736202,
0.322506270324214,
0.481998557479152,
-0.574548597605784,
-0.439789451689132,
-0.315581254688722,
-0.688409955614461,
0.765379924484758,
-0.0924006226985520,
0.600122213841318,
0.0790840433336719,
-0.0451098451480852,
1.98575841537455,
0.0753738497335741,
-1.34724704298394,
1.02944312273689,
-0.184197755139083,
-1.51185800053061,
0.529434861759256,
-1.59413924135511,
-0.198419737949567,
0.431147736770224,
-0.552314656383395,
-0.0223507797742760,
2.40100078929684,
-0.0403276883105258,
0.879564798468726,
0.484083617391963,
-1.06607792921580,
1.08889225265063,
-0.597708006445301,
-0.339657665328564,
-0.536347474596432,
0.0294407072457130,
-0.524483232904792,
1.16630333994631,
-0.409133669954260,
0.511623575268252,
-0.704214231460862,
0.374034554372171,
-1.29454737088965,
1.63820001674673,
-0.636137418264061,
-0.235732664071929,
-0.299450839734482,
-0.180391670672905,
-0.390354981335399,
0.329351732754974,
-0.835415071227683,
0.137267940341269,
0.255498415348954,
-0.0303395396932563,
0.735580580879083,
-0.769557238178018,
0.127085259850432,
-0.934912258238873,
-0.571249354566031,
0.0616212222907607,
1.00216527236711,
0.739851185443134,
-0.700168225593498,
0.542546712377501,
-0.384792987424043,
-0.538078958661143,
-1.12854855862023,
-1.18132800139890,
-2.05674506510453,
-1.21305939803865,
-0.253530008000831,
0.00278920925441562,
0.312916748927241,
-0.531152609424472,
0.484327512836124,
-0.506592857979886,
-0.714683626852330,
0.383408122330167,
-0.0627533280481736,
-0.660735673561701,
-1.39196981481647,
0.641308846823227,
-0.229150901559597,
-0.529804694310941,
-1.07961062340035,
0.304124653248347,
1.12648661821934,
-0.0437968050469675,
0.215740893044515,
-1.45790705781387,
-0.599491824540274,
0.114722239337367,
-1.74015787760708,
0.555486034277283,
-0.164032366939255,
-1.06881553342932,
0.781098164053138,
0.437346563039789,
0.127819970443293,
-1.29193545607398,
-1.73042505352669,
-0.357786802538174,
-0.0362098018589061,
-0.923905015884645,
-0.704822044053675,
-0.419256155128741,
-0.854284703544411,
0.449599987881169,
-1.63154183820067,
0.0731967506326643,
1.73471145404964,
0.482083056531417,
-1.15239015196514,
-0.300946928879646,
1.29804528124847,
0.287240396849620,
-0.598506624438108,
0.0163792071127884,
0.952204028902219,
0.851229655367522,
-0.572591893665133,
0.0948098310601666,
0.323616041886164,
0.00993555325377664,
0.838236877448958,
1.98904102135196,
-0.169506294941650,
0.861818351921897,
-0.642622265010827,
-0.564870750038645,
0.248376918317715,
-0.0788130033817566,
-1.83710925412625,
0.586198583009471,
-0.814242521224532,
-0.533388416878719,
0.515820915823526,
-0.00812362887248781,
-0.195070828149058,
-1.24223936755458,
0.213524342001340,
-0.0351490134195632,
-0.254826413941262,
1.43178272177915,
0.0627607711816886,
-0.0711126982372514,
-0.790550760645971,
-0.656008041952298,
-0.512627914999828,
-0.671881194275391,
0.461521538012315,
0.399977473176344,
0.0470735047095729,
0.623422902588749,
-0.345620299109590,
-0.768474236511890,
1.51719345057212,
-0.0861757791346306,
-0.347049871868486,
-1.46240685179496,
-0.419623513219778,
-1.00689854869954,
0.860427253335915,
-0.778740940181749,
-1.09297309275801,
0.415139265801309,
0.453183316092472,
-0.244302736578347,
0.933754205993990,
-0.0802694206188589,
-1.44913707747222,
0.352559352509123,
1.30846354274177,
-0.941586925517141,
0.185599920541203,
0.654484698287457,
-0.151652133333272,
-1.29982153796395,
-1.00367087979411,
0.0813645670783530,
-0.298347568389804,
0.574983402589508,
-0.00655706248298078,
0.129583636302698,
1.46425990869138,
0.665132372198163,
0.350997242351912,
1.72825591158294,
0.218517759702293,
-0.888446117249463,
0.193910738979912,
0.950865900699045,
0.667971330926127,
0.696481595341665,
0.661818340891918,
-0.0763856566961031,
-0.178722464672954,
-0.0418496829680409,
-1.43702819396428,
0.242468193665828,
-1.10263060586763,
0.337470168746677,
0.430344215388639,
-0.0402909371953283,
-0.701486694918297,
0.804945695462823,
-1.08383043449543,
-0.0842407244075338,
-0.149902196071098,
-0.513171834941944,
-0.406976979229907,
0.574447499684617,
0.553897435673941,
1.53572889025582,
0.521369981542036,
0.0565180768234517,
0.444272070775458,
1.38644087406705,
-0.581905270622926,
0.266318241774209,
0.544565878219949,
0.307049198970949,
1.01870598401008,
-0.628638299774654,
0.895302601300945,
1.22035399512513,
0.359753366094752,
0.718953025544881,
0.177491976704089,
-1.48198705660010,
0.385716185959629,
-0.596930202896992,
-0.249320224100479,
0.743451224393305,
0.953371294563152,
0.562335307633507,
0.0737391010081726,
1.48299307126690,
-0.614478110137968,
1.38833504261690,
-0.803484363501302,
-0.600433035430166,
-1.50884642491581,
-0.736253125514289,
-0.443609069374427,
-0.240445468611226,
0.315051994468466,
0.386728597468367,
-0.676114225242596,
-0.481176303875597,
-0.548673841155736,
0.469503647746080,
0.567666460152193,
0.364297860159351,
-0.166796466275310,
-0.312197113548405,
0.241072289840853,
-0.313164805397490,
-0.502039789818676,
0.0174344263849426,
0.910733179492787,
-0.270677716235173,
0.616281202867728,
0.170196853468116,
-0.247050444916711,
1.44316594147479,
-0.552876720735559,
-0.361176919060080,
-0.411251015154852,
-0.875308239216183,
0.136799096795999,
-0.416044528429554,
0.467257068030923,
-0.504315346093735,
-0.0430030325268794,
-1.89486704351413,
0.969044042551081,
-0.801697544891562,
-0.718519828010390,
0.198646537289643,
0.133197636139986,
0.146020866076194,
-0.287918349828677,
0.0892158859484244,
0.225389400847536,
0.331455368764732,
0.916096049422390,
1.11549189165003,
0.422548479769370,
-0.448801144745386,
-0.237638691850337,
-0.481527695808226,
-0.967373391322085,
-0.888327557118063,
0.0421413940170093,
0.544945404755668,
-0.825978459259630,
-0.223930195770811,
-0.714415422072880,
-1.56304872348431,
1.18780780230683,
-1.45823785130601,
0.133829124577033,
0.877036762379485,
-0.692509341832307,
0.173630979343771,
0.212712697533073,
0.528546851212414,
-0.0904494165548883,
0.224889819441337,
0.651682132622888,
0.00518843865030718,
-0.0408222665398224,
0.282480154686482,
-0.132818148661595,
0.0638291885382567,
1.39866862258376,
-0.529399105114026,
-0.402923774925254,
0.467456141564906,
0.115278158108241,
0.0647116891572474,
-1.14295947854772,
0.383129562897074,
-0.423114808118546,
0.634954116071738,
0.344183875726923,
-0.786866566457457,
-0.915148208481795,
-0.0664986539616941,
0.287582345426402,
-1.30915054612919,
0.403350640839864,
0.720440713798435,
-0.319004567159637,
0.238387326066979,
-0.0413229263582297,
-0.893675452590577,
1.05555208155782,
-1.37728445529752,
0.427362031019412,
0.441799982974344,