0.444965604159383,
0.985628571221141,
0.647653570460648,
-1.67731929913550,
0.776907813940681,
-1.88931259749819,
0.555104598986175,
-0.656258365324349,
0.422551847129671,
-0.804497141026754,
-0.425793562522576,
0.131839443041862,
-0.897829060500774,
1.69441399095102,
-0.327867683354278,
0.819573561000986,
0.0928716286792359,
0.179701414908912,
-0.747532511088876,
0.629505046976137,
-0.935310396925913,
-0.102863291203957,
-0.485921382954259,
-0.354175893498159,
0.865361420335294,
-0.725723110957856,
-0.506171553311038,
0.175454915477959,
-0.266690812372820,
0.287033143842471,
-1.14278530037185,
-0.379899488305076,
0.0505565607457132,
-0.444873387632754,
-0.0366813801196733,
0.974425381356731,
0.393523229534223,
1.18029207353622,
0.527519552586617,
-0.739156964375231,
-1.08791625728277,
-1.18762518854110,
1.23006752924627,
-1.25370067912498,
0.502792208334911,
0.854658462559291,
1.29063622539986,
0.0852805245377163,
0.108578611334143,
0.620045021179595,
0.170807660801871,
-0.429978130654879,
-0.225567636776354,
0.877393741621547,
0.184942198666957,
-0.514524055870485,
0.0955284621917687,
-1.43180209321732,
1.15826714441311,
-0.267185262740569,
0.529914556075979,
-0.201034772437355,
0.251606148999866,
-0.153332152976259,
0.924548448920562,
0.0524141658413127,
0.191919854362248,
-0.384965428415049,
0.00855910802089070,
1.00603397045834,
-0.183026800326776,
0.790480226769169,
0.186171959027507,
-1.54229764128188,
0.524049498263302,
-0.739942411214544,
-0.417135435413490,
0.307253508954732,
-0.559246427231895,
0.552104177504790,
0.100827351926221,
-0.515040600425981,
1.07130187489369,
0.407644487933265,
1.12475208488327,
-0.429879030993448,
0.423470430554393,
-0.356662316956524,
-0.258051661943608,
-0.473923385647435,
-0.291289906030968,
0.840170973222893,
0.907260843268374,
0.327417281615665,
0.879408885699402,
2.13926273008578,
0.0943485332170438,
1.19085228490773,
-0.260859403395811,
0.607947629230463,
-0.543068035290289,
0.519936043462642,
-0.269595503433911,
0.00472232303436459,
0.224990835498717,
1.09293290734579,
0.415742800401404,
0.000656368261245135,
-0.152433050046307,
-0.0153408105461430,
-0.298927912140070,
-0.276828757721525,
-0.798527644135861,
-0.632032354613313,
0.0999087851312783,
-1.12146986222114,
0.467147131982470,
1.18835003678503,
-0.793215463851184,
-0.623003588803591,
0.156810790041762,
1.14169392774361,
0.706988761847547,
1.01177684578271,
1.46785373147644,
-0.358048945670888,
-0.339977861422770,
-0.937306710876796,
-0.139216360742652,
-0.785453074613690,
0.630839994711878,
-0.881229412149538,
0.219001283680489,
-0.642088519448445,
-0.409272870802007,
-0.354116602934495,
-0.980860376587350,
0.521711549031864,
0.217087440429277,
0.713461720229343,
-1.31057029868817,
-0.136305539860820,
0.525943053795087,
1.11037078997482,
0.00417620621794127,
-0.392207222168071,
0.0327754975529512,
0.562732624020673,
0.558860258725644,
0.355559165632868,
0.576605436342605,
-0.554854300594767,
0.412941759446147,
-0.390705803106237,
-1.40198863713295,
0.725611126525077,
0.467998144538600,
-0.0724615180843958,
1.22225835180992,
-0.179543166692099,
-1.05939415220769,
-0.165779588816904,
1.31489991582092,
-0.600404401896547,
-0.515736766852688,
-1.59551949185555,
-1.06193399260398,
-0.0376362337150708,
0.0304090978549198,
-0.647484202233976,
0.896761054658435,
-0.136625272254216,
-0.568866118687691,
0.145372397961954,
-1.31629839308028,
-0.606403380737567,
-0.0818507078193938,
-1.30390185247988,
-0.197524159868922,
0.428276696819177,
1.52168434168655,
-1.26717937132289,
-2.04966874837604,
0.535035259651153,
0.433338725652075,
1.45768734032473,
0.548806408647241,
-0.443409768701813,
-0.871776637456151,
0.224008739235384,
1.45990837928021,
0.383053667812874,
-0.117656884249570,
0.127640348507920,
0.0698563765048903,
-0.232971545026998,
-0.210964378815286,
-0.0526491920135124,
-0.0176910051631615,
-1.21870775744098,
4.03533451613666,
-1.12423150730155,
-4.44793107077592,
-2.35644331075354,
0.996216044947442,
-0.277338105192559,
-0.471183094186002,
-0.247801411615564,
0.396215320262443,
1.40652117627921,
-0.219725186236215,
0.00551777794575005,
-0.0650996495452555,
-0.295161125511610,
1.51586088195024,
1.42641495238184,
-0.152723401577318,
0.184495456086001,
-0.469512985816953,
0.805589207723392,
0.0328283832075497,
0.117629570324049,
0.185043650113907,
-0.313595228542119,
-1.24702120795967,
-0.725309254930113,
0.699730168981068,
0.176659528522315,
0.303934627120392,
-1.03037188312829,
-0.0373864695243128,
0.485991025964420,
-0.851753438366963,
-0.162045600212479,
0.397976494141504,
0.167890119130685,
-0.712350079263982,
-0.138448090132667,
0.335760789496275,
1.13189571430045,
1.13575253365477,
0.168700732851040,
-0.0518997455398825,
-0.408062182257926,
-0.792940010810756,
-0.136733225437546,
0.292049741193445,
0.924722596456950,
0.0594188305236186,
-1.30460344973580,
-1.30455523559040,
0.185887507611632,
-0.618818465221801,
-0.898430556685619,
0.206466720930239,
0.498811846851887,
-0.628937734149632,
0.302781805657588,
-0.836981002788775,
-0.224714724224059,
0.859235199628061,
0.411219135541590,
-0.513674319801737,
-1.13431590508042,
-1.55729225468828,
1.01074524200535,
-0.0249353802680163,
0.885349273337493,
0.808143158715473,
-0.178096519886744,
-1.48780163537880,
0.549295731535304,
0.361008670626821,
0.108311400996085,
-0.906163238425707,
-0.174378879997836,
-0.213658531391160,
-0.551826953325086,
-0.590635472004604,
0.222024684835695,
-0.429416284449604,
-0.0391180373497054,
-0.344195019074943,
0.536397975652913,
-0.313282976320715,
0.494982234309228,
-0.492254882557288,
-1.00863274089892,
0.837748128943318,
-0.536067715634804,
-0.967649358794056,
0.692627640371054,
-0.896562547694669,
0.309165974724702,
2.15534570572343,
-2.09562319222060,
1.31979585070098,
0.685235284875327,
0.107133549330739,
-0.213148140331593,
0.118636887296510,
-1.06776364130691,
0.233803886978669,
-0.845886757727896,
-0.969777912230700,
-0.132821090834183,
0.905578843293608,
0.256577042109542,
-0.213078971977094,
-0.432889959553989,
0.970255970363217,
1.31913153174531,
-1.39254536530219,
-0.254901564152019,
0.220016838383400,
-0.837732527675934,
-0.374677873146068,
0.285077616258138,
1.49506968014829,
0.239800482738891,
0.317828938734766,
0.767802365937383,
1.26311843294989,
0.580082018976844,
-0.873977533097781,
-0.0346772111724018,
-0.846392571824589,
0.462584383629090,
0.141991306574811,
0.128298518466664,
-0.464465588731491,
0.723134630108325,
1.14177493515968,
0.666086586337747,
-1.32890604304078,
0.681910857177685,
0.244570886601618,
-0.995875505078965,
0.0342071601722849,
0.126877349654214,
-0.963415231989615,
0.149662105058710,
0.903703055384404,
0.439555412260185,
0.273383050135626,
0.346384073740264,
-0.166816755991156,
-0.656860071575489,
0.401985404592067,
0.657000584164523,
-0.0587755420003032,
-0.0273501952281227,
0.890102156743522,
0.133453984258205,
1.38453309085469,
-0.996328591032379,
0.425405403522610,
-0.796135186457453,
-0.583737814376920,
0.740384104495495,
0.481361088642310,
-1.20316066105074,
-1.61681344765669,
-0.167442405269046,
-0.233666794020959,
-1.73684820568833,
-0.706817663076075,
0.0759549699169018,
-0.438133785857243,
0.392978687370825,
0.670918649190032,
-0.558785779733164,
-0.142011134002841,
-0.453377445316845,
-0.714860315206889,
-0.509852592631008,
-1.12330537543780,
0.535092361875429,
0.742288664018159,
0.338168314512477,
-0.294148186041966,
-1.05377381909144,
-0.151602983176419,
-0.869236636374572,
-0.529433557167276,
-1.70000209394596,
0.828043643805509,
-0.939146961741529,
0.414235301910736,
0.586299035306422,
-0.653467900691848,
-0.908979195317034,
-0.0638117396542120,
-0.714591397839818,
-0.255173591052692,
-1.33223024153230,
0.349111411165776,
0.540875158340188,
0.647087507976855,
-0.509180360911223,
0.567868103998273,
0.408768461590910,
-0.396895059625859,
0.242468621958324,
0.0848691537061345,
-0.127915078651774,
-0.367666936029174,
0.285282524446845,
0.216177190537352,
0.660576000779522,
-0.525600110074563,
-0.879055184348257,
-0.542294605540739,
-0.475824059436099,
0.145285689453557,
-1.89572915794810,
0.737703609321555,
0.255876929002948,
-0.370123891953616,
-0.772366619838409,
-0.166322436677702,
-0.597265322948300,
-0.426538765209251,
0.0979541252509784,
1.24676832458669,
-0.486618104270214,
-0.0980331674466030,
-1.13332566530377,
-0.145501954311203,
-0.250648362203777,
-0.0994064049803492,
-0.257747983172027,
-0.471520558159993,
0.560633680362310,
0.628343027219633,
0.986153709815183,
-0.485519737483564,
-0.701632415553260,
-0.0882404785075177,
0.612283355645544,
0.926904951664663,
-0.258085005586292,
0.571687980063541,
-0.128618948037673,
0.412629919948338,
-0.807597496620758,
0.434598189369945,
-0.711568115046712,
0.0217939808321000,
0.757880055998024,
0.0842328652320793,
0.828249782707585,
0.230297095385395,
-1.14992555309141,
-0.272011074619664,
-0.515265636988708,
0.0219696684964627,
0.307061890793380,
-1.15162907303943,
-0.138187075263265,
-0.849116024982584,
-0.164404847802371,
-0.316000163302191,
-0.608304539659309,
0.541480282375749,
0.530308170958767,
0.154880964341528,
0.430045448284515,
0.840032540782973,
0.0957642176762392,
0.813645751312295,
0.193435288420140,
-0.379650032389357,
-1.52621340226274,
-0.334553061531581,
0.344860252531064,
-1.20302468740037,
0.0873117425496487,
-0.424601703347670,
1.12951224679694,
0.952009074409999,
0.731097793747537,
-0.500428429865337,
-0.585810347192112,
-1.31686765358250,
0.622827937680433,
-1.20551343686668,
-0.465051887234371,
-0.422638918187842,
0.530067879716584,
0.948893559929757,
0.423752420752723,
0.317587796641142,
1.08554336160839,
-0.883059467974135,
-0.458400018235459,
-0.0693934319182284,
-0.728760720865093,
-0.0369642849662158,
-1.39541354073735,
1.13490290345590,
0.601093767787923,
0.678571927764345,
-0.695861535049320,
-0.146888445789072,
-0.747384818245330,
1.56990548665257,
-0.546198318357038,
-0.224508466499462,
-0.684409816264377,
0.752560334151535,
0.154533416862034,
0.0184807611601108,
0.673506457804669,
0.869889277842901,
-0.269672304247707,
-0.225241827235112,
-1.12073478895764,
-0.484437669450979,
-0.182592494629914,
-0.417207347961949,
-0.301586370580725,
0.333099843951137,
1.00184375961525,
-0.781557199660489,
1.32598010060036,
0.420844054953791,
1.03334344097510,
0.410183726834984,
-0.0962045614122817,
-0.155336421387522,
-0.989679761970256,
-0.644044283909708,
-0.874658642267582,
0.757352030028154,
-0.364417700001453,
0.776101766440401,
-0.705755009229030,
0.211337371920947,
-0.514394406076262,
1.00766077629059,
-0.465834651812281,
1.20716163989159,
-0.411332407145480,
0.0625370893422340,
1.18270978460757,
0.0591001151778356,
0.206383118708631,
-0.320401999481234,
0.521849498602135,
-0.944633197985578,
0.696348770225373,
0.513189229436331,
-0.122911891206110,
0.627398458202990,
-0.616542856215299,
0.201458024627536,
-1.23025912892685,
0.124413803937857,
-0.281567341916481,
0.0786798105827403,
-0.125057147611965,
-0.273862049219204,
0.838421772723199,
-0.488302636317003,
0.384399942010224,
-0.307384188289003,
-0.560420208167208,
0.125313738192712,
0.969906616112868,
0.193445571895224,
-0.865175607785235,
-0.282065453550818,
1.05539664307447,
0.0514250301428017,
2.55821906494761,
-0.884915236691207,
1.01243739632257,
0.302995581237460,
-0.593111027990758,
0.684788890694080,
-1.15359739336730,
-0.766719498862793,
-0.486778538546826,
-0.184160464485300,
-0.0127467345281877,
-0.371009431822148,
-0.639865879595817,
-0.784585719661841,
-1.10333776128675,
-0.420795442856274,
0.520726517735180,
-1.18156698425700,
-0.166265138096113,
0.574500235654274,
1.07260269123753,
0.672394453857931,
-0.338043580832769,
-0.257745875516371,
-4.39457875389741,
-5.16592517704260,
-5.63006232744082,
-2.94926971141702,
-0.762548289322917,
-0.416624431364893,
-1.29880356726008,
-0.248922243345137,
0.168993019673440,
-1.29591880262738,
-0.709244571151372,
0.162691709534226,
-0.0386438371868639,
-0.735498756405452,
0.534224488645844,
0.668905874640939,
1.57332983867148,
0.161297040964579,
1.16947742454769,
0.245694390484774,
0.175661976797094,
0.265936607223894,
-0.463660245599346,
0.0444307313292523,
1.00218317860853,
0.691925305789835,
-1.10264731824530,
0.757557692126679,
-0.532898969997816,
0.0252977449245538,
1.27684353138212,
0.130036486977948,
0.580644377266011,
-0.453779856207152,
-0.123940406378242,
-1.20237461080879,
-0.993704309728865,
-0.843456795124919,
-0.758096261382913,
-0.350144356750435,
1.17114731609369,
1.69607523578620,
-0.342156761277839,
0.813457100733472,
0.364929505894862,
-0.811450718139360,
0.0309743867001445,
-1.53276420984881,
-0.0999956604244080,
-0.125627251585435,
-0.592876716743015,
-0.435107645760673,
0.916800200295434,
-1.53395780331194,
-0.371813340078981,
-0.507549411624420,
0.220750877841978,
-0.380837226988505,
0.788019376803602,
0.324588924291950,
-0.945861010113611,
0.894755903229692,
-0.0189916255196868,
-0.758356916016859,
-1.85841524498941,
-0.406788106473251,
-1.04819373720179,
0.495419900884773,
-0.0399011428092237,
-0.565365754651687,
1.23973127375345,
0.252427839450951,
-0.169231382815587,
0.193460046889261,
-0.0982221419648236,
1.58290565416959,
0.981091055160183,
-0.0540447247526100,
1.29230077579895,
0.700701128617944,
-0.473251758032109,
-0.183848486726997,
-0.784069324992083,
-2.24572024856486,
0.0631263614300758,
0.229873027745926,
-0.960462729053120,
-0.914739467493652,
-0.474917956732995,
0.564630343516862,
0.746784108303763,
-1.21436122344802,
-0.0296661415283157,
-0.455986914364743,
0.306268472420446,
-0.656741089540030,
-0.463123406333155,
-0.0230689701739347,
0.602011337823905,
-0.771747420705138,
0.114398840122835,
-1.62517079065932,
-0.125360382580317,
-0.230319717034223,
-0.790591098789202,
-0.120613867632889,
0.879565987959469,
-0.447182593293661,
-1.05302058451451,
1.15895480164328,
0.169664051470542,
-1.00372672971242,
1.02359937214595,
0.191013091213278,
1.16623549652356,
0.115310161670862,
0.322471200307075,
-0.616686460697307,
0.177436829163724,
-0.421366194126351,
-0.537483671773459,
0.633342105179629,
0.793437487324541,
0.345568334636075,
1.44204277277946,
-0.708861899809400,
0.0702651262154914,
1.14498197193011,
0.316508126760006,
0.655301781887176,
0.292427538633994,
1.16006946530250,
0.479662673754054,
-0.866740993471348,
0.0378274028404946,
0.308408603486374,
0.241924094651388,
0.157304862737376,
-0.706816746562399,
0.688251026321031,
0.195262547708074,
0.772951454409578,
-0.614728955729209,
0.104966256428795,
0.00219415000508065,
0.891059654756624,
0.712478504132962,
1.14417796430290,
1.62188034865291,
-0.686488009555584,
-0.816800370290761,
0.0503556688924376,
-0.267609831686956,
-0.241169448987118,
-0.232274257654009,
0.444437302462830,
-0.720909798138101,
0.415350974692586,
0.374933775992736,
0.425710626257785,
0.463955894764849,
-0.399818414211601,
-0.394756413176570,
0.662643734054717,
0.241662062170294,
0.172089743885718,
-0.593583885760236,
0.758360714502121,
-0.685090720861511,
-1.03284873787542,
-0.461800114408679,
-0.313735189427990,
-0.135587904706176,
0.915668319350689,
-0.169415393091635,
-0.987916188678142,
1.27133645260240,
0.602531505801576,
-0.714575682597058,
0.658107138530772,
-0.274160195556024,
0.713867236660962,
-0.122311341196331,
0.366716271869186,
0.975405800833840,
-0.739188777637637,
-0.337379880056884,
-0.448917768879023,
0.0354386498370791,
0.979279905472479,
-0.762218558453246,
0.0169349475851548,
-0.431267148416573,
-0.231070388446319,
0.0215363425603906,
-0.899340456401775,
0.162688844177992,
0.762357428456120,
-0.927529450593803,
0.353015551985372,
0.123367873325334,
0.0575439924355514,
1.15733118342467,
-0.247535698884094,
-1.04225860913381,
0.184180063140319,
0.575237200739429,
0.429444593203067,
-1.29968488209105,
0.993902015489936,
-0.0321212522884056,
0.975573716651560,
-0.715974057835907,
0.0166295866558286,
-0.196987409872026,
-1.05288965638509,
-1.12158431551564,
0.0473795816982135,
-0.565710645923284,
0.382125801070290,
2.01653441179305,
-1.03564044764599,
0.728188133071802,
1.29827174595948,
0.102452782371118,
0.452922398987384,
-0.351410206441152,
-0.450516372168408,
-0.0368860493683161,
-0.795615529717335,
-0.0402072622705859,
-0.755444404824992,
-0.266931353027799,
-0.529160444867763,
-0.714445776046159,
-0.678667564664189,
-0.0974305204412739,
0.970440767661820,
-0.288325066888224,
-0.405067654946961,
-0.521854530274462,
-0.169116932140906,
0.0356720812135635,
-0.199739739662380,
1.14459023488948,
-0.201354952789078,
0.988795087469498,
1.05550256132924,
-0.375142515106141,
0.0112415485598725,
-0.369862469185896,
0.0854785064532951,
-0.821346452419525,
0.166011186494182,
1.16823952734286,
0.854388912887631,
-1.40905144324733,
0.461580691475092,
0.169650947294710,
0.554565666961073,
0.0357419965944115,
0.0266240543574281,
0.664702171590108,
-0.619958680599192,
0.418244425803126,
0.826269761576737,
-1.20170215506088,
-1.05459616913884,
0.979904845683522,
0.936309694476740,
0.921310177047131,
0.433155832120480,
0.779122115609754,
1.37679775504482,
1.28926310641664,
0.137915406829649,
-0.268430214283641,
1.08121873437918,
0.213094446690838,
1.42833932623977,
0.182431593741210,
0.371989013206151,
0.168158763025036,
0.464347790299053,
0.671641410268209,
-0.853521049378988,
-0.0645031814209505,
-0.389486604432447,
0.686493282839947,
-1.01825228676545,
0.608035349197064,
-0.907057203658809,
1.06187209456077,
-0.954548159438754,
-0.872427275105879,
-0.659408305910368,
1.16795356594738,
-0.690619718732989,
0.753536320293000,
0.891946289115900,
0.0777062614197343,
-0.244184086594133,
-0.623457405026708,
-8.43386373746810e-05,
-1.77009207305185,
0.235622150575939,
0.424006273698861,
-0.608434039530677,
-0.0791756893084246,
-0.0484200743415114,
0.489079258016037,
0.200510285067684,
0.156876691776419,
0.106176003117116,
-0.0859043012005446,
-0.0521513749098380,
-0.960264960847701,
-0.409089766663058,
1.09928586251224,
-0.224994437396140,
-0.0149306736290939,
0.345819268680253,
-0.453775664097982,
-1.13907790182371,
-1.43634920975948,
0.148601205675785,
-0.741300097647124,
-1.14369136343134,
-0.726727284027507,
0.252840947031935,
1.02069375405422,
-0.120440056801036,
1.04949602523546,
0.00389511059984113,
-0.848641949260874,
-0.402956453211775,
0.603957482688291,
-0.200295344870951,
0.857198082077946,
-0.382335095407795,
-0.942840392152406,
-0.564160469059609,
-0.0859881524886918,
0.354936369861115,
0.609405984832699,
-1.02323070305210,
0.0697966975041077,
0.729513582743105,
-0.699974475740728,
0.509050966112565,
-0.162657459280806,
0.00819903118404917,
-1.15155975589958,
-1.10739642941086,
-0.926594370158891,
-1.02422985241899,
-0.0925700479546437,
1.23419538739356,
-0.763685410179343,
-0.702759033392390,
-0.563656719881409,
0.0705705932287810,
0.277907185271519,
0.827158152289019,
1.36743114573774,
1.28242166685007,
0.0305504598217260,
1.25128667084553,
-0.263938248837093,
-0.349763570936662,
0.199704575896678,
-0.388334107403006,
-0.370067255350866,
-0.948534290088709,
0.133390802348215,
-0.624906114070682,
0.683804969984033,
0.0109787638926039,
0.569758105939112,
-0.546154068086673,
0.298123939684565,
-0.445981759876078,
1.06248527883703,
0.204237167379288,
0.246857181905986,
0.0791207995648405,
0.772730074131762,
-0.774722928026778,
-0.239803853376904,
-0.270127006453055,
0.461069209022691,
1.21788997655468,
-0.727053791311038,
-1.09437884452648,
0.931006829080157,
-0.00366969227287122,
-1.22130878251270,
-0.452928427913582,
0.123887404362870,
0.438240793244825,
-0.427722381630034,
-0.425911707687796,
0.463585745235754,
-0.755837464322346,
1.06738880311108,
-1.06070229981492,
0.978868881991069,
-0.568702093204203,
-1.48940409118292,
-0.730359856942402,
0.367508956346385,
0.661117321929816,
1.40566240772290,
0.0100744889754847,
0.785246039599146,
0.289209659015051,
0.137400512585017,
-0.553429002563992,
0.362156288969600,
0.951287068534856,
0.0263416730595670,
-0.267150735434593,
0.917969985899390,
-0.409362408755647,
-0.781303624847033,
0.261485867395071,
-0.400190425125648,
-1.55591458023845,
-0.854121856838785,
-0.888332809499809,
-0.0849292507203970,
0.827890219438268,
1.02422037386870,
1.45903816033268,
-0.151755891287561,
-0.164059388965763,
-0.0505467476982648,
-1.17377461412487,
-0.836500923237537,
1.24647803770789,
0.342105673873131,
1.22293763885626,
0.376843125494004,
-0.374378260394028,
0.271625764108558,
0.258185048482487,
-0.470820886915802,
0.00461638868123362,
-0.0101251444659666,
-0.133469845303155,
-0.390774415243649,
-0.320525028503244,
0.221109882798185,
-1.56324783092591,
0.520632931575333,
-0.584084906660210,
-0.193899118532689,
-0.0245938218874720,
-0.517294588961770,
1.87472676658828,
0.266572487514041,
-0.913675100638464,
0.664476366470946,
1.51631684036610,
0.315038832851035,
-1.13642507291617,
-0.0936755405168547,
-1.14333048799148,
-0.649301036887348,
-0.119963514958682,
-0.155803079467218,
0.622450301507180,
0.931177306151564,
-1.79267526778833,
-0.471026558026950,
0.651489231160424,
-0.967718049351271,
0.172947514760180,
-0.185481780423854,
1.77773730191490,
-0.725096278784694,
-1.19327583164215,
-0.0917727615692945,
0.267396166436507,
-2.08689741619192,
0.624508480841454,
0.290536022111150,
0.794226147370889,
0.138749327537165,
-0.159323930612615,
0.379504430334614,
-0.369399157220070,
0.856388547979579,
0.487409981551402,
-0.485714118727410,
-0.502233342038942,
-0.759292782896364,
0.654656281193744,
-0.238808873850611,
-0.297663339273742,
0.0410226400546619,
1.50837398896089,
0.462306451229119,
-0.459653387098946,
0.258197382697067,
0.549628032653521,
-0.262577420295720,
0.957289034515958,
0.534862501423518,
0.463947678599059,
0.700276882563784,
-0.200918987304317,
-0.00713907547589117,
-0.395342452907440,
0.379995950432889,
0.0287981522615729,
-0.280356144735179,
-0.755905919605274,
0.729546631138944,
0.272467341851217,
-1.92776671731080,
0.889314707486937,
-0.833256239166817,
0.766743520278110,
0.956377928616282,
-0.496423159647854,
0.637905993206084,
-0.226880270871629,
0.246200114136803,
0.646817126056146,
-0.751451239491157,
0.410722675158555,
-0.0518154347370729,
-0.834023136257176,
-0.0271103488132463,
-1.74761476453921,
-1.14065645704010,
-0.107697388017557,
1.10729291532496,
-0.266277452698492,
0.523496253038955,
-0.423199729458174,
0.262045785993684,
0.0380095492938060,
-0.0121881659821059,
0.768955327691571,
-2.18023753723218,
0.307003584656259,
0.705481152438777,
0.903596745334002,
-0.0238008463094046,
0.647630882625307,
0.459736946601059,
0.272899722360981,
-0.643427212318703,
0.576515682538694,
-0.767764179770228,
0.403087735623159,
0.640238445542082,
0.109886634646995,
-0.0314364410042815,
-0.262356351589245,
-0.196308213449351,
-0.538446181921340,
0.552438009422763,
-0.527327710327371,
0.473714860805498,
0.880920978714105,
1.03383015645806,
0.494487227887865,
0.716332612615241,
-0.0360244608059203,
-0.832352858686233,
0.119045874926866,
0.211466843905600,
-0.394693179930371,
-1.43023591837961,
0.775498343847764,
-0.436996056105144,
0.157086045444358,
-0.0702968262901675,
-0.743676888164081,
-0.312636098627938,
0.464036455206462,
-0.648171430378460,
-0.962793360366508,
0.107817999457346,
-0.195173902132513,
-0.331951917916790,
0.0773488595854718,
-0.457538099392847,
-1.36323589344714,
-0.490956213577651,
1.54002623727887,
0.712957440799080,
-0.866442036814859,
0.0159759323246917,
0.402129339334147,
-0.148084342901194,
-0.675943969919954,
0.947992662378450,
0.508272851077433,
-0.276796344882395,
1.26243100571994,
1.73843093760903,
-0.576420089441692,
-1.25098565462996,
1.08011570595906,
0.158607456971753,
0.0816430257827629,
0.324747419499237,
1.16562333543942,
-1.60524598532035,
-0.419184600619292,
-0.311404328046355,
-0.278012304245548,
0.445092593595112,
0.246446709042180,
0.752294944217266,
0.443552827208448,
0.515767287839937,
-0.286155510313495,
-0.374104186500360,
0.717807791318995,
-1.89673075051259,
1.68416913453393,
-0.187564491410787,
-4.52430381332063,
-0.427873219351709,
0.965823492231407,
-0.461280241132783,
1.32242113373924,
-0.984048806735762,
-0.608253070199813,
0.809674395606470,
-0.0365163992690354,
-0.363678821313151,
-0.0839863772604932,
-1.16864432947907,
0.515823789628438,
0.892667326015530,
-0.0873320038483901,
-0.785808058474422,
-0.708566472212805,
1.05785235899293,
0.0366305201182056,
0.898941078962356,
-1.61007150179935,
0.836301605652551,
0.0851395527557398,
0.0894031240488998,
0.738055162285223,
0.531830907869304,
-0.282798679042279,
0.129867611093291,
-0.417777599525455,
-1.06991778571330,
0.562864695860885,
0.426062029392472,
1.10308608596727,
0.306337904032445,
-0.0240669800404191,
-0.770894437068875,
-0.0735095866335633,
0.826541549992589,
-0.926993952864032,
1.15361691936470,
-0.504779032375248,
0.748024546404078,
-0.801289304377023,
-0.565982169547448,
0.0142059114565759,
0.556044904746766,
0.428659186384729,
0.0579993383322488,
-0.0987257467696437,
0.662691192777138,
0.714021631622638,
0.0833330524308327,
-0.294888648304698,
0.221037038805478,
-0.140102136727994,
0.294934131385909,
-1.02006805248768,
-0.631679379905354,
1.23167268635104,
0.151090128642899,
-0.941267667875878,
0.166125521908454,
0.469213263637372,
0.655703595358719,
-0.141651508094792,
-0.956003597114874,
0.419626739715089,
0.181562528406499,
0.377993408301020,
0.141115086795488,
0.154685102540310,
-0.0287703030974892,
-0.451478306430814,
0.126920176361366,
0.791075940257447,
-0.0719517392902041,
-0.294824186553009,
0.0243361544054477,
-0.727577037784494,
0.700009956899053,
0.101316383571745,
0.552249711961107,
-1.12624967247422,
-0.562723818336633,
-0.0937411546898659,
-0.550787026056610,
-0.110425572090353,
-0.301019304714046,
-0.878603793275359,
0.283432135167919,
0.0171682675245735,
0.162346292657555,
-0.276530488741136,
-0.514597283657775,
-0.331352303202718,
0.131471820680612,
-0.402944726265375,
0.716916297743269,
0.0708374934816339,
-0.377039277577632,
-0.0782022197922304,
0.830479281755808,
-0.136431347275094,
-0.507028726782978,
0.844824924161588,
0.138369667479971,
0.421104945090072,
0.539656211759343,
0.545466296095345,
0.597079376865665,
-0.138410204360816,
1.50730909454555,
-0.887213620366601,
-0.136918657545896,
0.0110316546066702,
0.00217734679857276,
0.328617341502987,
-0.463003194164451,
-0.349469567632129,
-0.954772577613238,
1.04744235694020,
0.584367086292373,
-0.0124800133223465,
1.29761378183187,
0.777259910862995,
1.57412916731040,
-0.963824139428121,
0.454135575376980,
1.37630374798354,
0.803243328779128,
-0.694060026800438,
-0.126437131265342,
-0.0327385745704022,
-0.253158079932199,
-0.444710816589804,
-1.14476521382482,
-1.04405369336555,
0.779768236782502,
0.346425830358832,
-0.344595000778215,
-0.715328466865656,
0.624245265186159,
-0.0271800778323451,
-1.32881604197460,
-0.693492113762527,
0.179601327305291,
-0.403159805589889,
-0.319191758421515,
-0.180834253430785,
1.40373574471721,
-0.709496538609285,
0.0809793105256425,
-0.377420581424193,
-0.123461212124346,
-0.0347977983187717,
0.629992364649930,
-0.393276670031592,
-0.208980549951293,
0.380766723552440,
0.236174228286732,
0.275863942742484,
0.470640774786629,
-0.0892497534789104,
0.136275896556866,
-0.0727075980318286,
0.478503074528403,
0.790276524447289,
0.865234328909169,
-0.745037679169890,
0.0961298659028272,
-0.370709947617473,
-0.160434321728432,
0.106991589961184,
0.947539520725029,
1.19174493318736,
-0.213944838979063,
0.940616468261319,
0.114256750858684,
-0.325188333282340,
-0.480343292505306,
-0.0920744151573888,
0.827796083220195,
0.124712123239010,
-0.445142094004252,
0.618335478307017,
-0.649680103534417,
-0.265785998773981,
-0.0402703081566624,
0.250710524436639,
-0.0918344889092515,
0.231560978190906,
-0.367023382813112,
-0.980642192104619,
-0.606704435443498,
-0.560894985865183,
-0.116900940902442,
-0.539321203394785,
-0.402654993771699,
-0.449558428265972,
-0.366916458103412,
0.259821988713722,
-0.133472233505461,
0.457393779436887,
-1.46641746921036,
0.328575667496573,
0.105872565842170,
0.156459693589185,
-0.726904475560541,
-0.454941027502416,
-0.407404154145256,
-0.611848991809542,
-0.195029994200934,
0.0374325945176566,
0.729046477662037,
0.180811795983239,
0.490208227571017,
-0.403765978073211,
0.986557590078628,
1.29587749670045,
0.592864531412900,
-0.611931233595481,
-0.396074359206813,
-0.425891346719857,
-0.123059617517849,
0.275594178364702,
0.241253968259438,
1.14347279285681,
0.217753747913100,
0.386789983434237,
0.885554940233750,
-0.0487654895743746,
0.0367579277490676,
-0.396344599331299,
0.431120769978105,
0.126624040955580,
-0.291404539417545,
-0.495393653706066,
-0.272507279673310,
1.06567415339381,
0.835149699800993,
0.573511968483478,
0.434961252356689,
0.664907920046154,
0.146427709149404,
0.469308008392905,
-0.956742966686926,
0.439978955743414,
-0.403110971094483,
0.412598912198467,
0.0861324425907547,
-0.498638027008929,
0.309243395806712,
1.24075224207601,
-0.946180906541986,
-1.03423638844988,
1.56583926266575,
-0.139707046494954,
-0.518129692757791,
-0.781036990021878,
-0.116287026538751,
-0.901896224994596,
-0.422693622922822,
0.199439431715359,
1.24230092999637,
-0.314012364326010,
0.0582421572653575,
0.0970023358172777,
0.140030822939896,
-0.519434170362454,
0.442651398994093,
0.467768477299128,
0.825910501182422,
0.776127283640110,
-0.247170287562921,
-1.25591706181296,
-1.43959430640003,
-0.815840500780517,
0.219152485344781,
-0.859668949695613,
-0.693338230563024,
-0.776626769853773,
-0.271332785680792,
0.612875168851250,
0.141021120648517,
-0.0223386476008604,
-0.211024091658910,
1.11552337949461,
-1.02308204158396,
0.345904196750521,
-0.777127570073362,
0.0825256108334469,
0.590771781368660,
0.371355325577370,
-0.497811806357578,
0.298359594401427,
-0.0789457202420115,
-0.534865397456608,
0.133789887644649,
0.673663198383623,
0.525703131656709,
-0.926654024751364,
-1.07012513939062,
1.03983309905603,
1.08840612808747,
0.257204320232297,
-0.0752744523002727,
0.614442900089715,
0.0926017052687086,
-0.745734160067977,
-0.903019078625598,
-0.240988241415740,
0.833572141739127,
0.573527351820409,
-0.822130526788260,
0.637237100899529,
-0.381336601654139,
0.248280834338054,
-0.887956167479041,
-0.404790024959989,
0.566671360659793,
-1.34147061876952,
-0.343065299009350,
1.57660987147660,
0.506097132636774,
-0.382718097563116,
-0.589976634568471,
-0.638261064486807,
0.946039585177889,
0.440327558281960,
0.0186665266720611,
-0.823294834048479,
0.645209016148848,
-0.226622979966104,
1.20264996728392,
-0.746053363910962,
-0.598798889108670,
0.721522279027552,
1.41531715398240,
-0.816414531947086,
-0.730674863323914,
1.04591014921295,
-0.298988141448285,
1.05825704736368,
-0.871730646597270,
-0.190338853208294,
-0.314416308097906,
-0.827090368270890,
-1.04990378653515,
0.833489078037976,
-1.69339477980676,
0.191562655516403,
-0.455244004476979,
0.448308573919502,
0.320631729694589,
-0.283596136108553,
-0.838551679164560,
0.425529671284903,
0.613806569482274,
-0.424475159187920,
0.200879129833029,
-0.374895437443231,
0.577454309458911,
-0.914005841229728,
0.775572564920184,
-0.132488972558102,
0.0607726403469687,
1.19792699032513,
-0.174552355761550,
-0.206341662441210,
0.141275112279601,
-0.641193246754105,
-0.171003993980824,
0.0607621916341354,
-0.0359677797700413,
0.317996370494106,
1.42179039733664,
-0.408457289361871,
0.708955285169868,
0.605742533174398,
-0.759249141182058,
-0.886947148159833,
-0.0627628009505279,
-0.321083031442905,
0.262068979287175,
-0.947703586704164,
-0.552832080782029,
-0.268033811293186,
1.01029294303939,
-0.256224348165242,
0.904268006651012,
-0.314358541366572,
0.639472644500345,
-0.418463569650133,
2.30866406810572,
0.472488882693032,
0.326825906039726,
0.0152677511596003,
-4.57315393852649,
-3.42999067431389,
-5.83872401500392,
-2.07123808003369,
-3.44186310370452,
-0.427197507915717,
0.182495675521185,
0.535521540690700,
-0.358008406049776,
-1.48284454258452,
-0.341774647876613,
0.389962080305648,
0.292036394833807,
-0.226903507812789,
-1.05468333033488,
-1.00694517426743,
0.336280152284804,
-0.722901764935967,
0.0866287493470273,
-0.325192377469662,
-0.480583882716601,
-0.387686704751527,
-0.290340700316018,
-0.448264383563822,
-0.0923564307133527,
0.464831698190482,
0.247138806754092,
-0.0232066249625337,
0.217444394869026,
-0.573570915820015,
0.125611565683296,
0.231422716364971,
0.905852256838335,
0.447689295664092,
0.228732163936934,
0.0705671375250761,
-0.779740187642078,
0.0921856734436532,
0.0695823945458785,
-1.20267960397417,
-0.709459484138236,
-0.435677682423478,
0.208299228666519,
0.441643355546898,
0.100618174015196,
0.786741615397347,
-0.767888658479599,
0.191213896085676,
-0.0466545433801740,
-0.662346372026153,
-0.508089192859072,
-0.295223994138238,
0.580969401154174,
0.264459277501092,
-0.219524051301486,
0.336764678369894,
0.0809525840799737,
0.292947508654170,
0.561144006812588,
-0.330407897256231,
1.27861132461438,
0.156904131581984,
1.02084204507321,
-0.198618148950138,
1.15434202985537,
0.779463409048671,
1.19185527918981,
0.153561314116309,
-0.626314596316968,
-0.303508938378378,
0.985034973876013,
-0.946592070049416,
-0.156744478813325,
0.204209183157139,
-0.0766357539708636,
0.183216003064251,
-1.14018132285014,
1.21931878606483,
-0.434555073882435,
-0.0233785727470374,
1.12154275931183,
-0.548318565394814,
0.255230024368019,
-0.584495388097295,
0.331470601859510,
-0.415168358895499,
-0.417926922651843,
0.855245197500537,
0.572769874090221,
1.04872645433897,
0.867089978372273,
-0.749795067990508,
-1.42129431164415,
0.110395562185238,
-0.0236434674319871,
-0.940238190845443,
0.149271191706311,
0.427747662230644,
0.147318067161272,
-1.18539109456703,
-0.366177788495793,
-1.12415950308991,
0.834920470641399,
-1.66869392828458,
0.820714589641983,
0.741658760977354,
-0.0750306685608230,
0.321532365524602,
0.410269297366636,
-0.108285400389533,
-0.646351462420625,
0.438112508593146,
0.392494031072609,
0.432543148981705,
0.0665756625559752,
-0.209788670268714,
0.216973740980840,
0.683151142021110,
1.36642456019284,
0.562806687555262,
-0.411722365928105,
-0.396500956147507,
0.300296560095669,
-0.362480137989042,
0.835310401100383,
-0.338558908505391,
-0.442327457731113,
-0.669859669147719,
1.00614056165652,
-0.200086741609333,
-0.983185913226993,
-0.925377925672114,
1.21307217662789,
-0.952210859379437,
0.829496510329875,
-0.630079124142324,
0.824255646618264,
-0.843496454817697,
0.0164186774626362,
0.0647565908325834,
0.121940622152245,
0.767092021642366,
1.10539490313737,
1.44998790282774,
1.33610786154518,
0.791541623421262,
-1.64035657797850,
1.50430721181824,
-0.710319925597942,
0.162562908851933,
-0.965002467112670,
-0.479472605449739,
0.267704973684604,
-0.578187355484984,
-0.220900768448814,
0.161712371896240,
0.579575345035624,
0.792016509600639,
0.420189876532277,
-0.449308205771050,
0.362506969123479,
0.671407832391657,
-0.457727685574531,
-0.605730895092036,
0.800308361850120,
0.467136304286112,
-0.549299488951262,
0.179393176974134,
-0.0876714333528274,
0.423653180582398,
0.667749662702032,
0.318133069439235,
-0.600089082357244,
-0.810250706488375,
0.257311226235444,
-0.575442875779769,
-1.06595195889445,
-1.71945616784637,
0.233044438336803,
0.364107460826277,
-0.713732175935921,
0.784565707642476,
0.521280022854169,
-0.113516836007776,
-0.312043493847211,
0.441651342332945,
0.259441135165308,
-0.282852083471546,
0.00590548059664959,
0.0278373358676252,
0.622519711628432,
0.401830234757006,
0.552849275377988,
0.259669356365835,
0.737959797189910,
-0.823024340459197,
0.397209633373512,
0.488312217526686,
-0.779214417402263,
0.139792390852223,
-0.342695400901928,
-0.729893214661356,
-0.138102905913303,
0.634518784344776,
-0.0607596425193420,
-0.256570376192257,
0.185101245021766,
0.622186951188415,
-0.941297186381100,
-1.78573299227451,
-1.51354265203490,
0.208623257480246,
0.929295523583356,
0.948252097737009,
0.686060824531787,
0.622680410921991,
-0.267782250407207,
0.924201572593634,
1.05602775572043,
0.440808763033605,
0.0775488180375660,
0.363470640773094,
1.83585902159234,
-0.489920519855254,
-0.475814153110601,
0.428780987167153,
-0.302885179762559,
-0.534674054605748,
1.44627136972064,
0.736892761680179,
0.177481319333758,
0.430355763685119,
0.192936286122524,
0.443832776630562,
-0.373347494549522,
0.430698746886527,
0.464419372332039,
1.51041408297846,
0.702481573707582,
0.226652696387034,
0.165755634830600,
-0.496376910519376,
0.105378782606012,
0.221053617799892,
0.635515555990178,
0.289442079960852,
0.493590243920200,
-0.251221750307332,
-0.956647574351809,
0.127008763842283,
-0.625960068183594,
0.310217774980951,
-0.289752664827718,
0.842756217255689,
0.0557496169269370,
-0.355373872512929,
0.497190415062911,
-0.722613029002672,
-0.174845817513313,
-0.298844550309663,
-0.819208282253429,
-0.430430658333665,
0.417212781542958,
-0.856572867949060,
0.130288404616886,
0.689045752591827,
0.756251647253014,
-0.798606669384255,
0.313637584877071,
-0.256311518869360,
1.19214120184358,
-0.189090645279163,
2.22465840621219,
0.368953428509009,
-0.198410078427874,
-1.13959872747391,
0.316187175945111,
-0.765938933909422,
-0.334491177866939,
0.399167899650172,
0.375483665762878,
0.762275620281866,
0.816506490486857,
0.494226658585027,
1.12239161944699,
0.291398924351186,
0.633205061490348,
1.16227295749994,
-1.11376490026743,
0.349198757526128,
0.590364671111245,
1.66446055045171,
-0.872913735111485,
0.793212586775675,
-0.496545832077318,
-0.833629051022123,
0.164636783186404,
1.34724078363421,
0.0552505430518653,
0.694766693141888,
1.39123427195972,
0.411871004288407,
-0.585979656881444,
0.0355228049720198,
-1.40979800515602,
0.0231457428878052,
-1.47988218364134,
-0.533037280884835,
0.381525106725872,
-1.69446216219044,
1.86824732216724,
0.343869564473739,
-0.0648806837223157,
1.15737279281250,
1.11881578751136,
1.04941141222363,
-0.203566138878533,
1.20380385008224,
0.624180850143619,
-0.260784521447892,
-0.320001415802004,
-1.15431305552108,
0.607944579307171,
0.723877226132429,
0.478342430464890,
0.560913022347102,
1.47751455044951,
-1.09218912481013,
-0.252144965077332,
1.16309915045809,
0.565753541962316,
-0.0455048924830988,
0.102685788005921,
0.834751589994715,
-1.18162821301969,
1.22871384315144,
-0.882944446647539,
-0.112188645145722,
-0.577523651132501,
1.07362143503507,
-0.279769401630145,
0.679059178604758,
-0.499709076070468,
0.765799077201501,
0.315702372113277,
0.536276730950488,
0.919285062884389,
0.0648189089632536,
-1.08174004540679,
-0.0974940400531423,
-0.212275687266339,
-1.13239305383711,
-0.0512858017828146,
-0.249169469036393,
0.376018904404957,
-0.424682840610039,
0.949991425389037,
-1.18263194502075,
1.87936090953810,
-0.840855138890596,
-1.31168731902177,
0.266672895542239,
1.03666455197097,
-0.299763472153425,
-2.23042525283536,
1.37208667106581,
0.583307097701516,
-0.488262635701113,
-0.725870858935725,
-0.259510401694201,
-0.0659997211995259,
0.0287333167388661,
0.783466820532565,
0.881087974937107,
-1.10399853016781,
-1.20782506571560,
0.631720619707539,
0.0593961650195209,
0.536389527543115,
0.692464513161986,
0.378322036125338,
0.180385094497120,
0.476255536526721,
0.567980684047197,
0.435329707886283,
-0.193921121744970,
-0.316412760496227,
-0.427474304421698,
0.0669102580962326,
-0.252804797081202,
0.959829486734127,
-0.348340382416324,
0.620650138160527,
0.746845753532922,
-2.22194301793094,
0.310459283010539,
-0.408271258844888,
-0.745818564634964,
-0.0387564370782476,
-1.03253259507743,
-0.624923052083858,
0.130956529682727,
-0.797270041616648,
-0.0774650692009532,
-0.886326074552023,
0.346762993954274,
-1.05985789569365,
-0.131624489550680,
-0.290506459230659,
-1.33353517562399,
0.517072687843503,
-0.325650103862143,
-0.525625586724330,
1.11535142830414,
-0.256351622625677,
-0.259257621191082,
-0.735389702475064,
0.302366151900460,
0.380662842638654,
-0.445398066809480,
1.00112466607899,
-1.00168307564456,
0.854294944219911,
1.03073167621309,
0.570905074727060,
0.308862333352928,
-0.378401911326923,
0.785855573309460,
-0.147154157463532,
-0.286717840916013,
1.23549943028021,
0.187071494555723,
-1.47450847620234,
-0.117825670342402,
0.649369240149981,
-0.685520642686554,
1.29695507541865,
0.491665862686530,
0.647945872958520,
1.22047769826191,
1.33878970229977,
0.160826103616530,
-0.394607361280699,
0.431060274692623,
0.739973448338866,
0.0274078798342298,
-0.0143279185602837,
-0.120901631354010,
0.416082508756076,
0.111709080061118,
1.16026379247259,
-0.229595822842463,
1.49704148087643,
-1.26768085662921,
0.771951868828584,
0.199057046013606,
0.719440319371744,
0.766359063612298,
-0.830916053138969,
1.09662329865144,
0.213626627111439,
-0.110920734965860,
-0.0884537327129672,
0.845701872887874,
1.66374878023907,
-0.317460301582211,
-0.158008477964209,
1.46788533573217,
-0.705363985541995,
-0.212637789574112,
0.825690850774747,
-0.706880990964102,
-0.445590032776626,
-0.353903961635140,
0.0794235982814956,
0.763960850044642,
-1.02159593724662,
1.25410653707198,
0.235507310374482,
0.554552646449376,
-0.346866124427405,
-0.157591995081568,
0.582584993670458,
-0.331962267218275,
0.374574422181173,
-0.890211019952838,
0.388110094605556,
-1.08267749112555,
0.206059948433638,
-0.567625333589314,
-1.00910997192088,
-0.674183888981319,
1.42083086564221,
1.08071755687424,
-0.810895082679780,
-0.360469358579131,
-0.222668914189997,
-0.0286164200764407,
0.412608840958065,
-0.0240953017512759,
-0.831475364977931,
1.26580539417106,
0.567000358525599,
0.112879499141478,
0.230536496804981,
0.177139635918154,
0.527139967280522,
1.43818567614783,
-0.428174692088819,
-0.690725766550450,
-0.620569756255627,
-0.226063774839592,
-0.247153540817173,
-0.199024070269575,
-0.576109638225303,
-0.394990325487598,
-0.364909005361481,
0.349481242772926,
-0.733317404026272,
0.558872895297090,
0.545061375731046,
0.385024134319279,
-0.809422896408271,
0.443474031684685,
-1.63643455601417,
0.329089774915213,
0.162023812001927,
0.330333924069784,
0.427319608283011,
0.392675813826779,
0.0254763270612464,
-1.25319143312616,
-0.866512853508088,
-0.243573912505207,
-0.834259280858961,
-0.397799224389306,
-0.109839404153139,
-0.608316527992929,
0.0852362024911598,
1.43127127557202,
-1.80560392536780,
0.159484794858464,
-0.324140767705896,
0.488049048513161,
-0.443952254286622,
-1.00615341682849,
-0.424434480355769,
-0.977644715220067,
0.777767756546675,
2.07664892382237,
0.313321907627862,
0.00615328177996261,
0.674615892746871,
0.00674018478799564,
-0.363297480648256,
-0.772394501606205,
0.947211089241552,
-0.676681438075304,
0.645913666063351,
0.132891153935230,
0.110517058426380,
0.571992065502191,
-0.590086800145674,
0.336403941357260,
0.133175237123148,
-0.727667405109043,
-0.553013006644208,
-0.766685003085410,
-1.06475166446233,
0.187525304239484,
0.332359587412846,
-0.925533969030188,
0.775408482700239,
-0.205826225190505,
-0.0990719787663561,
0.485597434847211,
0.695693326191052,
0.741791337090532,
0.789106295902947,
-0.0179193376544727,
0.511766835434515,
0.394214425420200,
0.772465397571704,
-0.642837466099874,
-0.264433998262924,
0.103679574557324,
-0.689067243898847,
0.555814094270530,
-0.245533665371179,
-0.523765595582657,
1.05797440369718,
-0.0403477054969891,
-0.707989757346416,
-0.527773873756060,
0.301523773735984,
-0.534920731388662,
-0.439700564866333,
0.807871815521724,
0.764580845346559,
-0.0179792540629891,
-0.548295557142438,
0.189214516914132,
0.0656359817373296,
0.145702467014795,
2.32437740809811,
0.533356753688424,
0.306918602724972,
-0.0404600469544658,
0.334631908459029,
0.187026570813547,
-0.378238333614124,
0.718526667427771,
-0.978602845696172,
-0.703122740242547,
0.381136257110934,
-0.180419457364597,
0.188985210143145,
-0.0707098724933279,
0.581289664483876,
0.839656814497823,
-0.972795562957665,
-0.164850123532657,
-0.0120564716355520,
0.480557404223268,
-0.898556374924430,
2.24360379684279,
-0.996534340447354,
-3.83432230803170,
-3.39981606639766,
-1.35166365043061,
-0.967006183989374,
0.417127540791818,
2.14777546932777,
0.692750540576964,
-0.0227931543622833,
-0.243435208273383,
0.379408105843192,
0.308327114654003,
0.0837772355214690,
0.423031321999391,
0.330868392937208,
0.240436451953581,
-1.04898841070960,
-0.648542177138891,
0.330806861383777,
1.35467983020893,
-0.0346342225824767,
-0.0227057546440720,
-0.237132034605435,
1.50181476183679,
-0.832578319006108,
-0.766336115133479,
0.0389991601582225,
0.693309540332005,
0.0286777851032079,
0.123518377142070,
-0.954669261978775,
-0.313195828851057,
-0.730988892152621,
0.382448662667386,
0.546281688032212,
-0.0917825234948730,
0.441483027253071,
0.877366489114545,
-0.967775343209011,
0.700689321401972,
0.799992907567333,
-0.0593728651736086,
0.0917220500999926,
0.425308314538193,
0.816829858835463,
0.364171231847244,
1.07977888739113,
0.748864972976171,
-1.02083867072831,
0.333985989212468,
-0.112656191124258,
-0.0509414931432583,
0.972014540175732,
0.000944355154701858,
0.748851163921243,
-0.0499060351381324,
-0.392948808668927,
0.0467451085070436,
-0.0571260102716147,
0.106203777512532,
-0.406478267095476,
-1.83464237281925,
-0.868834342522641,
0.430502077110431,
-1.22686214198020,
-0.219881014368661,
0.464667574618064,
-0.839247327319150,
1.41243240578741,
-1.00517173760977,
-0.308746823055838,
-1.20531238501111,
0.0661320527325296,
0.226692957248103,
0.935631934192442,
0.624150972805889,
-0.287773503391153,
-0.0411596283988018,
0.421738949926432,
-0.105596627472625,
-0.848589014744777,
0.296777031005117,
0.825907348387469,
-0.979333003178661,
0.308784975982666,
0.330008895305326,
0.683910847597351,
-1.44649745895397,
-0.446571752303750,
0.271168174583965,
-1.23458682434558,
-0.245949794848265,
-0.788124018024308,
-0.887423887645705,
1.08117127437378,
0.0222177727849440,
0.247816318140513,
0.865635925789756,
-0.550490739152401,
-0.712406583564140,
-0.330320487399617,
-0.174618516926929,
0.496259406224652,
0.419182822885806,
-0.101578362825539,
1.78025475416333,
0.0496614606338387,
0.161603228513856,
0.919959803703086,
0.571729264369134,
-1.09587619395044,
-0.320186973889541,
-0.828985759392208,
-0.113728611287925,
-0.504510646543603,
0.293737900874149,
0.268974797526796,
0.505397525150223,
0.578725884938035,
1.19128093034207,
0.418303680245204,
-0.546732538189879,
0.580522151939188,
-0.582773064836486,
0.303273610406263,
-0.385965740777281,
0.417321878226980,
0.579708806063888,
-1.18144162437762,
-0.899097322129639,
0.221974330001112,
-0.0658728269583873,
-0.351554452175344,
0.111072983324560,
0.265816452453336,
1.30298485991737,
-0.0241434907814109,
0.0318263605363572,
0.244517115713815,
0.0570986286364190,
-0.317030734222858,
-0.207390829290194,
1.82958956542797,
0.262680556311357,
-0.571388927349043,
0.100531355275051,
-1.15423429935193,
0.530904653743910,
-1.46546535076831,
-0.261133982246399,
0.369782633559396,
-1.38818966587465,
1.01181091614582,
0.361948267297887,
0.341039022754328,
-0.0289064769727777,
0.417253890422921,
0.647222787377974,
-0.562442632186040,
-2.15163259340321,
-0.814816750938803,
0.542265543633090,
-0.471181887119543,
-0.686072147821815,
-0.721805805065240,
-0.295506004481162,
-0.465633048934233,
0.169904261698544,
-2.06022936666127,
-0.0220935947556362,
0.450531594615769,
0.844265583524259,
0.608562701045838,
1.31551774745425,
-0.0433062514590675,
0.397631427619261,
0.0600158652355400,
-1.45045115043027,
0.147826366323836,
0.386457048454807,
-0.622947585315507,
-0.815350414212749,
-0.119052096757716,
0.135514151795322,
0.00225320971530443,
-0.179469946635693,
0.401941423599905,
-0.812616286351131,
-1.37910021366134,
0.220637855773348,
0.0159718716757100,
-0.769294719599575,
0.410655520491277,
-0.662543030702277,
-0.243870529045841,
0.650171457664536,
1.12989549596612,
-1.05696133135821,
0.684475965379286,
-0.528433493642804,
1.56999185971785,
-0.993174676229911,
0.0239284120463212,
0.555006439143650,
0.668333495915506,
0.635130096718256,
-0.464089829304560,
-0.989769406138393,
-1.24853198697887,
-0.899820325113725,
-0.735413645407947,
0.604101534458778,
-0.348510318752633,
-1.78010155172975,
0.863267366333154,
-0.292039438056776,
0.0877804620780135,
0.559594788264320,
-0.0700220392031734,
0.141844570710156,
-0.147485336158668,
-0.754269836755617,
-0.521247340982330,
-0.555813907660754,
0.737896295074292,
0.0778402671280195,
0.222128910485414,
-0.192407633638765,
0.322785909419195,
1.10290863157615,
-0.110020557700482,
0.433278739621111,
0.264270136452418,
1.02222465447050,
-0.720944690802547,
1.93251786389243,
-0.960756986579368,
-0.440474837166064,
0.801483656436471,
0.765488850244435,
-0.585772542227832,
-0.976974637821946,
0.0430249008265320,
-0.0188276644008775,
0.797525033629129,
-0.645688081452319,
-0.000549545355317185,
-0.916752026223183,
0.970926705964672,
0.144252365468053,
-0.0843746678976514,
-0.340376774736410,
0.250512063738167,
-1.11037633697072,
-0.155423777111829,
0.421086421743241,
-0.328399834671393,
-0.120138694772024,
-0.0967178468747489,
-0.547662244689652,
0.0523452950897660,
0.199955227056228,
-0.170424394708783,
-1.22267137076616,
0.677674062761443,
0.151346569452095,
0.336475304526749,
-0.305147426849219,
1.46887263495944,
0.506521137210915,
-0.229266325185246,
0.779408891869635,
-0.0362325722040457,
-0.234266495812016,
0.755652636456225,
0.216969937308150,
-0.531189955129611,
-0.768339575568821,
-1.33964885034633,
0.173769978981399,
1.48380221916355,
0.258221823146058,
1.08554505117013,
0.0305886971153668,
-0.592387652478567,
-0.611954569769528,
0.852062883979180,
-0.774887736395657,
-0.659967748060209,
0.666438563179369,
-0.246091097816413,
-0.622576873423579,
-0.727898840244666,
-0.307809806534691,
0.657531631018990,
-0.642407509768739,
0.371588036833555,
-0.476425857267130,
0.583226911870187,
0.140496387904638,
1.04359237943727,
0.669222029610852,
0.389570789646665,
0.0327410621604310,
1.05119941948647,
-0.0415120017151954,
-0.315029800309134,
-0.824408646637326,
-0.201582205419288,
0.383800209104434,
0.00585796926326516,
0.656492083982480,
0.00810414977850958,
0.935339672449024,
0.116441888328162,
-0.929769032762446,
0.889723543239488,
0.772981817755488,
-0.385135044274018,
0.179118237784980,
0.0772336771119625,
0.419180663374311,
-0.449498524970488,
0.294425519715379,
0.917897685588599,
0.329066827863007,
0.791893202730675,
0.377755067726001,
-1.55174334947012,
-0.0245090030157096,
0.855437286252343,
-0.0897311564671438,
0.407019079646930,
-1.14653947451817,
0.116465100916806,
-0.0368272718824961,
-0.735092506768630,
-0.932144009831123,
-0.610273976877231,
0.0170968534474850,
-0.959323574150206,
1.16075502603021,
-0.0763398117623555,
-0.187841040842060,
0.361310832331087,
-0.782714615902192,
0.0754299177902167,
0.629959145566713,
-1.19313611197804,
0.344522775684620,
-1.28528392608030,
0.650591252783403,
-0.871121949597580,
-0.742601990789721,
1.25692825728307,
0.165836676144334,
0.466388977188416,
-0.368268742759625,
0.668968319359298,
0.285932835269786,
-0.686946159509875,
1.12820611535518,
-1.43396639056231,
1.13101520336960,
0.177226128656595,
-1.08908929877217,
-0.311556428313197,
0.0127319685801326,
0.860412733066520,
-0.674199392577979,
-0.424749522286740,
0.627881264088564,
-0.0293485985159053,
-1.55993440321298,
-1.62950492864185,
0.896528107462094,
-0.167016364332291,
0.0148440831091765,
0.477403281107268,
1.49161481588153,
0.582583950713956,
-0.663245404277167,
-0.666823073643442,
-0.986971039699792,
-0.954546611500544,
1.34499058554065,
0.502076967410670,
1.48550946697159,
-0.187674684462035,
0.491719742570675,
0.209674556546991,
-0.457263442821516,
-0.158512411460282,
-0.458298513885311,
0.256028863137376,
-0.347266505177277,
-0.273614491707713,
-0.820127362708748,
-4.16376202405840,
-5.07570452620397,
-7.15062897483845,
-3.22961919665442,
-2.16382185932225,
-0.165084977112190,
-0.170503576690056,
0.0952078317714184,
1.19992915532017,
0.600233470395020,
0.441888434886837,
0.886472508347398,
0.133347465662753,
1.30601640419888,
-0.821253056350544,
0.0419686108048272,
-0.367122302140235,
0.903394291248067,
0.235287513490456,
0.443106756877688,
-0.470058434585232,
1.37255084505410,
0.138854929712944,
-0.743053040550321,
0.0738663932172503,
-0.416766429202444,
0.0735816892123338,
-0.775278697166938,
-0.907416660213423,
0.674983187537802,
0.753678803391073,
-0.230940183172061,
-0.131443775399228,
-0.178586601284515,
0.749888207227676,
-1.27484326248303,
1.45767413300035,
0.432482892304618,
-0.423554850144059,
0.434359136560236,
0.0653178015862516,
0.124535685435942,
-0.271386452563934,
-0.102627330502923,
-0.0725361387714778,
0.901355933576322,
-1.53198216320106,
-0.954192868631686,
-1.29207424261852,
1.16557397890733,
-0.725874513443687,
-0.283538406716543,
1.10040540334128,
-0.977538835705888,
-0.0514852088685869,
-1.38661541570149,
-0.373759670446951,
0.527846654593807,
0.543353934362833,
0.709880485318641,
-0.0267913673596611,
-0.475423167728677,
-0.608257161999342,
-0.685361341594094,
0.185588461080949,
-0.886515614389270,
0.319971165071949,
0.745277200083759,
-1.29615414941972,
0.320072468184021,
-1.08208033902564,
0.458476912945514,
-1.22065924645787,
-0.506890207700289,
-0.342485103575974,
-0.216545049097212,
-0.0664260441970492,
-0.101395617295470,
-0.0367550819549587,
0.365339058705081,
0.410563218570353,
-0.00603088494662035,
0.720842503365423,
-1.31171042192807,
0.703364404549468,
0.237012096846144,
0.276896506032647,
-0.352651037171897,
-1.31615946295021,
0.0927105662258265,
-0.478484149139712,
-1.02242970308272,
0.800254158753274,
0.277077939105912,
-0.142448602881953,
0.472228999642528,
0.725677236958709,
-0.00493537645768354,
0.311949595748741,
-0.0254860924090728,
0.900831003242846,
0.367353367757330,
0.390821549648595,
0.480997082221258,
-0.412473806310997,
-1.09392992883040,
0.0123953094934822,
0.257800648189586,
0.641198180230897,
-0.171253285181144,
-0.373001027686572,
-0.136424856250067,
0.936064422982115,
-0.624471427688145,
-1.14498917191134,
0.0934468509979044,
0.277896705442083,
-0.953712770202060,
-0.605119561622077,
-0.761442634999651,
-0.206691880628541,
-0.407213317626914,
0.337167223415748,
1.61707768017967,
-0.819627367042954,
-1.23978349165440,
1.59104380206848,
1.55453467951307,
0.148512906312661,
-1.07463707020007,
-0.157917604186706,
-0.370301594860134,
-0.826462210302096,
1.33092839289390,
0.399594186804870,
0.0805141151219444,
1.29678069422471,
-1.21989568788434,
0.525706460676594,
-0.129884449681424,
-0.135224241926478,
-0.0519296571997042,
1.87318805849490,
-0.933926748605076,
0.367651846956423,
0.691975515017952,
-0.208156088904714,
1.02214327890697,
1.06464348842237,
0.155359122972898,
-0.569725775884140,
-0.865236904089205,
0.848883408910197,
0.000322677323337227,
0.824146132400632,
-0.434130377097600,
0.524463915821703,
-1.16051291732133,
-1.25364404597659,
0.889190669479095,
0.634660947934197,
-0.250694997325775,
-0.994514832075111,
-1.11574629812167,
-0.352526930361870,
0.980906379390137,
0.731507962511474,
-0.805960024081083,
0.690646856759544,
-0.646460694445501,
0.584748120448413,
-1.33628014410412,
0.828502996929558,
-1.30499842733263,
-0.673386330315800,
0.146580127034536,
-0.475440138246575,
-1.21415531608790,
-0.613016227718863,
-0.300355651938378,
0.109917524716193,
-0.826593460377258,
0.983263084991926,
-0.169532227484507,
-0.319043917784705,
-0.315215719089535,
-0.0194047701953216,
-0.139289833430404,
0.442292405950989,
0.915631157882423,
1.59383507419519,
0.451496418842120,
-0.167588882543080,
-0.680978803964738,
-1.15259415702075,
-2.06983473706368,
-0.308255320204271,
1.42986766950406,
1.36262472022200,
-0.359241348628933,
-0.166636320768823,
0.846039201306046,
-0.674436668823605,
1.29425114219376,
-0.377106128145118,
0.861445993072542,
-0.918987161533379,
0.800851399489351,
-0.00178494436805716,
0.941299342806165,
0.548724768285371,
-0.303268986547190,
0.284984436593207,
0.671644714710448,
0.0433868393762639,
0.123097366250074,
0.419330829355884,
-0.230096896117229,
1.07826230421439,
0.0836670028150157,
-0.0857257597956432,
0.265000809610076,
-0.290768212976523,
-0.441117908891982,
0.0478892050977479,
-0.116601430172787,
-1.10474968367877,
0.824389443896050,
-0.758324331011021,
0.228270501580126,
-0.144381882757305,
-0.287768441053963,
-1.31242380548952,
-0.353939268459912,
0.381766499755552,
0.416509802587426,
-0.293278641437951,
0.285186601172251,
-0.142986606273119,
-0.0205545588454539,
-0.136244328778280,
0.617995537259212,
0.578822423896464,
-0.883264827459172,
0.923929105222107,
-1.03421036735246,
0.236780381893029,
-0.444010450052420,
-0.291451632990558,
0.794095764649792,
-0.130044802826637,
-0.0712731493117605,
-0.222598580379055,
1.39549258336480,
0.170936175817199,
0.00770023954537098,
-0.780407048319234,
-0.458601118587288,
0.793493384455665,
0.416766402032013,
0.324054154027321,
-0.933730686780383,
0.114990371746695,
-0.492458882156667,
-0.0874368233246399,
0.237142013289797,
0.325921748070283,
0.163129458640395,
-0.273865816121328,
0.450228707480362,
0.321692008922304,
-0.340286191020121,
-0.0539205130108623,
-0.293721057514336,
0.897297016325481,
-0.290394411581878,
0.414329685251519,
-0.912622490471433,
0.357013771587872,
-0.377288074421631,
1.20558990427944,
-1.34640760574564,
-1.15454310758084,
-0.104817118804195,
1.10742496326127,
1.26607931646043,
-0.516507158159300,
1.73934622322467,
-0.478483293116921,
-0.698002734414970,
-0.110118155072488,
1.25390156481306,
-0.229801841879147,
0.257874649315802,
-0.443739592796880,
-0.620790654896565,
-1.01337949280550,
-0.114223081186129,
0.774609059096533,
1.54350411231221,
0.159608165253896,
1.75343723769292,
0.113956243132539,
0.187046809779565,
0.718702899536009,
-0.133198338464876,
-0.0258379398269346,
0.782876784597735,
-1.22142571605075,
1.64607792524143,
-0.206160640278128,
-0.121353400414218,
-1.47289430117045,
-0.331916194589515,
0.0957249419244138,
1.05715765092817,
0.395363695395945,
1.20321198712576,
-2.00123406710279,
0.460854193466889,
0.146070570373292,
0.104863903459117,
0.411717871678218,
0.216993022558015,
0.121980905139132,
-0.343918623898813,
0.128231446172906,
0.226040345341955,
-0.642194393799641,
1.18269996125563,
0.130779881596000,
-0.783114187679040,
-0.837258399288320,
0.386440886691029,
-0.251430656955492,
0.303793109309864,
0.255423892267469,
-1.09012632785443,
0.142670928529939,
-0.866247423119585,
0.123997003865338,
-1.58740232965350,
-0.0688134269298335,
0.275004714733729,
0.131533103941771,
0.328404862618853,
-0.0404584960894613,
0.540199087444299,
-0.533355772336826,
-1.08192078830220,
-0.443093807681766,
1.31904736286320,
1.42923334827487,
1.15134713720581,
-1.10748373833830,
-0.415322099199024,
0.358308402724414,
0.780620528707874,
0.236597232941497,
-0.847816461703538,
-0.255046474946075,
-0.494819288311001,
-0.936302742926849,
-0.537658538320363,
-0.188760735419444,
1.35098331982151,
0.429778686045168,
-0.964865688610133,
-0.280527052688220,
-0.774173940324675,
-0.487203221264979,
0.711898044940473,
-0.752569110320359,
-0.546249271679669,
0.573469236225404,
1.69751712614368,
-0.797548315822808,
-2.05254936726594,
-0.182357086291322,
0.115978821567423,
0.802701293098617,
0.253658461838666,
-0.256705077676720,
0.0595834198450505,
-0.321792914059876,
-0.366932536259908,
-0.505962578714923,
0.240173632516126,
-0.188332697869914,
-0.160689934985228,
2.28585288050031,
-0.271838280004885,
0.479457911926403,
0.511340800648948,
-0.354892376488126,
-0.0428605535872972,
-0.510482333882964,
-1.10740206334409,
0.315713368106761,
-0.957233241292643,
-0.471933909218109,
-0.115766280658584,
-1.24105781872541,
-1.10044225971204,
0.0440760514908795,
0.734209553877328,
0.124156867814901,
0.571406018835193,
1.12822245051849,
0.640485564009689,
0.521297553830301,
-1.37778696739457,
-0.0506313821020469,
0.892627103193385,
0.963174328694795,
0.282128048591893,
-0.0157762692518544,
-0.00938983522917231,
0.589490753652444,
-0.203508954767014,
-0.0758902395592372,
1.11821972226008,
-1.23478703990972,
0.472202289042495,
-1.20637201291840,