-0.698056579477624,
-0.0434416608935609,
0.242220866299893,
-0.611219258100617,
-1.10126755198813,
1.35912789760323,
-0.371412554757535,
0.559947986306869,
1.31624190104212,
0.0462497786041525,
-1.19700609695085,
0.184849775003805,
-0.229262715173463,
-0.689774977225358,
0.374416862725269,
0.334321114024359,
-0.429461471780992,
0.692009947330366,
-0.837490472317401,
0.862429912844596,
-0.457045004395710,
-1.00761911254629,
-0.385906432698614,
1.42210952155198,
-1.69301706849307,
0.124170902432105,
0.740131659275520,
0.779149257240140,
1.01684675925720,
-0.653437228116903,
0.579548887474020,
0.108949520577770,
-1.04290236502368,
0.0320028302347656,
0.727323731178653,
0.375300504102970,
1.56250131422878,
0.581340146845834,
-1.51148023866928,
-0.472853801501791,
-0.658347644609286,
-0.566369345361007,
-0.00978423284243584,
-0.0668014205885544,
-0.997480500594498,
-0.669858532159681,
0.207828265892642,
-0.101860556771020,
0.642869474214499,
0.506227940392415,
-1.27468651295256,
0.630091643572281,
0.513799911091438,
0.929957947739133,
-1.79107409363163,
0.538194749774131,
-0.0937676567013932,
-0.682532493534989,
-0.233948649067440,
0.841750408606951,
-0.701196578508012,
0.338472898689950,
0.181986149630981,
-0.746731122603956,
0.332933656598700,
0.307482599287487,
-0.602094055800133,
0.215752369312637,
-0.104565897922771,
0.479051821091365,
-1.16277359080059,
0.123118968264856,
-0.576842398054881,
0.606722112556667,
0.318807221895991,
-0.233296288988152,
0.974657259603954,
0.839019638854910,
-0.967836344617979,
-0.273829265678377,
-0.322627906978602,
0.182203608247881,
0.698979850244940,
-0.840546058379200,
1.17815056401846,
-0.272277031093150,
1.08026607476931,
-0.433386779948364,
-0.0996368212599055,
-0.198730944874460,
-1.08670456391904,
0.261265154068439,
-1.80844368983943,
0.733158808270385,
1.31227677621771,
-0.602587640565113,
1.31991250236925,
0.539826673589454,
-0.163233798201870,
0.616846246982459,
-1.12561769088821,
0.663710006375744,
0.265688195572181,
0.364370996129170,
1.71196203826704,
-0.216974855936998,
0.106714923268062,
0.0810148008684727,
0.408093411030173,
-0.361023001216171,
-0.535394638932474,
-0.0631084013889735,
0.0249592234396298,
-0.741772422783675,
0.794517524058196,
0.732124730773912,
0.635631125677246,
0.775636387333646,
-1.27614142049216,
-0.831301882507431,
-0.742550829265648,
0.864228249634365,
-0.591331917973577,
-0.191276114419835,
1.15784775388499,
-1.14427822055418,
0.950359187126796,
-0.713018853374198,
0.787634849285475,
-0.775563083296354,
-1.48427466895718,
0.922064815349745,
-0.206291398762552,
-0.0183820010635864,
-0.141158396409028,
0.143567409544047,
0.394513299218542,
-0.814888593932866,
-0.160324640174861,
0.372025030861725,
-0.850827438712077,
0.000494718175560069,
-0.275395756186127,
-0.362219009208126,
0.284938867976587,
-0.240077221588225,
-0.659707465020623,
-0.274072567240438,
0.319327409416006,
-0.610528905703184,
-0.336799802823453,
-0.780917182842321,
0.436493184765043,
0.659965791798277,
-0.440258957511181,
-0.261128694244760,
-1.55104132454312,
0.246846916283723,
0.512387346776914,
-0.0106867229111421,
1.48583182157194,
-0.352866709044381,
0.893096282640256,
1.14193430937452,
1.10821483180579,
0.00582219253878315,
0.376503960681002,
0.297582668306562,
-0.399222676398108,
0.108861326841106,
-0.875568757231740,
0.782794448261181,
-0.632650985995786,
-0.934562316955317,
-0.127943662973107,
0.914045116082486,
0.0365804348789021,
0.110539776972244,
0.304134671872328,
0.554440915274714,
1.19969478966184,
0.834815149612208,
-1.58699462440305,
-0.504401923007877,
0.804855819823672,
0.810424324065554,
0.265181920622280,
0.222901044538967,
-1.66951957788252,
0.0305811483234891,
0.207002260717406,
-0.227719218316038,
0.0762287315787690,
-0.389704491277177,
0.414887261481055,
-0.242299508784717,
0.0691464065821504,
-0.470715120183223,
0.330634784083357,
-1.17247883357290,
3.19024261219230,
-0.224712325043074,
-3.61684893110499,
-2.95293566075310,
-0.293209574695225,
-0.318641879931568,
0.387317708783333,
1.89906349985287,
-0.464486704096210,
0.581818716579137,
0.334569139069311,
-0.597536733464043,
-0.368150009049413,
-0.331622448481568,
-0.753346719423931,
1.46440205199981,
0.850893178013308,
0.414701819449403,
-1.10950385927023,
-1.87489452190796,
-0.139068222693774,
0.0942638480072467,
0.313417429504566,
0.247921427713574,
0.0146385165024175,
0.351952353717670,
-0.335775932723584,
-0.185595514866955,
-0.0716062958266706,
0.175729704085318,
-0.834497992056549,
1.14999996981708,
0.580092066975843,
-0.167395852819331,
0.328712017534502,
1.26873100808540,
-0.326708581731470,
0.617329068022925,
1.37074438057922,
0.160180283734158,
0.759115201392350,
-0.0254701191022426,
-1.17811898021315,
-0.267659724603560,
-0.402887771762439,
0.690311341859915,
-0.118052751667131,
0.00371001796334394,
1.00586730136172,
-0.0183360588956590,
0.286673352826142,
0.185151336513830,
-0.0535763814805477,
0.228559056709182,
0.339438909167989,
0.852538728580318,
0.151061717868260,
0.342886105143777,
0.781699941964884,
1.11166846502644,
-1.02243168156031,
-0.0636635753042533,
-0.0362229647976548,
0.0188650717305156,
-0.576702184329613,
0.526989733076329,
-0.942075684401601,
0.693389774000915,
-0.328865927104954,
-0.307340424880413,
-0.765970474075344,
-1.57847970304473,
-0.220831994845693,
-0.0945438783189804,
-0.235178920614817,
-0.932338733680742,
-0.684061308173175,
-0.118136242249812,
-1.42913899056193,
0.505526856967983,
-1.38799332096132,
-1.53697998591239,
2.02794516080728,
0.631824811161122,
-0.410482205874656,
0.670653223884624,
-0.996116971441885,
0.908704729585214,
-0.536120370438910,
-1.10932202925056,
0.218617499648999,
0.253164345895324,
-0.309115356779402,
-0.00802248379127647,
0.0632936619108975,
0.640573733803348,
0.544374622265385,
1.01201329632034,
-0.434525043390474,
0.0813482339189365,
0.120924306509491,
0.415708312237221,
-0.423663155174239,
0.779718152812733,
0.437140728745123,
0.806984191800429,
-0.440959556429557,
-0.123134827679431,
-0.922343194207640,
-0.151802564629543,
-0.410216289790972,
-1.40267940309423,
-0.410283556227873,
-0.139882848696126,
-0.272808997702914,
-0.159808520570382,
0.469521487248577,
-0.913134260578221,
0.303091905060930,
-0.592729119699928,
0.419789683264760,
-1.54993940269010,
0.453011530233908,
-0.922889903643550,
0.469726335905833,
0.527113810893993,
-0.00284362249727501,
1.38095295228226,
-0.0830674725009042,
0.792980535149757,
1.04400999095373,
-0.359680278694617,
-0.222244273707479,
-0.129336102588691,
-0.352387218468775,
-0.884496519231104,
0.319907400831709,
-0.107373079402448,
-0.439272996048086,
-0.255178031334197,
-0.169201495529381,
-0.218594648601827,
0.691491430511518,
-0.257833467792700,
0.604872303004461,
0.589532446785784,
0.338634490261881,
-0.474610446875902,
-0.241375927458557,
-0.210396006503889,
0.361692975897759,
-0.654070304894956,
0.233356473367501,
-0.593116929225343,
0.687995974733735,
0.824300538595521,
0.135677735878516,
-0.00175098051665794,
0.106761330783986,
0.0208593344350927,
-0.545020039327800,
-1.14046202118718,
-0.546512852075036,
-1.07900274731937,
0.0536567217100565,
0.584879110082153,
-0.0937085944141971,
-0.337339061795206,
0.721420790189485,
0.454374004788119,
-0.00921836308435109,
-0.667648543393190,
0.947985451756999,
0.195591398864921,
0.531386254597942,
0.260128136873273,
-0.194797745384505,
-0.114014977949794,
-0.631281816778769,
-0.0260416687882464,
0.0921925212984929,
-0.787365625469196,
-0.00560250471426408,
-0.716197436946402,
-0.357808192954294,
0.554236676625786,
-1.30326689385541,
-0.268939340273826,
0.520144889052919,
0.267457410724765,
-0.937888116478479,
1.18205263242361,
-1.44684830503379,
1.66921439524453,
-0.538431907278262,
-1.12821809202333,
0.331034450102663,
-0.0896894333288700,
-0.748143352131431,
0.0421215362675619,
1.10801650899187,
0.270414776386527,
0.0820438188477555,
0.129667120064286,
-0.347549808960114,
-0.140726911949969,
-0.0551728510981514,
-0.316663177599531,
0.219977167355192,
-0.209587414777219,
0.102381543080595,
0.961820945838768,
-0.426781789366524,
1.12964755115295,
0.321544653996730,
-0.930504899818382,
-0.527675122709827,
0.867659720818970,
-0.334214992447302,
-0.378021138410058,
0.420425449517047,
0.949616955131817,
0.0702603176760101,
-0.762825086454889,
-0.383104732917145,
0.434636198432687,
0.280594738637651,
-0.182686650218504,
0.910264369535067,
-0.528254607788381,
-0.0866811000790990,
1.22886555148083,
1.71391181667886,
-0.774010827664181,
-0.387109767697114,
0.904500115276842,
-0.413398264502097,
-0.154007336603291,
-0.338745466358900,
-0.293678379664553,
-0.0721585436208292,
1.24437882361715,
0.962626087036564,
0.974993334827224,
0.208481031534538,
0.403036777152654,
-0.0512542285628995,
-0.553430116790492,
0.0429562240459470,
-0.0107821832703228,
0.225925672527931,
0.198461332149925,
0.441871458953274,
0.816325136699262,
-0.940228292576319,
0.0966289486246405,
-0.159709605566250,
-0.434280262660950,
0.388804719048562,
0.838112291009413,
-0.214473375782315,
-1.06166172375402,
0.786668960738561,
0.248060130583855,
-0.269087811502456,
0.0529336611208236,
1.12141789806797,
1.22208540979746,
-0.0706678272515334,
-0.188374657584857,
-1.21580632156779,
0.496187468744278,
0.539760525115668,
-0.216336934881093,
0.437662863988599,
0.456871665456497,
-0.100940618502624,
0.352970162677213,
0.335782362531884,
0.411526059945261,
-0.0436276999353599,
0.715532987052064,
-0.209087190553384,
-0.390931639562516,
-0.0349071600052902,
0.257300719552684,
-0.0206018104338679,
-0.205857471170776,
0.818429799537026,
0.880095169417528,
-0.450350236565422,
0.937745082716143,
-0.717032974829186,
-0.909114745841241,
0.381284507622659,
-0.633630207998769,
0.699811325461115,
2.17091263666560,
0.480694037947469,
0.488202205606045,
-0.684786992303611,
0.420171361718259,
0.372474670447368,
0.813888984225654,
-0.220040194459351,
-0.243977734443982,
-0.313900243787360,
-0.585956512346466,
-0.868502424074921,
1.62832377227763,
-1.18999103222254,
0.271225112728473,
-0.909157597947501,
0.519048678433532,
-0.651595514929191,
0.364552253589941,
-0.440167951128081,
0.343792201101403,
0.270606117795952,
0.562114199599319,
-0.774349514225732,
0.866569852475267,
0.257556567057023,
0.235631271913453,
0.368795729379007,
0.195044301754745,
-0.0908625126918206,
-0.783715189742755,
-0.311333261360998,
1.17137540626229,
-0.211585884952160,
-0.115163557684319,
0.239498018587094,
0.691313375897657,
-0.401188308341085,
-0.456721855194401,
0.222249770275880,
0.648980342592147,
-0.676652572993999,
0.466197648817328,
-0.0278991435974817,
-0.329080339083028,
-0.584731987066482,
-0.225014490139508,
-0.472383824647725,
-1.20000329631872,
0.449338470292891,
-0.893243819680994,
0.723098666185100,
0.122670518913507,
0.374111431910743,
-0.102127612315308,
-1.23876280328360,
-0.289583933090016,
0.729645681030601,
0.362292881202761,
0.589295522732673,
0.502637631129654,
-0.0895312575721947,
0.729216769874866,
-0.839996524365913,
-0.275477897906056,
0.371453368776175,
0.771445290783128,
0.611277711603350,
0.132603048259475,
0.249868538593156,
1.45909230785192,
1.04010917031265,
-0.233141021342731,
0.440348060849265,
-0.0454965009160547,
-1.30237779270913,
0.795590023621957,
-0.234740996979913,
1.61952818563856,
-0.673149395093701,
-0.459131369101603,
0.318666414450889,
0.834533670451800,
-0.682306419707122,
-0.763381784242360,
-1.25351085227993,
0.279522961103204,
-1.41743858002827,
-0.197088331683631,
0.194278065595107,
-0.0481330619005416,
0.404825039693295,
1.17181049541363,
-0.474091272327508,
-0.338295662969591,
1.16225169869939,
-0.742752281499158,
0.421021510150316,
-0.611822028008970,
1.30317446972435,
-1.91919251908017,
-0.576416244105600,
0.857769707365684,
0.569165323341438,
1.26343250052573,
0.806321873945575,
1.59686868048789,
-0.655802115178256,
0.313484054126443,
0.0589740123242867,
-0.280175619658029,
0.0694208370561874,
0.324742740438202,
0.0192604022307851,
0.888017946224976,
0.309894922288395,
-0.725987208089362,
-0.257031056819203,
0.633896204515274,
0.536131963438753,
-0.0147384583192806,
-0.260798728149235,
0.683975086076301,
0.540196263077000,
-0.180174860738542,
-1.24392968157447,
-0.0217450026441912,
-0.377588991407336,
0.0972010025841691,
-0.168666891347852,
0.762901683775589,
1.39192384787418,
-0.00379095524229184,
-0.675537328454043,
0.484486775824672,
-0.610184918288124,
-0.328137407453077,
-1.28457809600716,
-1.40021315104383,
-0.517751954618945,
-0.332390965754859,
-0.0269748065444758,
-0.0798626256691327,
-1.08032732104641,
0.360146542668411,
0.570859314756140,
-0.933935545268217,
0.800609840236118,
-0.370854697147273,
-1.26800558494597,
0.382370637719764,
0.669774831453747,
0.231649783938288,
1.54388577198172,
0.172551666439587,
-0.235236101889988,
0.228636743584807,
0.335002472583198,
0.738134925369884,
0.702761701659945,
-0.0969999222078109,
0.233724581729223,
-0.445014749571695,
0.214531215633846,
-0.357790384104585,
0.319116902644407,
-0.125183131954357,
0.498743091580446,
0.448697221009901,
-0.925172012374320,
0.0290469047843936,
-1.22376577515861,
-0.449237386959651,
-0.0140077410110303,
-0.101444376303758,
0.436383638229613,
-0.855150489288130,
-0.210123617889293,
-1.05015782092648,
0.605634845930711,
-0.430830692936071,
0.557833948793624,
0.900760696418459,
-0.152603486627013,
0.540797097146773,
0.139609124529275,
-0.00762950090869158,
0.00445021208532986,
-0.395324380722166,
-0.152366666509644,
0.0960163149044457,
0.288992985407643,
-0.829355696759564,
0.551941768026613,
0.197383768454408,
0.258345884942419,
0.286745566990205,
0.899853503131761,
1.12745773608004,
0.285167924879618,
0.338905351401129,
0.417298495787106,
-0.0659282016453158,
0.299693050979404,
0.122341001453027,
-0.634854192401259,
-0.321569479854198,
-0.336736009732313,
-1.13810060056519,
0.0638442233506199,
-0.0502425305962864,
0.240280457534416,
-0.764385422295517,
-0.705923485578748,
-0.324983279968464,
-1.21474045125573,
-0.111741006575690,
-0.0708886633137752,
-0.177877084374257,
-0.392487567034643,
1.26024596191791,
-0.579449310088451,
0.303001786274654,
-0.392662953926415,
-1.25387989061574,
-1.15132060589761,
-0.475307640429799,
0.213928146245243,
-0.0310378175451997,
-1.49175823938322,
-0.355548046790125,
0.285064185350522,
1.45462897241709,
0.0952519495407160,
1.16912744592993,
-0.891005068282975,
0.689691323336398,
-0.710406872251081,
1.90040338514919,
-0.868832903512798,
0.631283766785792,
-0.854814237753112,
-0.0842366429442980,
0.301495630735630,
0.212370525590488,
0.823778362270443,
-1.43103730507985,
0.210934532514397,
-0.263889901056730,
0.404482640630784,
-1.46090932367285,
-0.436867342787658,
0.0176566622304604,
-0.993772794689181,
0.208506281446455,
-0.464814982194288,
0.348110112682472,
0.0395207271883654,
0.343975186835659,
0.652712934639177,
-0.0545974106808545,
-0.856149390362318,
0.208118983125551,
0.730893442578110,
-0.216167360495292,
0.560109150394062,
-0.393057110198943,
-0.584441332594776,
-0.719640687689781,
-0.803723034764616,
0.260716434487820,
-0.671475812255458,
-0.816607941869626,
0.511015878508903,
0.267484876296008,
0.942659680012850,
-0.768412058140422,
0.827623187703558,
1.13630527563613,
-0.469824412822771,
-0.493163569972921,
-0.0673745774644855,
-0.0393763429434337,
-0.00236600370973692,
-0.253771818022848,
-0.770211786431028,
1.23608700741448,
-0.406714538777985,
0.389780333178998,
-1.41357821787175,
-0.427909338512799,
0.443171685184211,
-0.641860448734864,
-0.0844103545529765,
-0.115614623141444,
0.177837937441430,
0.645218093606780,
0.961039017933480,
-0.171781447892282,
0.403052332161783,
-0.824514358474947,
0.654316277173276,
0.452659135223786,
-0.314374287403205,
-1.28589501780007,
0.145214633280914,
1.10794486456257,
1.34565502822344,
-0.866656918956942,
-1.01108793245556,
0.159755664323800,
0.530836832972821,
0.844928202750417,
0.136262608103312,
-0.688847532562877,
-0.410594844549414,
0.171631178182022,
-0.760167852943253,
-0.626399863373657,
-0.249227536677274,
-1.31173750982261,
-0.393517155674987,
0.269911260177652,
0.703891258585161,
0.471836371585746,
-0.0938871904419765,
-0.579865568929810,
0.681838516577830,
-1.04837621114195,
-0.336171163964628,
0.862111717077388,
-0.850443181973036,
-0.181685132382890,
1.13870177033962,
1.02196462533125,
0.856654941398860,
-0.511069269709862,
0.634344638995997,
-0.659984665836909,
0.456972685004082,
0.371302292427346,
-1.83400283515826,
0.415687670052013,
0.596036532868039,
-0.659800674053356,
-1.08909385175717,
0.323313317553679,
-0.414772178224219,
-0.815660354367673,
-0.964627244383440,
-0.0227516759910408,
0.229187663809657,
-0.0241472192841142,
0.857687325220169,
-0.577376286540144,
0.275752678108384,
-0.196197905227833,
-1.35040795458291,
2.18620441744151,
-0.0739234352215561,
-1.43423958776725,
-0.0871345733227099,
0.108723158606688,
0.0753814951484978,
-0.127540973709626,
-0.720165913516052,
0.560899635131687,
-1.04813826926802,
0.372325464257452,
0.347418638812434,
-0.0907187091425376,
0.0725622514454305,
-0.326529863482670,
0.506144841669218,
-0.290200915800646,
-1.22644097171681,
0.726647931423178,
0.206071395152039,
0.329502683768665,
0.508778958412266,
0.801684938948741,
-0.885574828659846,
0.0810374718772117,
0.384230521764425,
-0.0930133652600210,
-0.406205651864695,
0.623554303815998,
-0.0157143620865309,
0.391893863804554,
0.474400265221868,
-0.534759481636114,
0.223408322735162,
0.377474284676292,
-0.559607504948214,
0.0854514062455382,
-0.562829784244838,
1.56290674257914,
-0.277135736471267,
0.458092550362106,
-0.469855582350845,
-1.00819631439406,
0.339579481043445,
0.587595875681917,
0.522800447177241,
-0.427649512832534,
-0.151616137587774,
0.913960609410420,
0.350316830973160,
0.485980474129745,
-0.453804568012842,
-0.352037787996641,
0.653231989523210,
-0.243743474213185,
-1.09808630703140,
-0.595925378551648,
1.31792586927981,
-1.62905448175794,
0.584955969578942,
-2.03960695411802,
-0.696147231990752,
1.30124036768357,
1.60813191705055,
-0.588440038848285,
-0.932751137376510,
-0.485951747211899,
-0.875505301445734,
-0.00253599572477414,
0.151931203427462,
0.429586059205960,
-0.343918221484376,
-0.481739763972526,
0.550749303454117,
0.606391901298182,
0.198649534145399,
-0.439989592988223,
-0.262002375120390,
0.605882733550442,
0.346528212908998,
0.0924418705206449,
-0.148409801584043,
0.0904319678526985,
-0.845825328966005,
0.428892976644119,
-0.284673099850055,
-0.883907338083402,
0.0288865063378688,
-0.148966480952057,
0.201357302047279,
1.12723163333366,
-0.541084385776630,
0.265903122052392,
1.43089856882825,
-0.198280446075113,
0.371268780870872,
0.0615507233759590,
0.0980156671558302,
0.359812957830779,
-0.0871465368406018,
0.644783842440508,
-1.39975713155803,
1.47924256833946,
-0.167254615345158,
-0.291879051875315,
0.469939522353037,
0.420689516471911,
-0.962978068291954,
0.360006315055057,
-0.440936749906021,
-0.777981450354922,
-0.265279264076969,
0.580210144590889,
-0.0199588526826201,
0.698709338211652,
0.0734509537385899,
1.55794278322775,
-0.0523101527740185,
1.01418654955692,
-1.05469876927306,
0.215172439348529,
0.170202046366336,
-0.466163338817399,
-1.82696851814519,
-0.785386165853468,
-0.0356675394138215,
0.803798750398638,
0.120467150416360,
0.429375236715911,
-1.39137372332659,
-0.932390167776612,
0.0294445215581102,
0.333107377886341,
0.612732718058886,
0.408414134641775,
-0.0447273236517648,
-0.203589684001180,
-0.0898133897341882,
0.676708054855475,
0.350209767389045,
0.443870419460367,
0.250704522691451,
0.144557958105266,
-0.954601280548565,
-0.260895286386434,
0.327337988469787,
-1.11671394630594,
0.683897208477690,
0.459998635050138,
0.455456548719201,
0.888049863095052,
0.269964068975858,
-0.810839641967755,
0.575630645782306,
-0.236101484678816,
0.197222725120630,
-0.605808872948600,
-0.368619210195155,
-0.737847524122812,
-0.0365164101335436,
-0.491259709098356,
0.200271493457391,
1.52969444936970,
0.559112581767746,
0.651191050770451,
0.183622474959874,
0.333637720016712,
-0.0981921396386287,
0.853481777341627,
0.658948501824364,
-0.0648034234409544,
0.0554426199311786,
-0.199305480611109,
-0.508323015017472,
0.944746479080093,
-0.841148718784098,
-1.08054285694870,
-0.428944936013500,
0.215990289557150,
0.0530517456252491,
-0.131791957499618,
-0.0293870700241596,
-0.171499996560750,
-0.0727287832321213,
-0.461096183507349,
1.26979910507886,
-0.372828060349934,
0.899636021655265,
0.0417648587081157,
1.00515273484425,
0.0780222265045994,
-0.330490414531453,
-0.871626561651250,
-0.639747820706830,
0.562174133569494,
-0.419867336401146,
-0.534696110878808,
0.873741350384733,
1.29519536530025,
-0.335526674297762,
0.751145491642646,
0.864098880570146,
0.182366786078634,
0.449870253651854,
-0.127607068200518,
0.503975132257515,
0.600927489597781,
0.275170227782751,
0.693550741688266,
-0.772432544602757,
-0.913301059585465,
0.597617313918452,
0.437117696094437,
-0.213736991799296,
-1.86105631626056,
-0.488274279033113,
-0.619235933155975,
-0.511349732486105,
0.383857759381420,
0.576295246644337,
0.00202883825226534,
0.457544990500546,
-0.185947636162591,
0.977344747554011,
-0.749648921026837,
-0.112980283137890,
0.772241936778446,
-0.0529132904716336,
-0.974453531808299,
-1.55612218296549,
-0.132835744715984,
-0.605911987024812,
0.226891332293262,
-0.555642094520142,
-0.484880956616288,
0.736479648541128,
-0.948636055833787,
-0.792147644518341,
-0.0319134037302526,
0.334141753988769,
0.0245712489951399,
-0.485494098321526,
-0.0313981760907386,
0.662707408460150,
-0.698971213468652,
-0.613691776442902,
-0.00665910436060873,
-0.429329622657561,
-1.23900044361047,
1.38776246290095,
-0.699414633506679,
0.589485100497667,
-1.07469149635622,
0.571157298807490,
0.866200824867259,
-0.457876508867879,
-0.427508334391940,
-0.543968236835762,
-0.0340195134513895,
0.0673806235847314,
-0.465639757220464,
-0.755609683757704,
0.131293023230098,
-1.44113007118790,
-0.548644363002721,
-1.02272785190652,
-0.939847436619930,
-0.471623910167851,
-0.582023368911685,
0.873897953429153,
-0.663990241189943,
-1.06202595164104,
-0.144408129303827,
1.30433126830435,
-0.848423026371123,
-0.616537810526339,
0.214644887133541,
-0.908825952823040,
0.139651451751543,
0.163977137146460,
-0.922574225235029,
-0.129676224297803,
0.207184336683556,
-0.0505781318378751,
0.447460048401962,
-0.514244219311712,
-0.817004406614999,
0.610771981121487,
-0.223906937502994,
0.0220907664115340,
-2.20288553132847,
-0.939304584006842,
-1.22487921974741,
1.64934768400213,
0.207912270095315,
-0.0279533071405569,
-1.56696991910938,
0.110119417216173,
1.14502928572453,
0.0723361633418042,
-0.373857090424312,
-1.64495784935681,
0.205209567047466,
0.0111796008804718,
-0.248746206963071,
0.509180557027838,
-0.884574568291709,
0.755185484878597,
-0.387459935944201,
0.132215740476618,
-0.0348055915178567,
0.253149806169338,
0.144023622770828,
0.542837407318894,
0.153098020730014,
0.803102680113262,
0.396797964318265,
0.0507224367841395,
-1.15948795491928,
-0.767425039270647,
0.814908280008029,
0.802486277788976,
0.871349797741803,
0.178766602987990,
0.911560596285564,
-1.18825394786950,
0.652080714081575,
0.716759901523465,
0.577089128640511,
-1.85612216503387,
1.23166752538339,
-0.703703967607273,
0.159220339923407,
0.153069631615620,
-0.725242852890395,
-0.439692521916930,
-1.46235403073163,
0.190721132714082,
0.532219665633960,
-0.635079766890950,
1.32244366180657,
0.237196089955998,
0.895837821878730,
-0.664583941668847,
-0.762511617193656,
-0.494748193743504,
-0.850765098511411,
-0.170069365904167,
-0.0593494807964926,
0.625144428585132,
0.452570706882271,
0.480222607757236,
0.919226193565465,
-0.685209562787076,
0.821219960425628,
-0.949945564946896,
0.854542482008194,
-0.600273808503699,
0.0737286228358384,
-0.0298195950293567,
1.25596139691298,
0.382487244232678,
-1.07792985385148,
-0.872025823100487,
-0.785301012429178,
-0.391474162259093,
0.558770485702258,
-0.0367362321717116,
0.714436469975943,
2.83767641997025,
-1.63419875937965,
-4.44540660896798,
-1.55188218763854,
-0.961273876221214,
0.459316331985092,
0.142003991634640,
-0.446589403715934,
0.0725388790092580,
0.457703401419827,
-0.892811088119315,
0.730536930504961,
0.734629408405871,
1.48093002241116,
-0.0994358524787898,
-0.663919939118310,
0.559134996046936,
-1.54867647259263,
-0.282667819575041,
-0.675824314770057,
-0.478117555315029,
0.365042516143264,
-0.506417319469656,
0.407106996460715,
-0.472161314198712,
-0.690612593349250,
-0.804639670587702,
-0.818944088556616,
0.121851419998103,
0.477890376233536,
0.237789194233028,
0.852763963274113,
-0.279678158477422,
0.465683815648010,
0.329069516741158,
0.709959364258720,
-0.0660843065740188,
0.220397644827779,
-0.377832731221487,
-0.343297314628058,
0.241911315096294,
1.12999304012124,
0.270565951442214,
-0.161625509444237,
-0.757270840490304,
-0.293804797262964,
-1.97701268139731,
0.791032009764999,
0.995059166404323,
-0.632513690240275,
-0.274182358908527,
-0.585624382675959,
1.21519394116894,
0.556342588897946,
-0.700283628144809,
0.912164483640448,
0.178036618658821,
-1.10034321097694,
0.285553508562676,
0.648052372856997,
0.667731128427816,
-0.258180368884914,
-0.401501523989331,
-1.20141470088202,
-0.323368282691694,
0.0275413034990069,
0.866674076371750,
-0.268710388356588,
-0.216956078558955,
-0.329028300122917,
0.245194224281646,
0.0963458526661604,
1.24431327044564,
-1.02435339576659,
-0.238010316041304,
-0.703740874250750,
-0.0512407313399299,
-0.418259155616955,
-0.173970461525585,
-0.773631480722163,
-0.0128153204702838,
0.722617509486779,
0.0901202980740306,
-0.270608372860339,
-0.641728207066922,
-0.297426261270259,
-1.18815230042695,
0.476612677353344,
0.661431839716889,
0.0705400609267323,
0.379008389185121,
0.103637200046759,
0.175103487487955,
0.412687090959222,
0.655337799598161,
-0.819646423558289,
-0.407714309681662,
0.00931992147026392,
-1.99033884266200,
0.142497096051391,
-0.492248205654015,
0.558304726578524,
-1.07576842724777,
1.05324255717261,
0.802497364911469,
0.707799311668705,
0.0591704158302878,
0.952902971315261,
1.02772244196204,
0.501545550834374,
-0.323920342761440,
1.06324956049158,
-0.360308517064425,
0.00765702637673680,
0.378208477592204,
-0.167309934446640,
0.812107639429307,
1.04422270069987,
0.847369814026440,
-0.164111554493013,
-0.163843518871312,
-1.36762920730295,
-0.364802199404122,
0.102904303636974,
-1.23867943077885,
-1.00352719409564,
0.173562590615910,
-0.291611927222526,
0.105850369443749,
0.850987832080117,
0.419009719398376,
-0.530354169127106,
0.226338842613429,
0.132276952858683,
-1.05202675481551,
1.66631924404450,
0.216752719293303,
0.0689641151714776,
-0.802724843825268,
-0.464531280239314,
-0.235607259826105,
-1.19560694314460,
-0.215388134373126,
0.834782406623588,
-0.298542455455809,
-0.250579368189287,
-0.0329056365316259,
-0.00991686616173459,
0.272688188380971,
-0.993921342609736,
-0.675797730831353,
0.266781022686340,
0.107037350914986,
-0.313986532866002,
0.172697482894394,
-0.110694245913927,
0.965437083186058,
-0.331973129353667,
-1.16270893154817,
-0.112340697967189,
0.707539366038272,
-0.340565563327302,
0.534908451243403,
1.06287640709853,
0.0623327971187969,
0.799818353479609,
-0.134929665663841,
-0.247879436525983,
-0.195826572636614,
0.465679348313488,
0.251463758350522,
-0.0556335754893956,
-0.482801086080155,
-0.0971521466491328,
1.15438588199631,
-0.204304016762631,
-1.04798759154725,
0.468591350444067,
-0.433301810868038,
0.719184853486410,
0.744611619157261,
0.101980955609095,
0.423043690361764,
-0.0149045446217094,
-1.21312687380438,
-0.807655696182394,
0.310797314120813,
0.723111605087871,
0.326443451457870,
-1.04751856930473,
-0.456220764288557,
0.348539612844369,
0.639843907355644,
-1.16068521721445,
-1.84846930981497,
-0.815517015202060,
-0.801219748786050,
-0.434418439354464,
-0.500232121542598,
-0.775054141303174,
-0.278082825818696,
0.430068711867121,
-0.0631724574834549,
0.151196678539725,
-0.124526665697471,
0.340439889686407,
-0.632072776308946,
0.0724533520429098,
-0.552762385549427,
-0.0557359537927938,
0.367165213970848,
-0.402387172759901,
-1.58794911045476,
0.117181994098868,
0.183543307074517,
-0.121172265581779,
0.00239157874015435,
0.225500795785199,
0.378051687880568,
-0.338664999387504,
0.755273058611775,
-0.435921068248321,
-1.43241903622018,
1.00723869358080,
-0.0234004021784332,
0.822297524404612,
0.322278601975765,
0.593876182211969,
-0.0733727705776839,
-0.180898269357485,
0.266540502468757,
0.209886275539338,
-0.619033929155769,
0.160385583316614,
0.135373814820171,
-0.100133199143295,
0.0820425031228176,
-0.259481359335141,
0.796477164732365,
-0.762330956021983,
-0.0657657661676351,
0.788625024610956,
-1.06492215246365,
0.235954710686626,
-0.318133716963748,
-0.549481537406563,
-0.171789987840027,
-0.934499925348988,
0.886828481955154,
0.681480457792588,
0.401557695606859,
-0.605105918851636,
0.685957405169498,
0.311085555677090,
-0.796940013894324,
0.248650157273715,
0.376039931585759,
-0.309370735432110,
-0.168836896838932,
-0.124639920133393,
-0.752096658804892,
0.354838431152792,
-0.212487631589109,
0.363276684987175,
-0.402375601163671,
-0.260971452725371,
0.298830032610046,
0.155080191001575,
-0.520079004122157,
-0.993384817030273,
-0.558720478252668,
-0.642752287423967,
0.226817956685798,
-0.255409418059092,
-0.780796679818403,
-1.04770144543137,
0.768152350269654,
0.0780139546870243,
0.925381472278782,
0.330177143977583,
0.969043294622403,
-0.692308974889685,
-0.673689318522235,
-0.394815533023101,
-0.329812834563970,
-0.343350110457046,
-0.0901388791330317,
-0.877881245694729,
-0.732995385658664,
0.458825544159973,
-0.766290687036078,
-0.0625198037633466,
0.197058650981356,
0.232295873450333,
0.159549199246476,
-0.990182232001923,
-0.0565346385489279,
-0.154497586171995,
-0.598011036392955,
-0.391651055281467,
-0.208131374438509,
-1.20075327941577,
-0.233697984736237,
0.450517623373421,
-0.966929604439027,
-1.00157495000320,
0.874773441255091,
0.339439786677506,
-0.251770341718913,
-0.866956968494075,
-0.930553578017952,
0.757525750761810,
-0.516897969802582,
-0.682818287654425,
-1.14654163656526,
1.38304119949076,
0.518792302299809,
0.360376166577751,
-0.200473333946607,
0.530297789540536,
0.251521419591026,
-0.0494090770750515,
-0.236660301893358,
0.151364174243267,
0.316010333225529,
0.605198915349347,
-0.647255187493277,
-0.119852264291219,
0.0562792262760082,
1.00751117426820,
-0.989343064276553,
0.773014705078528,
-0.867423132227293,
0.271400853325526,
1.06771513471812,
-1.49599738485727,
0.506973396824565,
0.347870627257144,
-0.671387810845896,
0.723039353084731,
-0.419940997141533,
1.72127166595256,
0.599096621253829,
0.328611698692783,
0.976336143302151,
0.709028932531006,
-0.512957423454402,
1.55655475533600,
-0.0986309701236894,
0.279471896122389,
0.0422429738323091,
-0.114606368714774,
-0.259487730519227,
0.0796608075453428,
-0.174207744763778,
-0.438376770626638,
-0.577105418879761,
0.224067126428609,
0.199352112645553,
1.34380659533803,
-0.00274023910918370,
-0.536341447990993,
0.511199818607510,
-0.916966161699351,
0.595558170789551,
-0.135884535946751,
-0.911810208182315,
0.291212152818581,
1.15320041077283,
0.189893706940034,
1.13490218727114,
0.696280813815064,
-0.533273681617264,
0.00432235642243209,
0.288774085189910,
0.603802337923386,
0.0205259672734815,
0.708882587059746,
-0.0225853550866634,
0.545461505236710,
1.33447431552523,
0.382806427873806,
0.778922731846518,
1.70102540833889,
-0.418999373038648,
-0.668945077412014,
0.129287148901683,
0.718367416828069,
1.19656109593471,
1.45847518549821,
0.860232492361251,
-0.0130101762016268,
-1.08826639952818,
-0.699120937083453,
-0.424384998293028,
-0.0414523409136802,
0.290394152344610,
0.530148040005155,
-0.557174534714953,
0.998446848669880,
1.86778249536110,
2.54049381002342,
0.743588499900895,
0.526098487234515,
-0.757516183676317,
-0.734452467739677,
0.223548203066655,
0.586417289434595,
0.898724173874011,
-0.0203977797741637,
1.19388984755447,
-0.810269341426083,
0.307700150025691,
-0.325762118300253,
0.837332727384912,
-0.108832728161982,
0.583651639557847,
-0.769443455281769,
0.371489790712083,
0.975060980658509,
-0.0483137939259142,
-1.54944653066679,
-0.324543708886076,
0.173216265773635,
-0.261043388602782,
0.552544156403511,
-1.10017143667675,
-0.115204184619272,
0.706497022834466,
-0.206343356337481,
1.48429402142855,
-0.0410923227583154,
-1.04164341541561,
1.24418081041446,
2.30606057520379,
0.744885011799908,
-0.991080321130643,
0.596781931550485,
0.529028125560676,
-0.279337534706626,
-0.618415122918791,
-0.0495120144957151,
0.409034110129773,
-0.171478368279748,
-1.05771653146512,
0.145919308558438,
-0.490001216425861,
0.260983432954620,
-0.442350999589562,
-0.254766016814779,
0.158197700279516,
0.833338478254997,
-0.925140861389599,
-0.173051532653834,
0.998147341892140,
-0.165467926876102,
0.759974689799060,
-1.08139263235951,
0.592238049214894,
-0.315359662771008,
0.273043797751739,
-0.726126414225434,
0.747948584148013,
-0.919327068970965,
-1.23603412880945,
-1.47427691203419,
1.79500904149780,
-0.933267713963234,
0.379098077341935,
-0.584698880968373,
0.642357761918194,
0.327259406648956,
-0.685279933851297,
0.151756681514185,
0.917937242700027,
0.555505191176381,
-0.996326114722885,
-0.324583129406003,
-1.45857506480525,
0.168736061899548,
-0.336995818855848,
0.0761611461380848,
-0.000870892026568080,
-0.537946267694060,
-0.0456334535790065,
-0.308131201140703,
-0.922686325361159,
0.333000253251129,
0.173662027348833,
-0.00944891029997343,
-1.13403188426298,
1.08951849813812,
1.56885369165280,
-0.00684430035823048,
-0.0876526108826674,
-0.292162710217121,
-0.431515464232560,
-0.202748894131729,
-0.109880040240593,
-0.104226071352007,
0.0823065613529258,
-0.218357974826586,
-0.722835423327230,
-0.251986439936033,
1.26009143160056,
0.0649303829067363,
-0.546750888740771,
0.724717252721737,
1.61824734939600,
0.533586914689147,
-0.690454455388737,
0.110736128568061,
-0.306222894600654,
-0.746244567487465,
-0.313883209339843,
-0.234044001094381,
0.0527688819863995,
1.08306599056093,
-0.769359908616210,
0.219188517516521,
0.0752071824638409,
-0.696786651255599,
0.267816239908519,
-0.0352930141704634,
-0.158384891625564,
1.14231420882195,
-1.10619959873936,
-0.523419825052983,
0.566645799370371,
-0.188931365543915,
0.351277817586292,
0.223741226697600,
0.255157671522512,
0.852048999286778,
0.301155611109256,
-0.423947222726437,
0.0281716267281874,
-0.741006664110440,
0.773576745483351,
0.00121776356739878,
1.39672024862991,
-0.575443287018772,
-0.785256531052303,
-1.14450430824376,
-0.600508233703027,
-0.271430071684418,
0.108519397987265,
-0.197159680540386,
-0.166594974428895,
1.12491171508619,
1.30947408018166,
-0.0839323538226671,
0.0225976402795334,
0.178795292222462,
-0.371117938338374,
1.06079826134249,
-0.130780087257646,
0.290009839003392,
0.120175216662213,
-0.652049578857826,
-0.593274306158430,
0.607022037218087,
-0.471226905149006,
-0.464503192933141,
-0.240653640921191,
-0.312656983635701,
0.130515513793387,
0.428147810923972,
-0.350715983222075,
0.714647149903873,
-0.232915739636460,
-0.380475978640175,
0.568451338226545,
-0.808182383169972,
-0.147147367855635,
-1.10113632439357,
-0.260016882735751,
0.221163105898276,
-0.334343520202961,
0.0399319341645451,
-0.674232785006527,
0.590027155996999,
1.23647400625797,
0.512152512725384,
-0.274130249663678,
-0.0951410315963031,
-1.80981316472303,
-0.685388048942682,
0.180085928448179,
-1.06599080610142,
0.225853812604470,
-0.902798977584889,
0.406211806535092,
-1.28806259236907,
-1.26096259817485,
0.418829512332451,
-1.00230732634621,
0.256044283871863,
0.496339344888393,
0.273240639631052,
0.560777018503512,
-0.982223105834102,
-0.387473548144904,
0.357015107789995,
-0.765018137396678,
0.828541715056187,
0.255410621347569,
-0.437722084088257,
-0.841737189106914,
-0.0166321433122195,
-0.444070126980544,
0.504315548264590,
-0.345474927209284,
-0.0320983286533015,
0.00595989333783782,
0.384858788318735,
-0.313921973020445,
1.03536018881809,
0.865450541889892,
0.0138705703201798,
-0.0762553323872731,
0.145773008755607,
-1.20358200965001,
-0.00934863228258430,
-1.86391978622924,
0.679480964765757,
-0.463807533150759,
-0.0961752351818974,
-0.423855660774144,
-0.392202873488046,
0.296939930590139,
0.124091916273616,
-0.216705252766883,
-0.166021810560484,
0.268437059201995,
-0.281026379638999,
-0.416346185640016,
-0.805939345022993,
-0.470656340745458,
-0.102774287513453,
0.765759273890546,
0.256802118961296,
0.0299273384787775,
0.553277718365100,
0.448165037904986,
-1.34726557539323,
0.168514118294554,
-0.372536325355210,
0.369857194769824,
-0.443208251634339,
0.947014238210796,
0.258451809643929,
1.30532985913520,
0.953496327750916,
0.646996563844382,
1.22991706894091,
-0.312241923497442,
0.779316091731477,
0.0992183802461375,
-0.814979400187766,
0.344634472391222,
-0.197820419461255,
0.302794210761744,
0.771489202360120,
0.635003792453114,
0.648406343061417,
-0.199826019911098,
-0.164356990654751,
-0.897153004733760,
-0.879991874107401,
1.22812326451038,
0.0489599948640674,
-0.684939075847534,
0.549566414423139,
0.619657688272115,
-0.137653643523178,
-0.493626491054898,
-0.337061658426776,
0.308190616157739,
-0.439445488850523,
-0.307540523796260,
0.0253737815134118,
0.0340071593823580,
0.306871415704656,
0.485887902530041,
-0.0841830321121806,
0.590195802482190,
0.282933995238637,
-0.0412732875650734,
0.198279605285199,
0.750805076316171,
0.0856039047311199,
1.19419804101461,
-1.48328678677681,
-0.204460852105827,
-0.427307114843534,
0.202132913719612,
0.230653273301054,
-0.865981179766902,
0.243909626814926,
0.619839049852988,
0.612468670598555,
-0.0632154906053949,
-0.138685076059608,
0.775544388231131,
0.341950321233720,
-0.350945791141775,
-0.0993979334088508,
-0.328414245240877,
-0.411046032205974,
0.0235118160207057,
-0.350782411063629,
1.08606223789476,
-0.855346447821045,
0.773872255951085,
-0.903373656112128,
0.277152264376329,
-0.361047448447731,
-0.735046707319224,
-0.180549802923707,
-0.00514591094057326,
0.263936218411429,
0.151873722371787,
-0.150497681762999,
-0.673498352340140,
0.297534881268792,
0.490300774533768,
-0.459354974759884,
1.04946897402826,
-0.612226212517646,
-0.305882564784519,
-0.373760006989075,
1.33487900033383,
0.322315952302757,
0.426097874847291,
-1.33237159732775,
-0.0514756347769031,
0.100708653830582,
-0.386448323048151,
-0.199578092302904,
0.345777296500774,
0.892113989184274,
-0.853277117224079,
0.204886779797068,
-0.395431462719909,
0.573656989385201,
-0.324872108080280,
0.0635464287669709,
0.671045580785141,
-0.270066380546804,
0.265632344668378,
-0.863495998051970,
-0.573106159206319,
-0.410134158293595,
0.0520126173165027,
0.575179887115007,
-0.0459817126254920,
0.161730482563046,
0.601040509100884,
-0.341319868736768,
0.841572678716899,
-0.690632734033859,
0.244495026356054,
0.0834248949556377,
0.0843001599484980,
0.110107240049700,
-0.587535403390694,
0.435645197894096,
-0.658072195766406,
-0.0443017671545530,
0.236596927828807,
-0.135166387182704,
0.507691903367048,
-0.210387330335413,
-0.346029293092921,
-0.728162077291842,
0.151232587515199,
-0.449590838808428,
0.563995532768823,
0.593772988951278,
-0.704946061349886,
-0.0972866936382056,
0.542046716561223,
0.490420201041003,
-0.138928766962803,
0.740119701216644,
0.408552059399016,
-0.846105684964709,
-0.663528191060712,
-0.611327390983582,
0.418456979167038,
-0.113015810818329,
0.740821933917883,
-0.285988154517119,
-0.186713977386146,
-0.415629263567571,
1.52599932494923,
0.761043096652853,
0.660639743213984,
1.30435046790934,
-0.435190359209504,
-0.983401083170449,
-0.588335672850261,
-0.859414101202472,
0.0249123049318904,
-0.782989634330396,
0.639581408920080,
0.542572339207163,
0.616898507529609,
0.433359583657621,
-0.126536290910535,
-0.698131640750848,
1.56130239311855,
-0.227862228245173,
-0.143786496795290,
0.673464827463504,
-1.01616232049230,
0.299007176495293,
-0.0166698110356354,
0.235962480334672,
0.459345925263511,
-0.877956567588360,
0.188603484660137,
-0.738354006060364,
-0.326399046498362,
0.0343634031442237,
-0.322240857464193,
-0.261562568818532,
-0.0961703098506119,
-0.101929769827792,
0.505523138287064,
-0.252322139319152,
-0.242556842441140,
-1.09535506285090,
-0.490771285943025,
-1.00122424278658,
-0.709118010977531,
1.33280895188410,
-0.611933086808420,
0.190961988703943,
-0.597251127083258,
-0.325362397903896,
-1.49427156918036,
0.244953996340512,
-0.308576141081691,
0.728691225235345,
-0.186091624959507,
-0.0382263403592690,
-0.0346978625209513,
0.239418581004173,
-1.42485927575217,
0.250038145687318,
-1.48937400477958,
-0.408264784925304,
0.688179575792150,
0.379570160241221,
-0.240557056011319,
0.795957488412059,
1.43559999089541,
-0.533793459889864,
-0.503145050353733,
-0.333439922933723,
0.616629005391016,
-0.566587423559083,
-0.241080912444241,
-0.480544631762053,
0.141760782037633,
0.108542093065983,
1.29341564452845,
-0.324180545163399,
-0.944348275584169,
-0.645537631816269,
0.467576605487718,
-0.113026597058521,
1.37479131764879,
-1.71485142043016,
0.272197688517261,
-0.544564089878215,
1.28773849747406,
-0.716963060682122,
-0.827806407083399,
0.498689487415026,
-0.795973283877133,
-0.658705675215465,
0.577916154553869,
-1.13597402532296,
1.77673588561595,
-0.249550553638698,
-0.0757965912830349,
-0.550974918211690,
-1.06348803843863,
-0.234174369748562,
-1.08736395269465,
-0.566390989706830,
-0.114591776768977,
1.14813684112191,
0.0165672675884224,
0.929640613954032,
-0.958982312549709,
0.0471051123717884,
-1.15016352972274,
0.202615549803357,
0.0130365097200610,
0.772322316423576,
0.754986135905070,
0.186314389058915,
-0.197279939601222,
1.10382271659500,
-0.167828678071742,
-0.144922235658143,
-1.10077531116994,
-0.863511738044112,
-0.331455614577295,
0.484772142083743,
0.0739502336694252,
0.690007133313138,
0.383898054617423,
-0.214681249053353,
0.565978226581165,
-0.563629471260996,
-0.778910514138630,
-1.97602994791224,
-0.159812163631884,
-0.307547760027680,
0.236092787447607,
0.508147734712690,
-0.661389295181360,
-0.240090998341485,
0.0711012202343428,
0.405458237213203,
-0.766546372821558,
-0.303231432614009,
-0.627653467084496,
-0.723863448692146,
-0.261240036572002,
0.138138155429031,
0.260364535205189,
-0.368334048834572,
-0.187083333172233,
0.574037817431614,
-0.477578641096411,
-0.423127738028079,
0.493878425470028,
-1.79590172083636,
0.967149452278299,
-0.110797511758769,
0.197583053819004,
0.0773122666246780,
0.219551983207518,
1.21276774457652,
0.742592563602259,
-0.548740171374949,
1.09383026168134,
0.116157055105766,
-0.350299187218056,
0.147961370379309,
0.221366554645930,
-0.295997114036854,
-0.452283515989660,
0.261942860068463,
-0.799200351857718,
-0.228031642246150,
-0.260486121564388,
0.0785122920603930,
0.972520597082570,
-0.879207026523073,
0.823550535611534,
-2.09275243161664,
0.302197641347535,
-0.00243204747493373,
1.04352540979314,
-0.881797867275823,
0.0609559052700162,
0.609448130523296,
-1.26667010181101,
0.619445500461169,
0.496286583389845,
0.935360424048386,
-0.104513989578732,
1.30423947925262,
-0.665151373166849,
-0.221339063475359,
0.874626918135835,
0.944575071470491,
0.753685966706039,
0.164058368388595,
-0.818343246209385,
-0.790366389443367,
-0.444852916987975,
-0.0359230326746850,
-0.811999583641245,
0.574376906058193,
0.355998820099512,
-0.658350879865774,
0.882204861063816,
-0.477779023095172,
0.672251539159742,
-0.0811360049368178,
-1.27051374647318,
-0.384171444627304,
-1.03822861794833,
0.360573436151013,
0.0941933042011734,
-0.438657199056341,
0.814131008095199,
1.05344395649006,
-0.644427785819609,
1.51066793498990,
-0.268228811314466,
0.230698996636853,
0.0237033703075436,
0.211009445141338,
0.372627473238482,
0.0859088493929644,
-1.12426790163141,
1.79586450299158,
-0.605920239015016,
1.08127214109733,
-1.49994319224704,
0.867236708632963,
0.648738890892263,
0.235055843440293,
0.189866887311714,
-1.90847925199265,
4.20964811914875,
-0.523852784634583,
-2.72197294945497,
-2.86822335385915,
0.822799909817294,
0.414119575653545,
1.57083907980083,
-0.526588551068972,
1.63869038539673,
-0.216826894939107,
0.0148065288813148,
-0.606629463116973,
0.870024108589184,
0.538070057279079,
1.52263736102125,
0.117379537238281,
0.118869907225269,
-0.803396568471385,
-0.0786812009023540,
-0.137060263298759,
0.176561133056588,
-0.653836893619926,
-0.517019725649416,
0.772672692553063,
0.0434898312488746,
0.312430546797154,
0.404746332387643,
-0.379111174054774,
-0.363961040845009,
-0.382775664594492,
1.28978983234171,
1.45311637552598,
0.332077069100895,
0.329628742653610,
0.0388421183683550,
0.0798511962580901,
-0.0812438155420706,
0.471230827130944,
0.588734787768060,
0.401182207161697,
-0.135521846287602,
-0.632650255987588,
0.455928626471619,
0.128885713651251,
-0.768354427719598,
0.317074198192684,
0.212530963750014,
-1.49161990392888,
-0.0761163939906928,
0.417551660492525,
-0.564881367460010,
-0.206734598477595,
1.10292380788823,
-1.18055528726879,
0.267005135854516,
-0.736886079638958,
-1.06105798051686,
0.712304505245310,
-0.496861775988583,
-0.329255185859374,
-0.722755246628116,
1.04843422508022,
-0.0618019127711505,
-0.756157326795127,
-0.814044539114440,
0.852851102601272,
0.263192877066425,
0.804820861681969,
-0.647329991996534,
-0.00234116788436256,
-0.196143285361704,
0.977219631340086,
-0.515219167665644,
-0.475216656859741,
0.0703233046555552,
-0.981398784727546,
-0.210721708710803,
0.352360196809463,
0.677212310754053,
0.108358675424693,
0.764896072412917,
1.11184616498463,
0.894366756854559,
-0.227056209897108,
-1.76949571439867,
-1.20204435915768,
1.06684784026352,
-0.0453300881954553,
-1.07473542339660,
0.660823149438556,
-1.41240534526247,
0.919719640353946,
-0.372402776048190,
-0.607451642710744,
0.0312835408509953,
-1.38382055699663,
-0.297137312676209,
-0.348019638826603,
0.486701901695260,
-0.342787449308241,
-0.801188146194110,
0.798497302120906,
-0.0109547942603446,
0.759117516094510,
0.141262099914923,
-0.430226621633243,
-0.0637188258344470,
-0.208916856872865,
1.61609827532337,
0.616124330902706,
1.01584551409031,
-0.330908481306833,
0.612146981801725,
-0.243937162666630,
0.204287658342352,
-0.208773078950720,
-1.09525686993057,
0.329992162796101,
-1.58368862734712,
0.151482641246878,
-0.0655336325004330,
-0.622734485155937,
-0.0930282662053186,
0.353691246188415,
-0.599484250491059,
-0.497641605299841,
-0.594718980687171,
-1.67129535322414,
0.252598784207576,
-0.665678264346441,
0.758137726890079,
-0.471489665653034,
-0.303029151796132,
1.27844728919820,
-0.650574061027667,
-1.20905522911773,
-0.115845239512977,
-0.624878910262860,
0.716441137520400,
-2.49959854514423,
1.36524913618719,
-0.821648880741401,
0.821926562977652,
-0.0336344552454882,
-0.0201533283872965,
-0.156887226396144,
-0.246559131260623,
-0.314613126657388,
1.29267659229461,
0.700735312453143,
-0.175885137351238,
-0.104749253487689,
-0.244254092301027,
0.904747211652153,
1.59778967521850,
-0.0312925495023396,
0.127663405440109,
-0.159918002151469,
0.840460013829860,
0.909953986360970,
0.162119696936495,
-0.161792426333329,
0.501564030497890,
-0.464583688960558,
-0.340679131324028,
-0.716999062134740,
0.705301863733623,
1.49983634768646,
-0.667686483456372,
0.147400236567905,
-0.607960832675140,
1.00615442926060,
-0.334010039315765,
-0.467958487854362,
0.182934480794225,
0.265373022469542,
0.126708360828196,
0.100802115968436,
-0.356240922640348,
0.513202318215858,
-0.917102039414337,
0.641106222276516,
-0.976082188998363,
-0.253219464113450,
0.837811291866572,
-0.231578364725963,
0.578105591729248,
-0.991807412293691,
1.06237487704740,
-0.327762247230959,
1.23823880787220,
0.0893459916530192,
-0.813836858847314,
-0.0343812060023035,
-0.403828060103198,
-0.123194854044804,
0.278410489751656,
0.595937423163885,
-0.762735114760403,
-0.323852676373024,
0.571034170896221,
1.11499584324635,
-0.318222053890900,
0.531457797793794,
-1.36342004664685,
-1.09338238500059,
1.17568966380663,
1.17233362198802,
0.559140695769075,
-0.920972111433978,
-0.433376295149865,
1.01400849803596,
0.149344539077777,
0.416388139409380,
0.775298960998954,
-0.925114395631894,
0.443552154091950,
-0.556905791628059,
0.402176070308819,
0.352893210578354,
-1.10578957245445,
0.659773211783005,
0.149520315230139,
0.0411430168580106,
0.887645842983182,
-0.0756860899227927,
0.696286072978927,
1.75175180806615,
0.269331881291989,
-0.600082866104292,
-0.458560272397877,
-1.10857577293064,
-0.725267668319798,
-1.07059697459634,
2.59603848178751,
-0.277473651657794,
-0.734162612517574,
0.151730349838393,
0.655920313398960,
0.307877313123249,
-1.07445452329889,
0.121323841260963,
0.587941184583744,
0.178443564573701,
-0.141493808362739,
0.725511302532445,
0.807808002063786,
0.567658105278298,
0.118371612113494,
-0.503034578427811,
-0.644678760635556,
0.155529348160067,
-0.292895645818414,
0.406605836721498,
0.178900867443608,
-0.822839524080535,
0.0749778639728416,
1.08765279446546,
-0.583001258778183,
0.589436170555978,
-0.204525115606013,
-0.351208182307116,
-0.633717420546986,
0.301078771397757,
0.0486922520253770,
0.193157143044010,
-0.547982750813377,
-0.344104409514165,
0.0823007298104740,
-1.27037879637518,
0.735215367729141,
0.677199739792734,
0.395827062786876,
-0.237559656253153,
0.768322548173289,
0.683321393274310,
0.0132842719858046,
0.996262700941042,
0.886441425486006,
0.299018883993235,
0.768801555354040,
-0.534801890647447,
0.250948507212958,
-1.16852755346466,
-1.41044304444030,
0.867257806244217,
0.163602329561509,
0.354048766346115,
0.774538592848135,
0.176514026395354,
0.439878226593966,
-0.761293464558622,
0.372582484716838,
-0.0585767937233722,
0.634709993538488,
0.472912673080598,
-0.00175235839174815,
-0.446156467508973,
-0.574223248278683,
0.0251728366962990,
-0.656427814879208,
-0.0287572564287385,
0.238934140284525,
-0.418405384328111,
-0.466716066484275,
1.04477605518942,
-0.914520153926765,
-0.0481348046862286,
0.987339876761575,
-0.364942030308564,
-1.18539496926659,
0.545533816568382,
1.12826986374079,
0.116150578379700,
-0.0573066555387769,
1.57681351028269,
1.00792128145586,
-0.118214828629559,
0.108051108221498,
0.139216172775452,
0.320276932767130,
0.120750651982852,
0.278990743882296,
-1.19485046966539,
-0.895242668668012,
-0.688204650389015,
-0.442797061981622,
1.07539555798859,
-0.195217955789365,
-0.118405632209240,
-0.377605326563089,
1.85278052563307,
0.355755283443412,
-0.427126696628257,
-0.655159862110625,
0.438403248659993,
0.0275185104103113,
-0.481981533712678,
0.951734525524116,
0.0604500820761345,
-0.400379556932104,
-1.25689243611331,
-1.71774946021423,
-0.659853708367881,
-0.289807612242678,
-1.50261984124928,
-0.886514337280498,
-0.755047737165771,
-0.794776376522158,
-0.0691331916794341,
-0.229054212265379,
-0.745410754618520,
0.873296791160507,
-1.06363126185914,
-0.541636515633383,
-0.421300786800933,
0.714032932703893,
-1.22773140641372,
1.48602668997965,
-0.280832603809830,
0.0433245336581483,
-0.722847576788234,
0.576739210594243,
-1.96565228995612,
-0.144640518903515,
1.42958073018802,
0.908408505473313,
0.113135727725968,
-0.385950365083242,
-0.279201744746980,
0.696710446590831,
-1.27205781778802,
0.480205795570631,
0.804133811355091,
0.288613736409867,
-0.114380240555669,
0.00331282951885414,
0.380059161249335,
0.227061418571122,
-1.53589328557447,
0.659571133651918,
-1.16774630351053,
0.881566404353094,
1.38997992313159,
-0.538555742167781,
0.827882191564557,
-1.36277555892579,
0.0999819443965960,
-0.515176674315867,
0.516879766074577,
0.341442747253698,
0.458953512089792,
0.614958714679574,
1.73392554555505,
-0.261912507366280,
-0.513716721105943,
-0.644361284667974,
1.35690410919143,
-0.311659772506121,
0.458275994088592,
2.27582600983094,
2.28424323270419,
1.78097198287630,
0.814697160281359,
-0.115788525879846,
-0.309548159378125,
-0.394981845065574,
-1.35966289366495,
0.921727731025836,
0.163449173313837,
-0.209665363598599,
-0.127522331926076,
-0.281881457439573,
-0.414553526128018,
0.0779870226207958,
-0.477507971219176,
-0.708013715657443,
-0.545029287295774,
-0.574709796695628,
0.491083117214402,
-0.139720177413337,
0.344746087827507,
0.111584218374288,
0.458029084080473,
0.167765139649547,
0.386886873725493,
0.205928162578436,
1.41697034592314,
-0.806471248851254,
-1.65656825433227,
0.936178442974088,
0.411355908876952,
-0.982464450894791,
0.371523890050314,
0.434368351736947,
-0.226028241110231,
1.42715459140611,
0.0166345210306547,
0.163504665115197,
-0.413079636703604,
0.438705527852666,
-0.355041377384186,
-0.416703001130736,
-0.231972097460514,
0.818217488844484,
-0.100442165078312,
-1.28117870576003,
0.0656912811574667,
0.260120204009366,
0.0691770737063302,
0.133051593362700,
0.555954465392633,
1.59003653685502,
0.267402753438471,
-0.836117354070183,
0.145270964191568,
-0.993484048902175,
0.207820503627619,
0.141644196958932,
0.341017301861297,
0.930988960077322,
-0.695370895084276,
0.575325662514174,
1.52907665798523,
1.15024704095206,
-1.20644233873705,
0.343144702791257,
0.602524985014862,
-0.998145693663221,
-0.00124081729401412,
-0.0325784282665730,
0.275259114585355,
1.10252107576945,
0.390605499909896,
0.623538238971008,
0.319833189723894,
-0.0957531643231885,
0.227890896778941,
0.129893832525985,
-0.0397024425094866,
0.558798850354791,
0.896795284125510,
-1.72443849802215,
-1.48709102414188,
-0.473182138719285,
-0.595894956051671,
-1.33523057177700,
0.0370060391120952,
0.111947105747769,
0.565755628349533,
0.0239164730851606,
1.12423127266439,
-0.967781272152385,
-0.266445483117672,
-0.294685672575601,
0.254208108177629,
-0.797101487906695,
0.157404296000337,
-0.309780642375253,
-0.0325581657657945,
-0.117460218959187,
-0.0324655100352832,
0.0504841289485794,
-1.13387574684862,
0.261905713183984,
-0.140570977119993,
0.942548973044618,
0.208902443112661,
-0.796979842688167,
0.137383753850129,
0.301212091743911,
-0.106783842132842,
1.32737319395905,
0.344733683110237,
0.575867528664197,
-0.312382054432555,
0.220488035704000,
-0.0474874121184296,
-0.582371040952653,
0.372027023125903,
-1.14553140995560,
0.801616747505156,
0.578428055181273,
-0.518819352125820,
-1.14233871643732,
-0.664333433238213,
-0.990603845198051,
-0.665886526689411,
-0.254518422746653,
0.210956972532818,
0.0434475028103510,
0.517932933398852,
0.352307312891417,
-0.144902674123895,
-0.354960341491491,
0.256965841396707,
-0.276161522829737,
-0.0384413411599502,
-0.261082377944697,
0.280258686195866,
-0.0280803665115363,
0.469468270102468,
-0.607851013619839,
0.969618440365334,
1.04526837179845,
0.710736743658623,
-0.557435829630332,
1.21214007862971,
-0.0629855012836625,
0.421393229466592,
0.145264298907705,
-0.544554317674512,
-0.185423630396233,
-0.268013813073430,
-0.522586207128080,
-0.0688110573987147,
-0.536701580742685,
-0.360437740628283,
-1.04879332430561,
0.893170729426592,
-0.0227392734736286,
-0.965584513719262,
0.626729529614647,
0.246490463130787,
0.168942098097180,
-0.135931219681078,
-0.817840241244731,
-0.762495199180348,
0.320140498067838,
0.380288820276731,
1.24311216518178,
1.92273476205718,
0.359095814668560,
0.862759372291131,
-0.227602604900512,
-0.161442152894659,
0.442126516864204,
0.108591463473987,
-0.768321131288457,
-0.459584099042743,
-0.891437218846860,
0.367955859030831,
0.0143352577860496,
-0.00660452161622396,
0.720224452427787,
0.0440628779354818,
-0.120645308321131,
-0.634382680510328,
0.208028416472889,
1.08241724544750,
0.337971162210614,
-1.43843787792005,
0.800886342285763,
-1.01176581336162,
0.530331845528748,
0.131908504441299,
-1.40384246966320,
0.00741628181768377,
-0.995965595712819,
-1.23823299332047,
-0.679193822343193,
0.653717679134367,
0.269096966516437,
0.637911398030175,
0.0534532708596476,
0.392357634744926,
-1.20398690252178,
-0.784178270980554,
-0.754452974257157,
-0.117779556662577,
1.06058299017133,
-1.03048527430181,
0.408391322120591,
0.248876897183922,
0.671410083275564,
-0.0806659990809125,
-1.03248855369110,
0.681851235203055,
-0.915246476991749,
0.0447633150506722,
-0.269521139469973,
-0.451790415863429,
-0.302066744538070,
0.687051502758868,
1.09499603240600,
0.307671196710235,
-0.0968458560016849,
0.737420632497272,
-1.03812047904977,
-0.751437950762283,
0.0431718620302233,
-0.256197544737411,
0.658878147007636,
-0.0307751044815661,
0.270627110957764,
-0.511224979999739,
-0.296570674132658,
0.545489621481877,
0.653124121541984,
-1.13562584028979,
0.499362700124137,
-0.312378150443474,
0.559231708871633,
-0.556797044297408,
0.400857972570628,
-0.123806405617233,
-0.208592149632032,
0.322112004752611,
0.801579613996215,
-0.910024942844585,
-0.578593245571935,
-0.501379566926110,
-0.550994251701078,
0.320798283471439,
0.0687899975865941,
-0.749434978940423,
0.103400617632333,
0.831622483201611,
-0.340390661309196,
-0.323479925412957,
0.908856209487665,
0.627350414088940,
0.514066235564814,
0.201231547129167,
1.34752237011902,
-0.354900327714973,
0.364207243488332,
-0.848616235707158,
-1.30634034419655,
0.00745869901255131,
0.752541162928999,
1.59202646247798,
1.07088326479785,
-0.287292828428696,
-0.876169381435371,
-0.0831114562504770,
-0.0296420387326083,
1.44590861918953,
0.147694646579688,
0.575392121980465,
1.19127692122427,
0.448157187521188,
-0.553348136263272,
-0.524269380218950,
0.396538757132181,
-0.545613610055066,
0.456225314289093,
0.235209755776321,
0.122536416137507,
0.450280822607048,
0.595270898119745,
-0.114981804592102,
1.40046649038759,
0.622596783722243,
0.769957495358733,
0.501973553449184,
0.449690117519191,
0.382327367512007,
-0.454105568817749,
-0.622359236863700,
-0.560978082899358,
0.339633382183653,
-0.656788781697813,
0.420943860340554,
-0.866524153663606,
0.0384293248191218,
-0.254693612520428,
0.361835522230128,
1.48735535561727,
-0.268289567339692,
1.60266297208323,
-0.169538410366039,
0.0163995896801969,
0.00193384351276408,
0.529343364507783,
0.453330989538233,
-1.01675007521427,
0.0869074405184890,
-1.18435726141044,
1.01188753452365,
-0.626502062788196,
-0.617441514376444,
-1.50443483178227,
0.103055820921769,
-1.05888791178670,
0.0991975444590381,
0.256078391192930,
-0.137494275043452,
-1.11165182894393,
0.0394867237507400,
0.184913530724997,
0.0278149319984200,
-0.581487188127752,
0.642455202120048,
-0.186139208805503,
-0.456368273125302,
-1.52768596782294,
-1.02564123613081,
0.909025293864795,
-0.276896447222315,
-1.16642181739195,
0.228485931573428,
0.800842860209418,
0.870759212886698,
0.873361129149941,
-1.24408446150970,
-0.0105636778637893,
-0.0127933983904292,
0.253086529348393,
-0.553433206731471,
0.227051415372834,
0.257187706130788,
-0.0403962565042206,
0.641924448993446,
-0.504535762572085,
0.539957634479847,
-0.759995057293551,
0.365065249596873,
0.369962937232959,
-0.505587226231675,
-1.54221262899328,
0.368350668045320,
-0.166222631266605,
0.702743732535833,
0.204572258824943,
0.134915509201838,
0.407674343937385,
0.227906853639102,
-0.111314048263722,
1.40405047761392,
-0.571666224781501,
0.353870310607178,
0.126653907998098,
-0.618437784793696,
0.865731301566192,
0.230005378041689,
0.530967302493088,
0.962914843150661,
0.155050118834725,
-1.57637751753500,
0.0948912963951383,
-0.109819670168466,
0.646304634875647,
1.33854818560166,
0.231555883224960,
0.672806016819448,
-0.891714127444375,
-0.672111737393355,
1.70320394073812,
0.456536298676953,
0.787940528393055,
-0.352321274620334,
0.325274450040459,
-1.36789341989212,
-0.410033521509454,
-0.418191772410379,
-0.0388494142580991,
-0.868113769921839,
0.213428339445915,
-1.13869361862574,
-0.325665947367927,
0.403300792778563,
0.460028469558214,
0.124487113796495,
-0.924967841173398,
-0.705764138627716,
0.392943624094196,
-0.0842464608197359,
1.16126539172059,
0.318957554218021,
0.618039694939487,
-0.704583942039045,
-0.969111212747672,
-0.720575510163760,
-0.157343327825751,
-1.26012891744574,
0.174184999841906,
1.03694036856327,
-0.205891678570879,
-0.941305656193592,
-0.314094425297338,
-0.529409467676582,
-0.215155549119085,
0.207486455444875,