-0.414535088902393,
-0.701384137850612,
0.810198921433482,
0.0576158251306309,
0.166188851587014,
-0.740637983967765,
0.752243193659298,
-0.172345785124389,
0.349904020589874,
-0.514893053349042,
-0.137606921958461,
-0.716420754202402,
-0.518990220075117,
0.194518755496313,
-1.49221498416787,
-0.554931789620215,
-0.938160356617083,
-0.445362672317285,
0.816166990456774,
-0.328803783340046,
0.542220855030199,
-0.301422098855850,
1.29105822183246,
0.155954494248248,
-1.21210924345591,
0.195846015054954,
0.109569427475744,
-0.232255549550905,
0.504490292118159,
1.09160553471264,
-0.378641055122052,
-1.47291317459430,
-0.153835827708285,
0.00167448970911051,
0.645141404906808,
1.22224282182079,
-0.152707309514193,
0.125952058947658,
-0.114581350290535,
-0.274853288009907,
-1.56743479972551,
1.29964434735021,
-0.233278029002213,
1.12905776094873,
0.878718999181182,
0.621857008100546,
-0.166988837576042,
0.336463163407653,
0.542496109534836,
0.0617751752933179,
-0.559038667754289,
0.518546489005413,
0.100270240221467,
1.87881798254753,
-0.803682402441916,
0.221584686141182,
0.288465094984592,
0.895738204464969,
-0.454270321007497,
-0.834087789359602,
1.00901499989295,
0.0359448284804433,
-0.751835563649331,
0.821028282171571,
-0.223302767517609,
-0.181932925739783,
-0.332371086310116,
-0.166211683640824,
-0.500666341058698,
0.466834405817724,
0.316569394944470,
-0.134855451160488,
-0.322604355849836,
0.745876026306880,
0.711457448705401,
0.768671750028139,
0.0845797081539099,
1.08365989901424,
0.209133610151086,
-0.236874194361302,
0.474321664864947,
0.484379977237177,
-0.194561727930855,
0.700724899764318,
-0.255331755970693,
0.474125067777340,
-0.0418451500120959,
0.277414692667516,
-0.233601276001168,
0.766675242839066,
0.375888902575969,
0.627272484458109,
-1.27751997478725,
0.963128544873825,
0.0311072451016637,
0.398850170497634,
-0.511167369123027,
0.505636010188279,
-0.356448196717509,
-1.08262886338553,
-0.177180857791354,
-0.667501055471040,
0.985148402535392,
-1.19833219834583,
0.597855646600663,
0.830881776550507,
-0.201422513270369,
0.0329515507609221,
0.527356351425927,
1.13527847284636,
-0.0859419817048675,
-0.871406213245017,
0.642368088755850,
0.388547034560882,
-1.06477098877370,
0.165901785971298,
-0.174383028220860,
0.989104823158497,
0.686149908852273,
-0.157420046822119,
-0.218283520852876,
-0.228301188317146,
-0.418839665209553,
0.910900668908015,
-1.33638665013699,
-0.489908083406528,
0.221320046189988,
-0.193435780985273,
-0.533990882613200,
0.150594350545774,
-0.474768633740424,
0.0145709338917960,
-0.718212734406889,
-0.518435344130018,
0.294957541973936,
-0.281967722604595,
-0.0819185219653440,
0.550325282765708,
-0.327904178337133,
0.142112253772251,
0.754991162852735,
0.127564516822826,
-0.873453365599483,
0.660956304191547,
-0.365235450218088,
0.173953882157729,
0.871230541141272,
-0.248501533835889,
-0.779772473944123,
0.449909584949388,
-0.286950673326524,
1.07626447376863,
0.219540595311358,
0.573066480800735,
-0.402121434333233,
1.08370762139931,
-0.422576186201747,
0.0738763292828110,
0.356843852732856,
1.08627014520825,
0.239623110421450,
-0.415762724506820,
0.422823501729933,
1.17780679920210,
-0.0785336220119676,
-0.343133729530616,
2.01574461507703,
-0.494537476157091,
-0.0287389311552679,
0.0624300831661334,
0.538280636527299,
0.209084356355635,
-0.646726911205052,
2.37125457486803,
-0.421201057836792,
0.259134241719551,
-0.288349287688762,
-0.299783004446165,
0.00414062842040025,
0.136554767021500,
-0.858712163227851,
0.0447808559014614,
1.50216069054896,
0.246337724985784,
0.253066186154479,
-0.901743369821093,
0.185418446635760,
1.42492349859854,
0.526387204379136,
-0.944713417523254,
0.293947200798306,
-0.718387275394137,
-0.941670206476134,
-0.989286955301167,
0.179131010948706,
0.0646033464842903,
0.195275680507295,
-0.560962497343382,
-0.959439697717653,
0.892545450094095,
-1.11608995908705,
-1.01462081669983,
0.442296704809628,
0.510893228436287,
0.730802089106703,
-0.0507317718803719,
-0.0577098764333513,
0.569076694639222,
0.404072051262163,
-1.48129468932963,
0.0443244776951931,
0.00790492146516942,
0.163443763949766,
-0.357822458834574,
0.00992070412961176,
0.0833603751921931,
0.436316623949330,
0.629398485125224,
0.241124363811488,
-0.204453315936404,
-0.0978267303469997,
-0.726064072095194,
-0.746992057427177,
1.07890175785654,
0.170885998047393,
-0.210203056582203,
-0.384240114111484,
-1.51314834997344,
-0.0200805595885124,
-0.937237214533699,
-0.0120919460641991,
-0.314765528596696,
-0.0246938520655599,
0.574234483123589,
-0.211988065020226,
0.285354202555044,
0.495698911765223,
1.37002145023296,
-1.36039600914194,
0.646662281099147,
0.703255944017094,
1.00332933960276,
0.203935837538553,
0.885180400636207,
-0.450852897289570,
-0.110522282538334,
-0.246601631389841,
-1.45593898899257,
-1.58276985734653,
-0.210776583050016,
0.220250899853699,
0.701577371417705,
-0.112072849283075,
-0.166249813389751,
0.651223288471796,
-1.59685410337059,
0.676279274672307,
-0.238625976990267,
0.0502591039537893,
-1.09060629742457,
-1.21960969863958,
-0.499974834698937,
0.380706778882174,
-0.519622532177432,
0.346121215990546,
-0.584873425645288,
0.118783728151706,
-1.21151877905355,
-0.560044683413201,
-0.234789593912004,
0.311575113059882,
1.20720808541789,
-0.179476699306166,
-1.61576067880815,
-0.739465469224118,
-0.313700823654482,
0.376741123212218,
-0.359947773927629,
0.273568655500532,
1.02611359594947,
0.534437295267134,
1.02274417855581,
-0.967682557246658,
-0.389668992271583,
-0.248651509714488,
0.171276955697886,
-0.127341861598994,
0.292534370399968,
-0.952301456429808,
0.0424714895551558,
0.303105778146627,
0.133796528929890,
0.399460689091543,
0.838582545645257,
-0.636624638622615,
0.323034621918075,
1.36510404623047,
0.668631865106948,
-0.515766126863853,
-1.17113201671728,
0.387843160649440,
-1.10902955615010,
-0.391810293530879,
0.738135780216525,
-0.664987764954527,
0.767492117359752,
0.714258450290436,
0.309806735123547,
-0.420564347898715,
-0.167648295811488,
-0.967191039268039,
-0.546637123661008,
0.232259110749248,
0.743057969922910,
1.43947807345828,
-0.183276721129724,
-0.924060125580472,
-0.323003720794607,
0.134803089510344,
-0.108192790953314,
-0.433806227622435,
0.628700098260761,
-0.722286906857902,
0.210384695118301,
-0.145170701546847,
-0.154139386836410,
-0.765474659051584,
0.257998573058424,
0.913612900570746,
1.19373731155893,
0.124086802778929,
-0.931483628468711,
-0.128105454455213,
-0.682377439268521,
0.0542976270393203,
0.0220781344039816,
0.221164989420993,
-0.00802337173779630,
-0.0484075643929254,
0.0574164473375615,
-0.677895838917423,
1.01841583545088,
1.30599615791440,
-0.980495985620735,
-0.549319068270649,
-0.394852229778296,
0.160812290862765,
1.04786051850285,
0.0453633470980332,
-0.344248016105383,
-0.0292781045980199,
-0.721872226148020,
0.181183694009919,
-0.359714578063136,
0.743847274583977,
-1.92967726330646,
0.346535547684718,
-0.276332798074892,
-1.44028585789771,
1.74257892324420,
1.08078163753975,
-0.381085224869513,
-0.296424073343854,
0.0692041672883013,
0.637272100005059,
-0.391599309837288,
-1.08288776641118,
0.859124606447415,
-1.42008392920195,
0.493993011685554,
-1.38281891666334,
-0.265612956716231,
0.861608075853943,
1.39424200940863,
0.678719837441713,
0.532908680616298,
-0.989605600571621,
0.0756541969864254,
-1.30079552049169,
1.58496754372616,
-0.319241297939009,
-0.0550126309201327,
0.953227402890720,
-0.249435374738035,
-0.344636601826213,
-0.761948695441735,
0.897194292359568,
-0.676005225710912,
0.289363299409856,
-0.512026021385160,
0.0324984639887946,
-0.263630658625841,
-1.24400938120351,
-0.00156347455350855,
0.789189659147716,
0.657578892140488,
-0.635441526294746,
0.153473390670085,
0.693999187568544,
-0.577112101972220,
0.744475309464743,
0.106006959098127,
1.43634104496907,
1.26766890644490,
-0.687370632252908,
-0.314223399683121,
0.673379920853018,
-0.159683150731692,
0.387741396624871,
0.455217084094900,
0.310416837546550,
0.139065900968409,
-0.832520713243616,
0.843231097233019,
0.752290856612043,
-0.369280910736324,
0.234320703420085,
-0.304497332432968,
0.534861168692626,
0.830594544048526,
-0.474614956655256,
0.969417941961529,
1.01764870346911,
0.172001538304686,
-0.401259316256746,
0.0798724738752241,
-0.530907653482644,
-0.959436521643110,
-0.621629858705171,
-0.529496778681975,
-1.58725086682118,
0.522836862161434,
0.651196503244059,
-0.546929966694565,
-0.0582697839806304,
-0.372526738050425,
-0.203961589095823,
-0.920139650607650,
1.26590483942727,
-0.378979772831816,
-1.47009957126696,
0.864059739353154,
-0.898630599963390,
0.0794233158277570,
-0.345571497703060,
1.12465028743621,
-0.502267484145547,
-0.191809418801169,
0.897785045014429,
0.114411477083508,
-0.488516087291972,
-0.469159188257202,
0.119675244418259,
0.0659257879818168,
0.497692747161483,
0.915207660613010,
0.390395932798804,
-0.122853258180235,
-0.633080295401322,
-0.0994610116886792,
-0.480352133750841,
-0.455816384734903,
-0.674292333624631,
-0.611990180543923,
-0.323864216462660,
-0.859493070987442,
-1.52114765182218,
0.389807833012418,
-0.691209709387852,
-0.159573839050058,
0.494166591379849,
-1.23642293254588,
-1.68124014832293,
0.602817236495800,
-0.447969565542923,
-0.464275514868921,
-0.201629328718094,
0.0497245737138393,
-0.282367247026083,
0.307970847905509,
-0.569096906197473,
0.782240099225821,
-0.533303044974729,
0.0781227005676891,
-0.468785647502346,
-1.00549365359710,
-0.733442223172325,
-0.913875022254108,
0.478741948351784,
-0.257567518700131,
0.644514960985046,
-0.453942782271446,
-1.23431282720289,
-0.110555531912240,
-1.04038688880558,
-0.590700522657861,
-0.296833856150241,
0.980799446865473,
0.333627467817202,
-0.554651930660102,
0.712320017046243,
1.26364940969816,
-1.57116384712519,
0.135383047401988,
-0.116672187324642,
1.12782373772211,
0.503605239184751,
0.862714447847475,
0.612144041947187,
-0.200549865515075,
0.160881416464904,
0.527388243699755,
0.159063122303227,
-0.613417239470019,
0.655568156287807,
0.106016640930051,
-1.00596183368012,
1.02986139886288,
0.209265182545874,
0.606741956272367,
0.0657618127937141,
0.544617334003282,
-0.659711313347500,
0.0531629006544573,
-0.192576726360236,
0.246583916410175,
0.236877471461129,
-0.741406184895905,
-0.205034687995848,
0.467754342441463,
0.763073741276686,
1.09799516851587,
1.17163902824854,
1.48144965984628,
-0.413963748506275,
0.589621442411621,
-0.00349859342597668,
0.152682323118659,
0.00147883225488486,
0.739435718656753,
-0.556949609115953,
0.183542102343150,
0.319831475301089,
0.258136820334419,
-0.374124453592370,
-0.422135081104811,
0.0794889798322043,
-0.328550084453311,
0.516652727495697,
0.472321637162151,
-0.894404966200957,
-0.799417657919613,
0.174329228530832,
-0.178219623420686,
0.568026035420791,
-1.70545851383454,
0.401000031437771,
-1.13906437493746,
-0.0444148577175556,
0.280282988545250,
-0.278425455601501,
-2.09834736355867,
0.346847011511893,
0.570402573580393,
0.250640505732729,
-0.400581631144811,
0.620310110422623,
-0.464628016763489,
-0.318237443937241,
-0.662759271184135,
1.14333418718880,
0.588579448470781,
0.897994362750445,
-0.0267899361781910,
0.286113458488364,
0.988315026245953,
0.375096355209092,
0.477976793529501,
-0.313371648020889,
0.238701314133076,
-0.456701296036986,
-0.0914004526298962,
0.163648364935175,
0.117267818752501,
1.18933594762634,
0.334265215585722,
1.29819388682220,
0.921397457766482,
0.426243288754969,
0.405730885811612,
0.224372876573905,
0.821060125502465,
-0.792247667346917,
0.215383857475752,
-0.497939297553895,
0.0185659343954712,
1.35766474173021,
-0.179816162929603,
0.883410903158311,
5.60267060766932,
5.10237935407759,
8.42682739984069,
2.51864721282426,
4.38770705243916,
-1.30799367185752,
0.592971025987410,
0.676482868859691,
-1.63868904970187,
0.792701767753708,
0.636114526395110,
-0.706784369200910,
0.353790344481523,
-1.03817490228944,
0.374602669177604,
0.425564239503108,
-0.350871385576552,
-0.143888482422366,
-1.27713435370481,
0.763509183846927,
-0.483186707743849,
1.33914816140212,
-0.522039458305415,
0.374424019482614,
-0.0878977360053047,
-1.18266955925761,
0.446549759536388,
-0.256731955911875,
-0.00983023056139361,
0.550653495546259,
0.266711644840959,
0.975804645336130,
0.447672646600390,
-1.58537617199732,
0.409224416140121,
-0.468889040794312,
-1.07653240408964,
-0.937584117557143,
-1.63435943604149,
2.01970089497406,
1.18463844075283,
0.790021513227620,
1.47916619055214,
-0.896201668313912,
-0.411496935891964,
0.186185695216220,
0.0590091091821215,
-0.119333789472271,
-0.126255065972820,
0.529559613259700,
-0.130826149646444,
0.915678401984360,
-0.852579302319039,
0.491794192975653,
-0.403546919724497,
-0.724973509655121,
0.0664163983862960,
0.272714512701661,
-0.736560542235088,
-0.342834451817756,
1.24358879356415,
-0.390237243068266,
1.04350034645146,
0.305735130337742,
0.255492339200540,
0.443104970729916,
0.168728505461877,
0.450478306255588,
-0.180988969209192,
0.522213649226378,
-0.155222568638065,
-0.989609560608212,
1.03820726616277,
-1.00341525583109,
-0.0872820952767149,
0.479039318545895,
-0.472988042944536,
0.211015428854220,
1.01076530740630,
2.33641176696677,
-0.224873824975745,
0.265778957814453,
-0.648354747127591,
0.637083574404410,
0.501350004854009,
-1.03532219601802,
-0.739853650324867,
0.325169925269057,
-0.476879901366384,
0.633264188346233,
0.233862380772739,
1.14238835698910,
-0.238786521876848,
-0.153816277250302,
-0.164943883777690,
-0.729694159701271,
0.626844926077760,
-0.355598753624577,
0.320627085997272,
0.819989347138675,
0.524192631548924,
-0.289926172539163,
0.343750127599680,
0.0596734542321528,
0.00828639746838786,
0.524054509374683,
-1.00735583500897,
0.443749218391890,
-0.347771960333946,
-0.428340397959737,
0.658706874233859,
0.790292664399792,
0.0598473649599606,
-0.745695702096053,
-0.00135747441192256,
-0.106236179441116,
0.0831763893987073,
0.309489137421473,
-0.665534591433763,
-0.270861195676260,
-0.897975545512708,
-0.226590259332011,
0.157264247351700,
1.27120107014394,
-0.671322388572070,
0.312597746630561,
-0.534807213417946,
-0.695220046902422,
0.201045002701259,
-0.360398417272393,
0.351776205676871,
1.21935755937999,
0.548598246079842,
0.856855282768820,
0.205094912621504,
-0.0338370547046141,
0.856431624484859,
-0.474034695996538,
0.434513080104184,
0.127855591389386,
-1.04426391656792,
-0.232056201660351,
0.0908410222282886,
0.678907269366374,
1.41801812271715,
0.515413313215464,
-1.11026739585826,
-1.89536509584135,
1.10801534943608,
-1.64224675794454,
-0.262806479146810,
-0.00554756479060578,
-0.525457756478935,
-0.919348159191321,
-0.247233012311817,
-0.868398000496045,
-0.293193591664973,
-0.823833441120016,
1.31209904441095,
-0.493425391884007,
1.53566241174073,
-0.580494047068354,
0.798184174222897,
-0.759820913145296,
-0.445944515430000,
0.223404297606326,
-0.398360945734362,
0.0941895953963305,
-0.341602117742007,
1.21306750122916,
0.538351919591336,
0.658465925822983,
-0.00760831844410065,
-1.45240615750817,
-0.558863049792133,
1.17614508075767,
0.0557188776077366,
-0.124680482653908,
0.620700643428534,
-0.104576614478811,
-0.327125264137241,
0.323138641531248,
0.304748377543555,
0.0205365305456593,
-0.160182153287122,
0.00182247259632661,
1.00755125711483,
-0.281631632418346,
-0.398183681893166,
-1.54894409147027,
0.979909528379609,
-1.34347107634900,
-0.562996842895494,
0.409005967846593,
0.657108213978980,
-0.196137907144135,
0.0927608260458366,
-0.536112711235469,
-0.849795717431842,
-0.405959224828335,
-0.805013049072134,
-0.167145330799110,
0.0724238014599152,
-1.42908792099013,
0.546327915579814,
-0.611893976119125,
-0.866599282049012,
0.759556616652166,
0.914736982472167,
-0.959653131023784,
0.360868867397726,
0.612803709038042,
0.768657481217537,
-0.317635212180304,
-0.507056544550131,
0.948761101512762,
0.216235503221331,
0.940467775470710,
-0.109828818547081,
-0.822090682650534,
1.44823107210760,
-0.297438192059751,
0.248971547675666,
-0.864238084216930,
-1.13938253944127,
-0.0562225652475339,
0.155448667527500,
-0.193572037674210,
-0.275259997230158,
-1.35278106978452,
0.249694735586740,
0.759327997819671,
0.479373159230383,
-0.136565691544653,
-1.13718500734689,
1.07747845752249,
0.733430136776256,
-1.34971800854616,
0.876289486355846,
-0.432822670698019,
0.268616210580532,
0.340674250435632,
0.334071685034865,
0.0168173998034625,
1.27844838569518,
-0.407295683068148,
0.509674432126785,
0.219234645503566,
-0.350997065787473,
-1.02867773377434,
-0.0464169427171986,
0.817866062483519,
0.123515407013073,
-0.104470444309390,
0.499539950435234,
-0.361203309501957,
-0.155682896793352,
-1.04651945232824,
-0.402368009851100,
-0.860146349482148,
1.26356694841852,
-0.178949832757675,
0.181072458874086,
-0.386559424672403,
0.943089657407141,
-0.459328750645435,
0.00255069557267518,
-0.295746458761309,
0.131509740184477,
1.64907553213684,
-1.01307093101283,
-0.581520227391138,
1.09218673707633,
-1.72369715824072,
0.788978392446350,
-0.873423492302780,
-0.246038849889025,
-0.278120191903584,
-0.0955156211072046,
1.12697655980875,
0.288285245558856,
0.647600502287437,
1.35842836878404,
-0.744512089188792,
1.55767923565192,
-0.723540704662353,
0.556178779354018,
-0.792458579939720,
0.00198733092198416,
-0.702822025239133,
0.732100269748156,
-0.682460432578185,
-0.252973125133463,
0.0440351166567146,
0.451374406065130,
-0.597080593547558,
0.104602330693753,
0.107668691857816,
0.469123924428716,
-0.539808683306566,
-0.499903076130040,
0.676704296493359,
1.38660639549959,
0.781151214837565,
-1.01851126623422,
1.02954272081287,
1.21996044657688,
-0.243754834191246,
-0.0342840686091299,
-0.520306230135189,
0.230389376951061,
-1.40899527038656,
-0.714969261633938,
0.110102352485370,
-0.166213380724258,
0.201658553776755,
-0.379269319168852,
-0.531152598223956,
1.50463925828447,
0.265689228144661,
1.21340402210929,
0.738569668454852,
0.605475345679586,
-0.207226110496932,
-0.889942108117144,
0.661251046549322,
1.04103143059972,
1.78904329603608,
-0.552628279208784,
-0.890221140999789,
-0.132463308300770,
0.432783745584652,
1.07354212624492,
-0.426394339623885,
0.854315987030951,
0.641440849517495,
0.0246334117077198,
0.587526819448366,
-0.986328312340281,
-0.262516986693385,
-0.288756281785051,
0.764095498115055,
-0.729974136779178,
-0.487846063715450,
1.05464831304794,
-0.284491810905426,
-0.750531870460074,
-0.0283488478156889,
-0.319269104224929,
-1.09690395248356,
-0.274481845059912,
-0.119549187792905,
1.02803538262798,
-0.449271405309156,
-1.01251860080421,
-0.661650458312730,
-0.609324597151069,
-0.236901570587754,
-0.111854737037334,
-0.377529712973425,
0.0643959905752334,
0.235613896633830,
-0.301403283709212,
0.682689215727075,
0.271494981142207,
-0.431475340876796,
0.102563570026260,
-0.238662745731740,
0.0158229663890410,
0.308104114172535,
-0.588846422846253,
0.220535420133280,
0.381449987208818,
-1.10302339951757,
-0.213573641429903,
0.951137776294899,
-1.05039493124304,
0.0777485406217973,
-0.0872754068157268,
0.304817210378849,
-0.376601423632082,
0.100034486038416,
0.0165253631350720,
0.700442194053667,
-0.150963378698309,
-0.319433003588237,
-0.305906009425078,
0.139252487096641,
0.486462287171399,
-0.152578833811190,
0.511825846539671,
-0.0934240074490626,
0.356785194406338,
-0.965277240456592,
-0.0830520450336560,
0.411993459658950,
-0.0506051542514460,
-0.844830170728078,
-0.485704898166790,
0.140161216300223,
-0.205749152113108,
0.481497146400078,
-0.170297617068339,
-0.474960326799540,
0.633395461434300,
0.0247685636298567,
0.266433753279874,
0.724858086681798,
-0.0779828206822695,
-0.0912171714944323,
-0.128247321360235,
1.25449194083534,
-0.303458848695265,
0.132683655055319,
-0.836864056257009,
0.199728022238066,
1.70154007031590,
0.436125190448241,
-0.217032742032883,
-0.597795712277418,
0.130740203707486,
-0.625408138361623,
-1.31394522162221,
0.946823982803112,
-1.77531574337636,
-0.304332007196108,
-0.489002877405080,
-0.629925928338584,
0.339887043190614,
0.293838393502940,
-0.335973895177614,
-0.914075971914034,
-0.115084633052122,
-0.119884767265421,
-0.446011915012939,
-0.188497228779398,
-0.349372352027808,
0.470215497574595,
-0.693528137151264,
0.247315121956630,
0.971486941559393,
0.487629578850421,
-1.30716730778416,
0.0342748804431457,
-2.02829114670381,
0.384106618642502,
0.0302704457870820,
-1.65421101214062,
1.14139075028107,
0.380570346297617,
1.06486678436489,
1.17229601778501,
-0.314159505005743,
-0.105438365828789,
0.0810515415336386,
0.114766618984543,
0.879099757701171,
-1.44784177139904,
-0.173179468177506,
-0.483619754248290,
-0.692661452846102,
-0.643779003847639,
-0.140835809327016,
0.799647129825700,
-0.715511362543775,
1.02207777614529,
-0.387163167146619,
-0.106637365403997,
0.488463422585101,
0.0402354664193965,
0.779862138415423,
-1.09086751919507,
-0.0869146349681827,
1.71427370481419,
-0.156259793970625,
1.02281461320822,
-0.295971989881586,
-1.19440226641800,
-0.874570556119518,
0.224247732189158,
0.0287950852478742,
-1.11687773634850,
0.110242851792994,
0.184575639814269,
-0.396541422730676,
0.579707936715529,
-0.590108712091689,
0.717689996808059,
-0.372982582672298,
-0.770415301251606,
-0.447437497925637,
-0.0293792563678310,
-0.239586007879442,
0.104441833471855,
0.394431131237465,
-0.215946571070248,
0.159251481917874,
-0.369599701821978,
-0.00250338037555789,
0.0105727882963359,
0.588441379071263,
0.403387102931646,
-0.587212744370444,
0.179509619518028,
-1.14235485002702,
0.451298091088293,
-1.64049982819121,
1.08555193149773,
-1.16447975080766,
0.804726673593647,
-0.416286794757175,
-0.453926450414354,
-0.621222966700603,
0.452543952742494,
-1.21252058730460,
-0.0693446077911865,
-1.29943165295937,
-0.678294850553996,
0.710819716856881,
-0.270557809545761,
-0.289766236053128,
-0.746876555991043,
1.13021538558926,
1.15028270356763,
0.284790730433733,
0.606884443716003,
-0.278793107377707,
0.429644313998134,
0.408980735836345,
1.34604420667013,
0.461343678423564,
-0.659913105734124,
1.42385004749262,
0.831764274662841,
1.28631083577206,
-0.0536784734265614,
-0.537671162340460,
-0.0784081408434487,
0.159920996838512,
-0.141488845886206,
-0.950608729249039,
-0.500749934504959,
-0.570856503352761,
0.800103816738843,
-0.0278875615459762,
-0.514338998881048,
0.206219816184964,
-0.558381241950946,
-1.02606820919081,
0.356045607577375,
0.272466914926632,
0.188315521114508,
-0.620783954321925,
-0.796007940058337,
0.485963895544553,
-0.241386821673833,
0.563891480079609,
-0.0240456400307201,
1.61203189498829,
0.293936330819516,
1.52798816183943,
-1.42712126862393,
1.12223680461246,
0.691973100416690,
0.0425148513385840,
0.630591270045587,
-0.567436613250537,
1.30856838790233,
0.617552348983475,
1.24525517088539,
0.768992913407060,
0.897765953321366,
0.152546763508454,
1.06482567876603,
0.300533206245239,
-0.902750830742435,
-0.937446412929113,
-0.632682772673675,
0.640869073489505,
0.652669290848633,
0.172763101318017,
0.823324543778846,
0.228169988069297,
0.102522862040919,
-1.05729563154557,
0.183459650539415,
-1.09051204084521,
0.638438155114680,
-0.314837397379270,
0.869240250562946,
1.11765485706705,
-0.163717626233910,
0.729331681953276,
0.106580123724526,
-0.222152076332858,
0.381402395002656,
0.610875385335748,
-0.200293168454683,
0.110276737581314,
1.88034179771969,
0.215391307635264,
-0.531199483133589,
0.0784965541685340,
-0.0555330415269648,
-0.581679908541591,
0.00627280787888288,
-0.649734286603208,
0.188107826175944,
-0.373791607508615,
-0.367365196057156,
0.795843121326602,
0.407199203979442,
-0.487162014401962,
-0.148206350098165,
0.521998353110892,
0.401764961366368,
0.164559431422686,
-0.0789486576411457,
-0.162860932032589,
-0.00571276820991561,
0.550411356070683,
0.0594743367568859,
-0.675001567099057,
0.338934764845293,
0.790114667430735,
-0.895545986795408,
-0.204810831554568,
0.230614322485075,
0.823778594858176,
0.416782068787432,
0.684709950200227,
-0.369572823368771,
-0.254851660736542,
-1.12966999595827,
-0.772194337416534,
0.271870751985049,
0.388269218895160,
-0.336937085859274,
0.0927683795511556,
-0.478447929737756,
0.492470812017928,
-0.0779137014711488,
0.0838572755026413,
0.995586967871945,
0.964034611787110,
0.451257329118711,
1.26404053986061,
-0.514561908493550,
0.124167858551644,
0.104609616489348,
-0.133686006289934,
-0.367045133270637,
-0.284844266712187,
-0.218546266930005,
0.595238022097735,
-0.731789862754910,
0.0366576890013461,
0.209810206419353,
0.0940511040342228,
0.512439385134835,
-0.670158632846240,
0.791993581097042,
0.454394635943958,
0.135771237846374,
0.109937788776870,
0.290291144180197,
1.61995229195487,
-1.01061418301307,
0.283720363771926,
0.613980099079485,
0.382889660849998,
-1.19434948841951,
-0.597818508798713,
0.758760756235889,
0.273230267635193,
-0.420652491277312,
1.59089574861050,
1.02804590100668,
-0.886189235269399,
0.414686609433259,
0.306569275123246,
0.470365418618367,
0.626374923538849,
-0.606583729210516,
0.253340407998172,
0.0865146751311362,
-1.15627162816394,
-0.988594856068280,
-1.39639008795917,
-1.04739896309993,
0.292556101887052,
-0.228341710127724,
1.06890557014883,
0.378707180045657,
-0.959110821480632,
0.00486462543180800,
0.321023294153971,
-0.517995141173925,
0.962916626233247,
0.762051551916031,
0.0147305438118394,
-0.0240418792539404,
1.25720381436799,
-0.735643778566426,
0.0462902176246115,
-0.380047865300179,
-0.209308150208486,
0.919232277452006,
-1.22252727934103,
0.838954991992964,
-1.16822423965898,
0.552127982993131,
0.497473511431121,
-0.515781061206280,
0.225835799952916,
-0.347624543894181,
1.88390934305255,
0.682924306522106,
-1.33454317994737,
0.428230016191658,
-0.700713915270386,
-0.0874941832823755,
-0.509866197679576,
-0.126993566148769,
-0.208879359948424,
-0.729496509388046,
0.742716151614717,
-0.0155049148516662,
0.482079421006420,
0.176126800079354,
0.450685981117880,
-0.857117923310191,
-0.0329488609137286,
0.431630336463786,
-1.00952830653524,
0.495213023404667,
-1.39704437765274,
0.0370294466202877,
-0.616792770866798,
-0.214746855671474,
0.435551211664992,
-0.159577841368030,
1.22411336526970,
-0.371877224924342,
-0.922177539633785,
0.336836432218226,
-0.646491704757040,
-0.228421937370361,
-0.00512978248829932,
0.106444917723049,
1.05932184656828,
-0.764093047958475,
0.789155435465781,
0.173698226743118,
-0.00348843006105374,
0.393836773120502,
-0.923949241735666,
-0.0464248223811986,
0.407695016946533,
-0.928634813927810,
0.290717638333456,
0.204506662841500,
-0.692711455217181,
-0.0317201071145710,
-1.25644700232963,
-0.0551384798404963,
1.03691845865312,
-1.18017040485867,
-0.315597179228768,
0.879972192864032,
-0.117357482476388,
-0.112618045739284,
-0.531617970675458,
0.947001682769399,
-0.729102065045541,
0.169580998548561,
0.746020544826864,
1.70912506154238,
-1.65865330776728,
-0.136335165926022,
-1.40902749229986,
-0.747261590483166,
-0.400751787759727,
1.11705878356251,
-0.0128761899283081,
0.00420653994867387,
0.0620567939123272,
0.889844665291060,
0.552086799663490,
-0.484591652314448,
-0.255580547939308,
0.902871744388325,
0.0854229855879950,
-0.675228240143640,
0.871642794428574,
0.444763348862270,
-0.310587103224903,
-0.668561335149685,
1.13084276686101,
-0.225351742876218,
-0.217407330378415,
0.556144319692160,
0.236934919382126,
-0.191210300397334,
0.118775883426383,
0.0933730718379573,
-0.322521385929158,
-0.641502601299956,
0.741696552531302,
-0.822850626460833,
-1.25740350588821,
0.817760378572169,
-0.704904305487267,
0.0611474985645886,
0.484350740989288,
0.00677646862990523,
0.213463722208074,
-0.254019706002414,
0.419940646293449,
0.178916063141010,
0.293804120571342,
0.479049255388631,
1.56414530383135,
0.489437999459687,
0.327376358338864,
-1.57538924319664,
0.0176960874896976,
-0.807137005733589,
-0.106437138636867,
-0.383222404925346,
1.96067260836004,
-0.941694889731205,
-0.649458109006932,
-0.453476921561792,
-0.378492886454792,
-0.0548158238670565,
-0.818426473004097,
0.533612559435020,
-1.27077559571503,
-0.633561655472371,
-0.881861284495384,
-0.580955758602348,
-0.0586069857247256,
0.00278022733994358,
-0.512033339997970,
-0.846132164199408,
-0.495856678776097,
-0.535735456475115,
-0.963162001941710,
-0.166214270455545,
-0.474024221965611,
-0.126268778045512,
0.524330406951455,
0.173282733954785,
-0.724577876505548,
-0.173993634626371,
-0.401229714401446,
-0.0943810081490170,
0.916496186139205,
0.519375169565071,
-0.959727432260223,
0.127872914087141,
-0.225856313591696,
0.848345552020781,
-0.125862596621549,
0.357201364967833,
-1.33623754995872,
-0.234852397148174,
-0.441821345365151,
-0.418395899998939,
-0.928099752242289,
0.302539456257480,
0.838097080805026,
0.266888804509340,
-0.957538633627497,
-0.357374036672026,
-1.48301014613217,
-0.556648272443504,
0.643974707708839,
1.37157068087115,
0.427341647292167,
-1.15083768919105,
0.0840864570317447,
0.443080168016005,
1.15705784887320,
0.0276874674841310,
0.165500845357556,
1.09659892943486,
0.949837736874873,
0.270131467351281,
-0.494186173956038,
0.370587843443748,
1.14560093082852,
-0.312905312738525,
0.626291538564817,
-0.371392747301772,
-1.08815284349470,
-0.641414766559054,
-0.297646121697466,
-0.124146374297282,
0.149652218066204,
0.808471827480477,
-0.491128012319423,
0.397686476037023,
-0.411287636492745,
-0.264291469782549,
-0.0532929957804068,
0.624452672578117,
0.391893219304016,
-0.402001904495207,
0.0165095130060699,
0.535896187561584,
-0.594145404983151,
0.860331552842653,
-0.501364749272566,
-0.522435430974886,
0.143569659704133,
-0.244484640919342,
-0.371085045910383,
-0.358356752155252,
0.0558599578641675,
0.106835390741470,
-0.171806106232342,
-1.26503824327610,
-0.365594768087125,
0.0420745868507916,
0.435447699464698,
-0.933052706296239,
0.479494831990699,
-0.448350634160076,
0.221431482236385,
0.471928764867011,
0.642132697584719,
0.744059365540851,
0.977080153091769,
0.943677091532669,
0.101232246037741,
0.439871501196239,
1.16614903578736,
0.669603822714203,
0.209579272972075,
0.642952455361856,
0.488939380183278,
0.108290618302026,
-1.17259673209916,
0.352103381156673,
0.685442902092748,
-1.23488639585009,
-1.39260087932690,
-1.30664190287892,
-0.291348727486407,
-0.615776564173339,
-0.345155179904933,
-0.299782748131496,
-0.0846922733532500,
-0.237730719855592,
0.138157501546750,
-0.112236092468219,
1.06235250212293,
0.208694740918101,
-0.350168209020051,
-0.183089560114345,
-0.171198130914543,
-0.346495892826188,
-0.305081322172411,
-0.0412669595743719,
-1.09013624090824,
-1.24137519092745,
0.819451325697882,
-1.07441406083483,
0.368711412679035,
-1.02684788597871,
-0.974706956563290,
-0.00250001539592419,
0.945083697176817,
0.269119438477876,
-0.487531620893648,
-0.392063586166889,
0.406344132777673,
-0.179018036993845,
0.296818125981945,
-0.286570008659472,
0.240378353257805,
-1.57026379778494,
-1.06897285517681,
-0.893945906238888,
-1.23401926037288,
-0.893691801625060,
0.185182734451433,
1.94642236954305,
0.0756075381570795,
0.396098027227211,
-0.494321891037949,
-0.296790539513933,
0.542326913444824,
-1.07635997503657,
-0.270803055043512,
0.279732681037753,
0.479931600538675,
-0.982083595052279,
1.42164209995815,
0.703465929083427,
-0.226491105399998,
0.839098807501984,
-0.555752153162065,
-0.384214481655744,
0.761961858559613,
0.625223143830900,
-0.521066781914970,
1.27863075704652,
0.246101288153490,
-0.407487275115745,
-0.137142672804955,
0.502212205724256,
0.811904824320145,
-1.04549118078003,
-0.285627648771242,
0.0490441197331546,
-0.157167562790745,
0.940011631256594,
-0.274966923036645,
0.135463568483823,
0.458195468304577,
-0.260773804941848,
5.31154457258515,
4.91480927713145,
7.03280555898657,
2.50266398336866,
3.77919055749596,
-0.398846550299485,
-0.549670772840182,
-0.256797800612161,
0.0615063196216537,
0.0431027038506287,
-0.00464990920338987,
-0.654605501689982,
-1.15323059702669,
-1.71250318189531,
-0.243900783166485,
0.0675759953295701,
-1.47226427558062,
-0.206333102698751,
-0.631354982713148,
-0.252075633576494,
-0.443959540409183,
0.265338418261417,
1.34474304545456,
-0.982644547779860,
-0.496811851579223,
0.166258647990238,
-0.770764899922969,
1.00565677767245,
0.106377075283689,
0.445248516291904,
0.219041473915248,
-1.03316473814225,
-1.18382708048930,
0.236050638520585,
-0.0583267435179346,
0.800033627679878,
1.37394663793961,
0.496127644465025,
-1.33292902176289,
-0.313625883360190,
-0.596837709765017,
0.603147179861748,
-1.22483879852757,
-0.494198818118026,
0.375156488719784,
-0.495395071107016,
0.877233179142391,
0.579052959223499,
0.688809208859929,
0.413764330411147,
-0.466925491174989,
1.22527328318537,
0.646698294741516,
0.761193924108149,
0.987833555356931,
-0.421230778375196,
-0.567676113896981,
0.981161746790719,
-0.643831964690354,
0.706147026448572,
-0.799113589979987,
0.130636521239330,
1.82669947363716,
0.00599866750577077,
0.546361504282762,
0.802198767677195,
-0.0131024850214614,
0.284598211505051,
-0.272300115177949,
-0.0203521179670823,
0.881330079014418,
0.795702512458277,
1.13326812709503,
-0.506451438830438,
0.350916575325348,
0.218563896309587,
0.724453469071525,
-0.373063669265664,
-0.549224395736272,
0.393786329163735,
-0.418267094478097,
-0.376006434540402,
-1.29835224830000,
-0.336220678756370,
0.322042390998232,
0.657789023250330,
0.601578041908769,
0.354330937193107,
0.588055723702109,
0.608052142057074,
-1.04764892302811,
0.00296401049485422,
0.479309587134399,
-0.125039521618004,
-0.122411157988951,
0.137290829310554,
0.489344433453253,
-0.331492715677031,
-1.18214731784883,
-0.221345966649351,
-0.342766471899984,
0.270125753185699,
1.22925274195202,
-1.21635377073353,
-0.102837177252826,
-0.795433531425471,
1.38260786450674,
-0.621789514900012,
0.832588179478719,
-0.107693284032545,
0.769564563732851,
1.24784523390294,
0.448899963340407,
-1.20704556227252,
-0.220317700665288,
-0.996984933182687,
-0.433441238119516,
0.498928215187056,
-0.140503656223631,
-1.94559270677394,
-1.04656591434613,
0.515858120937915,
0.709640190599877,
-0.0436724331408197,
0.196012557755195,
-0.237723693876893,
2.18253189537456,
0.241323585812771,
-0.140121276466158,
0.372860133993809,
0.938433494181118,
0.193905801195080,
0.215713027852121,
0.688348913768528,
-0.645241584609363,
0.164363747010271,
0.743769348860927,
-0.492471770221491,
0.569308670713075,
-0.642002140687858,
0.345106475943336,
0.448974260992713,
1.14426969639706,
0.128544791973172,
0.0479607871459657,
-0.341930560815089,
0.302846464819162,
0.388583009683930,
-0.171575074854135,
0.397900603665530,
-0.0658806232272458,
0.193568262828497,
0.362665239981590,
0.101328545116067,
0.410460093193533,
-0.0614653971667790,
0.782395212033388,
0.729948576470463,
-1.54822960883070,
-0.562131742394845,
0.466931629170663,
-0.522630966138730,
1.27780083764115,
-0.152851418204927,
0.279269133812466,
0.413120216244399,
-0.0814971235544869,
0.254979606929207,
-0.311926947858220,
-0.0754359115655697,
-0.186566568013542,
1.03567054494928,
-0.558880606463725,
-0.998914646966180,
0.817109644976202,
0.0996020331551473,
0.0108172761164063,
-0.110766650233351,
0.639541847241575,
-1.15778701745791,
1.53839185767003,
0.401838054912882,
-1.12157386620700,
-0.853438851060879,
0.207013808064854,
0.601285497122765,
0.217229188364511,
-0.338380798009421,
-0.485556851622044,
-0.0857047589881955,
0.946866867140551,
-0.746843677946307,
0.522700972743793,
0.141240326816614,
0.635113079425485,
0.648378796016320,
0.180851805327546,
0.530985000556772,
-0.719616332916742,
0.0892674430591322,
0.109721848117420,
1.37945380064724,
-0.456145529302254,
0.282955484641196,
-0.757637243732896,
0.670350684536772,
1.53176392168184,
-1.08917342729742,
0.446710134223417,
0.191046422444643,
-0.0764665771056462,
-1.02057741728674,
-0.230910824973995,
0.420040416362174,
1.45694002202166,
-1.08979137039837,
-0.658651167174149,
-0.157820974837636,
-0.0647092413417974,
-0.729862924142360,
0.149790559063789,
-0.274170492562656,
0.0136310222114643,
-0.110267890780492,
-0.192749784055727,
0.692378214440495,
-0.429096156718707,
-1.31000440180468,
0.0297433162492362,
-0.463321232079506,
1.21555309669424,
-0.518058417220880,
-0.174335314385992,
0.692975346318733,
0.375082755188453,
-0.165452977563946,
0.419599840324308,
-0.112028104157249,
0.430858628837546,
1.23862676549761,
-0.448824855663019,
-0.213313732707816,
-0.272384873165133,
0.000955510208105933,
-1.29959993063055,
-1.11054027840227,
-0.817400203734291,
-0.575597890493343,
-0.0460175134794435,
-0.0786319708214998,
0.395844479023003,
0.975663691701020,
0.663504467319261,
-0.529268876305518,
0.394147013288493,
0.103372236999980,
-0.549755950230631,
-0.564093066385220,
0.0541132414010109,
-1.30255426950244,
0.0330309135521560,
0.657801793255499,
-0.0891398179377363,
-0.800757823301075,
-0.776279883392669,
-0.953555751037972,
0.495077849640875,
0.251471324827378,
0.359327472869434,
-0.505177381923994,
-1.17338108889027,
0.0709351518963028,
-0.318471484509331,
1.19401816133388,
-0.323954854963029,
-0.0573092660087784,
-0.475204960094747,
0.291515356148436,
1.78180165895578e-06,
0.587269405958426,
0.785086655429841,
-0.522159619702362,
0.575301208442168,
0.705771050012474,
-0.217049853861099,
-0.252301449311449,
0.363670665761666,
0.257538572865445,
0.725661234540387,
-0.0388512929478971,
0.166356134145358,
-0.414912826519624,
0.0157061713855699,
0.949295978576785,
0.529348164323747,
0.235446786866037,
-0.227062402774612,
0.141369210115806,
0.453175844424085,
-0.220270598490631,
0.621761836139084,
1.33136946499555,
-0.576334366043330,
-0.730470961971838,
0.467975859225209,
-0.464502300384064,
-0.882602682568281,
0.650427710700471,
0.241013015456471,
0.310730266941225,
-0.410713347390128,
-1.10131184319800,
-1.10717228542732,
-0.0350440025431052,
-0.963576325004127,
0.197620359510317,
-0.362841255764789,
-0.349309282082065,
0.216804337898772,
0.609477310785402,
-0.681305023476256,
0.430926823432850,
0.648244492829662,
-0.188814458957525,
0.217188624664019,
0.181307064990116,
0.586721590545140,
0.656752099071983,
0.230781539449168,
0.271428261133024,
-0.442036485383930,
0.0632211936840098,
0.493987922632763,
0.780127492601167,
0.553573305312089,
-0.547859880607189,
-0.964705216455075,
0.291445359595379,
1.08243245446850,
-0.662219945379444,
-0.471261418902274,
0.204370979283622,
0.467465503808412,
0.354967185937778,
-0.268729296818184,
0.880250931014261,
0.995434144839240,
0.232121899694225,
-0.156819388835352,
-0.687333277060878,
0.142815299751737,
-1.91501455147841,
-0.302310527328054,
0.0414730074380091,
-0.123877530352591,
-1.47663239947539,
0.817318980142295,
0.561729672798867,
-1.02127799732593,
-0.449229218956927,
-0.353660105316204,
1.27713785818382,
-1.22497966879994,
0.784429116275624,
0.441512913622990,
1.30777855579568,
0.948775959369743,
0.385221314628529,
0.956835295742082,
-0.812380572683770,
-0.615178452552723,
-0.0408583950011837,
0.0833293054340522,
-0.743736088727322,
-0.494007421454586,
-0.593557010978883,
-0.405210315455689,
-0.383402474298428,
0.111480309436880,
0.347305189220649,
0.371551216013328,
0.293797127671757,
0.508028306044372,
0.138916878308808,
0.229291118787720,
-0.289171005228763,
-1.02173638543782,
-0.342819573625086,
0.454900517030767,
-0.140272464979343,
-0.277915154479566,
-0.00239766760379979,
0.237455641865670,
0.807537214603658,
0.312473812998690,
-1.05479218579528,
0.318695878519527,
0.0321408158476400,
-1.26593613736382,
0.0305323748593471,
0.440931063662062,
-0.0553507294470362,
0.306037201372841,
-1.02098378002055,
0.313230158854609,
-1.10381074886053,
0.635947126016300,
0.349495839727626,
1.03275690887033,
1.13581410954650,
-0.188414678036479,
0.563102925095750,
-0.576295977752494,
-0.146382044746646,
-0.172970689660568,
-0.739674056383014,
0.0851737496256429,
-0.516806003885928,
0.623574179301293,
-0.195258935518995,
0.402692283221334,
0.776530001709720,
0.0561334608633110,
0.207709967633017,
-0.328407595024435,
0.155143043893461,
1.32989241750005,
-0.760406679126922,
0.151251074289680,
-0.816708729228678,
-0.787432635431392,
-1.11042442237474,
0.926795636140665,
-0.165750236553671,
-0.739135311807870,
-0.437780027186894,
-1.48380417131589,
0.411652866061504,
0.594882547345801,
-1.08004322535836,
-0.368777851763567,
-0.115443494888723,
-0.938709437479254,
0.861111699921068,
0.809860360968346,
-0.109503314965298,
-0.125410731189706,
-0.00604302155233874,
0.000511765418036096,
0.815108390380555,
0.0542233956208288,
1.56629595845750,
-1.00054044682077,
0.629114481335841,
0.409901430747129,
0.353751462690585,
-0.148483602593231,
-0.860306442185776,
0.0735756724006549,
-0.335367654894460,
-0.295486296550092,
1.46488559764740,
-0.0710082688868246,
0.196745647367254,
0.111101432930004,
-0.496649028271688,
0.823444678988416,
-0.228202554100503,
-0.725945160939362,
-0.698381210638140,
0.0532323573432337,
0.742649292504707,
1.20141916269997,
-0.324610146135031,
-0.299589233884183,
-0.0166626435125277,
-0.645961002491565,
-1.24975454851548,
0.828696156871025,
0.279484291695182,
-0.566732829410328,
0.197582986980332,
0.797171563627191,
-0.637486929868116,
0.861941791366725,
1.14848996938969,
-0.221538172966444,
-0.242360550419856,
1.06479453870073,
0.476205100659231,
0.368877613760641,
0.0920243705060012,
-0.506495161231809,
0.189025564323897,
1.51438385651668,
1.46511364101945,
-0.263656212390040,
-0.801580674500706,
0.339882749527394,
0.535424016967816,
0.0964537289016262,
-1.73320589448369,
0.398010475434695,
0.798057256283268,
0.547371298773277,
0.329995507552651,
-0.0316885224299825,
-0.272006173770247,
-0.279003458165345,
-0.717437689270704,
-0.313264197693702,
-0.318159231798736,
0.537077869531268,
0.775840470043670,
0.433538903480619,
0.888854732568350,
-0.246285665302239,
-0.142905943317119,
0.681647368059040,
-1.32767940838529,
-0.623282411400513,
-0.550921276154724,
-1.43071353704091,
-0.312427113099199,
-0.499730740035407,
0.572881618043349,
-0.834631589778687,
0.481387481899160,
-1.38926856978115,
0.192628346098838,
0.0910060790924381,
1.36509965981215,
0.500965096715956,
-0.0359485224157711,
1.04811767365462,
-0.384392334522455,
-0.886100451313464,
0.981129726894136,
-0.375291541990392,
-0.413396256019573,
-0.755163256250022,
0.442145024612005,
-0.476837607336974,
0.811759509250616,
-0.528690535409164,
0.530582907717149,
-0.0466701813327278,
0.0884117885213843,
-0.337425482361589,
-0.618906229293090,
0.209555394547964,
-0.651803378428079,
-0.313609940054587,
-0.655039112700614,
-1.13974154884621,
-1.51982593730546,
0.443915334281288,
0.287160569273151,
0.399614018468258,
0.444218601397889,
-0.278524198760213,
0.713207461530712,
-0.737321868778206,
-0.963926441661899,
-0.128026777760882,
0.341308203086249,
-0.543074184600167,
0.409245491076118,
-0.116747197453217,
1.22018050005681,
-0.263911462363637,
-0.239570209295862,
-0.529660926925351,
-0.368359863613240,
0.507500603383049,
-0.661086698547056,
0.757234891591385,
-0.331417231390334,
1.10493816493778,
-1.45403840683854,
0.0322093778871492,
0.190614349249565,
1.53421837647517,
-0.128855847111925,
-0.662955010186686,
0.584219168600326,
-0.238149832835892,
0.119091870796252,
-1.18287771979061,
0.925191169609154,
1.06390309485919,
0.490248440221182,
0.110050518654149,
0.151652208100898,
0.272535689436733,
0.488331390122131,
-0.618168827936141,
-0.200179069164819,
-0.00726180337478962,
0.752715495581072,
1.38593054703794,
-0.330962379629324,
-0.431051070309847,
-0.817366449269171,
0.530852784694891,
-0.201766446915242,
0.599667129890840,
-0.0690412600851761,
0.282549035481551,
-1.24534545766029,
0.260419253549635,
-0.578005798205358,
0.144481188376205,
0.392894647857069,
-0.336001709098647,
0.448130846801936,
-1.36501736646118,
1.42743438156203,
-0.718879510900890,
0.449265658495677,
0.522047056932575,
1.49362531924643,
-0.290386702045066,
0.648500419155031,
-0.655991217434330,
-0.281627128918574,
-0.413486422831829,
-0.827293707001172,
0.0644674282771941,
0.888218420151416,
0.655413993855743,
-0.510661451091163,
-0.261356602939655,
-0.150558464208722,
0.701164966414145,
-0.454306540939135,
-0.645039571175650,
0.218432035913075,
-1.07513767139023,
-1.02105670512531,
-0.0900074291957969,
0.283747222331727,
-0.449668386860280,
0.723634298720913,
0.876410421481625,
-0.345750713222911,
0.393474440458816,
0.0882905517158801,
-1.46564520862061,
0.285327717371120,
-0.328262157321030,
-0.798280589878526,
-1.08231436752211,
0.345587994527907,
-0.270468307587028,
0.573090192428133,
-0.737657920260418,
0.841263556567694,
0.0720011859169056,
-0.0813187356000567,
-0.931309425731486,
0.531748905133228,
-0.176080530563591,
0.402047922740198,
-0.282144620550437,
0.837105628850157,
1.63911374742744,
-0.240456229993822,
-1.50630901624239,
0.466867885775604,
0.331699101884849,
0.587868501089820,
-1.85446789794977,
-0.431397737243203,
0.288329423229732,
-0.439140595953995,
0.783960953820369,
-0.0382759582786784,
-0.133958287495075,
0.579728071686399,
-0.412274771936530,
1.27282282457498,
-0.627786605330308,
1.55931679821330,
-0.462161765788992,
-0.425817633611504,
0.984415436993142,
-0.581688791979891,
0.680253770916465,
0.189501843141740,
1.05453784310733,
-0.104424030350150,
0.0806964078885771,
-0.470168945058039,
0.389318303546193,
1.84246027758156,
0.306908735804723,
-0.0685382531074145,
-0.0856025842886322,
0.357464316421783,
-0.225479116202973,
-0.187970919528056,
-0.411710566079933,
-0.178831976954408,
-1.14702274782101,
-0.496501056757121,
-1.49345693615258,
0.560438524718919,
-0.0671859537433844,
0.989320090424394,
0.784489397061214,
0.953802294198329,
-0.349059231934645,
0.124177655814165,
0.158621062741338,
0.153290766320130,
-1.10869486209247,
-0.396713223142245,
-0.516623532982729,
0.201759164989875,
-0.0113208209613249,
-0.330441309467066,
-0.253510050322461,
-0.168754864562199,
-0.896940944343984,
-0.175434136292665,
0.335494572858911,
2.46263893874777,
-0.0989500912389458,
-0.781422064152239,
-0.609772632386587,
1.34099498543096,
0.674770892714809,
1.47941676031916,
-0.876127128932092,
-0.402945059914766,
-0.681961711078763,
0.128981973240791,
-0.129256282379266,
0.000275276129066811,
-0.0824569775550013,
-0.858950254407465,
-0.0405682407961718,
-1.84701874353500,
-0.154448493894353,
2.19521661739905,
0.105262809111854,
0.662276376263581,
-0.192106021644767,
-0.931117788242083,
-0.548312134373969,
-0.590048717211478,
-0.0338269927450277,
0.226405673189747,
-0.755967090115824,
0.0249139287041155,
-1.29453071342672,
1.95269216392204,
-0.0435014744245789,
1.08309365622878,
1.23282678734499,
0.165874513220656,
-0.184291763029074,
0.647580794860527,
-0.202663177476694,
0.947716321935683,
0.133147956639288,
-0.0982463865353247,
0.179078613530525,
0.423367493091360,
0.375091361239325,
-0.124776648007160,
0.693245793346293,
-0.282473257743148,
-1.06529931140382,
1.07879135499280,
-0.203094349917434,
1.49426539467778,
0.216695503254699,
-0.133890605500812,
1.10074700102302,
0.0636005845527861,
-0.745331377516400,
1.12533563133197,
-0.367441909892372,
0.413681666808763,
0.343334465169003,
0.276965621645405,
1.34506240249043,
0.805962418986041,
0.525107927318838,
-0.0496639857476925,
0.424461014362991,
-0.884523533797592,
1.38320946342577,
-0.295435667190788,
-1.13188121974794,
0.676506403888736,
-0.753135599048673,
1.37910709646009,
1.60054621186556,
0.0953506266157044,
-0.238445337882532,
0.493605526311358,
0.156737604617857,
-0.276161306224894,
0.0706651845154027,
-0.663810273014601,
-0.634683160489307,
-0.397196762825831,
0.206519264162803,
-0.565604891593596,
0.378824299217736,
0.274310074877155,
-0.157562723034934,
-0.522139698548310,
-0.923755960192991,
-1.18508162522917,
0.0673687666864628,
-0.277229205569921,
0.546645788662804,
0.291554206091769,
-0.206769340449407,
-1.01181707215123,
-0.906484987874746,
0.640755482609503,
0.577212476827579,
-1.09620704234564,
0.233988492141092,
-0.392168806193677,
-0.252386304125221,
-0.456827242917621,
-0.369636438538547,
0.890703603849372,
-0.519176660339338,
-0.544432136042087,
-0.528570992009248,
1.60854410379504,
1.50451020715737,
0.0321184674952841,
-0.257274526217002,
0.704181567971497,
-0.577143126275880,
0.131529849078674,
-0.784437668870522,
0.134957402211290,
-0.488767067559316,
-1.04850158669901,
-0.960340846825847,
-0.0598644124421992,
0.562176931350485,
0.225482268184678,
-0.740861735334393,
-0.684408482548618,
-0.158436718127767,
-0.0999279677230060,
0.241939120520054,
-0.397362194827822,
0.566844782022553,
-0.0893905333746009,
1.09726678055180,
0.244972515213362,
-0.599167479074132,
-0.423898701476961,
-0.0923585350344605,
-0.129430840154254,
-0.181973238908491,
-1.18148842218637,
-1.08064659022649,
-0.935708136768187,
0.688844215315548,
1.48139533464384,
-0.459721770326590,
-0.189867896147630,
-0.629505327250938,
-0.461067291673262,
-1.60471066786734,
-0.0215652257619182,
-0.253085635921591,
-0.836118523119475,
0.740498770717270,
0.223152788512243,
0.851020048978232,
-1.14571082314294,
1.04378090635053,
-0.494229304927941,
-0.446371558455866,
-0.102558690593521,
-0.0867027570546224,
-0.312208980827221,
-0.719869670354477,
0.0364102026376675,
-0.343713697169889,
-0.0722750018150727,
-0.445612322698002,
0.266187833329280,
-1.18389572121355,
0.179458379262590,
0.782523355244929,
-0.398327476335456,
-0.0622932765904464,
-1.07564017842892,
-0.551529898175863,
-0.128000087380118,
0.365933496193696,
0.842614792580928,
-0.0674169644491190,
-0.257332561563151,
0.515990335114147,
-0.605065677966340,
0.594938894873327,
0.0136772312838181,
1.15646918131596,
-1.04020079650498,
-0.0851824587043566,
-0.670168113566069,
-1.00976320310037,
0.241834495936550,
-0.162116935671675,
-0.370586769349378,
0.151278695048001,
0.657162993926797,
-0.754130374956919,
-0.432580254801453,
-0.0245492035910457,
-0.614947054784167,
0.321575639381450,
0.168666149298972,
0.899407636004708,
0.440581807366904,
1.44519998033557,
0.570409896521920,
0.430346095963752,
1.54433212462106,
-0.0744309904979779,
0.125543764632912,
-0.356250873124658,
-0.418229425082380,
-1.46748467554947,
0.174973629532905,
-0.246035710531212,
-1.09545428070337,
0.683387346275476,
-0.258560144064820,
-0.440853933376882,
-0.400823668450044,
-0.262464505114412,
0.709201436241288,
-1.07230975312577,
0.388755611174667,
0.564771477848242,
0.521637244139536,
-1.11537423286779,
-1.05452101520408,
1.12040957321632,
-0.598200859614200,
-0.186786757448835,
0.627213805049720,
0.310018136874098,
-0.644597937846800,
0.393265301828399,
-0.109705361552030,
0.301003463786710,
-0.0384411057722471,
-0.0760308034764654,
-0.687031925818141,
-0.161290080344146,
1.04959881279475,
-1.20863045524116,
0.977831444764696,
0.348252958799518,
0.182270460740903,
0.578929185542317,
0.601112943549545,
0.107848012383090,
-0.561919970536496,
0.156017838640374,
-0.0400501317075593,
1.11550002634428,
0.174849378257214,
0.387761315009827,
-0.196002622081685,
0.605084089086960,
-0.494995985748182,
-0.274170687718547,
-0.756268325469088,
0.0297701035195394,
0.0274761109038658,
-0.118016893057568,
-0.718637107807704,
-0.0935627062198075,
-0.0169417974009722,
-0.274846591422357,
0.786501221825086,
-0.258228598333770,
0.419573743634774,
-1.10645445828603,
0.357763489695125,
0.0192860134531732,
-0.215295186144559,
0.0285065540967470,
-0.213894668327665,
0.504189247540651,
-0.411350768607528,
0.882572296615779,
-0.106533020009615,
0.0146856569728559,
0.262733049093491,
-0.473543442432738,
-0.863216690066238,
0.756135798274725,
0.0326918284801107,
-0.701216417137144,
-0.253591666421984,
1.38262152276520,
0.0673234859097831,
-1.65741281717342,
-0.945853671590575,
0.485868590396577,
-0.769869937457163,
0.786147180234855,
0.741864572115645,
-0.0319678597356526,
-1.56692555922247,
4.29749514681190,
5.53589017585680,
7.31196744267159,
3.04343744194824,
2.94797916800014,
0.950362344154181,
-1.18487284251064,
-0.428181268408251,
0.531991167055776,
1.62968628067459,
-0.325270672003476,
1.21888009519262,
0.135526264265080,
-0.351566007190686,
0.225515719635372,
-0.587341666523460,
0.0350153419519539,
-0.312313114256523,
-0.0498602590114048,
-0.0210224120658535,
1.64518527737320,
-0.686702805894527,
0.427976380037562,
-0.131223704122871,
0.199363474966849,
-1.82839909348118,
-0.869965394623625,
-0.324624746355477,
0.420986828580460,
1.13767046205924,
-0.704090210107208,
0.0230220734421875,
-0.0643323634748488,
1.27744140718587,
0.0592507865058064,
0.948197584656923,
0.693348736503628,
-1.35570191560099,
-0.414474386121968,
-0.391208307325064,
0.628064835806602,
1.08021726576847,
-0.714819575908615,
0.208600455860028,
0.347291444793489,
0.467485484030253,
0.902456962464665,
0.478618783389297,
0.558775860647419,
1.36970011751933,
0.497340264867541,
-0.0109111306036846,
1.09959010348766,
-0.712973582674914,
0.391379832912902,
-1.68043248503237,
-1.29673271890365,
0.0740275555127662,
1.61996102671505,
1.23818498128759,
0.424689400092296,
0.854732872080651,
-1.02920107695736,
0.466877262178197,
-0.0782816923938000,
0.298227824762855,
-0.884136031319757,
-0.432988375861058,
0.509719805693393,
0.191753760207393,
-1.81413735245703,
-0.00984641271711144,
-0.946543485165285,
0.789697325212787,
-0.0593073224836903,
-0.100395572883775,
0.849319708362261,
-1.54141404593182,
-0.428840423817875,
0.254189600638357,
0.444583180400362,
0.219177758907118,
0.389561448608260,
0.953152152245653,
-0.0192830170000147,
0.251715438468818,
0.886914837758905,
0.260846681503243,
-1.07994940113365,
-0.872274222688310,
-0.775328151813435,
0.00982689164062065,
0.183207029510858,
-0.610509832008629,
0.875399835446615,
0.570256853227381,
-0.110376250431572,
-0.577541859183346,
-0.650953075661294,
-0.405033257288733,
-0.853510231826424,
-0.319175842974446,
0.455142719316189,
-0.429172963480032,
-0.220254926926735,
0.350099047499009,
-0.0158322859818493,
0.510242879567539,
1.51220746882949,
0.692304959239927,
-0.0686186367895115,
0.284363189590259,
-0.903789623080759,
1.43939115141607,
0.506422040377358,
-0.235349758679074,
0.147539429764310,
-0.395309441707390,
0.475117843332738,
-0.223537369276921,
-0.363528934654963,
0.228496731228644,
-0.858113294369901,
-0.245846105983909,
-0.177490518667466,
-0.355703117035557,
0.811442134911688,
-1.04526158003831,
-0.191264479462741,
-0.0890766792471596,
-1.49005166769921,
0.505998152319999,
1.15396842274848,
1.01350973891592,
-1.32701492997448,
-0.664155388485455,
-0.436363326104151,
-1.24302894675395,
1.04061108798770,
-0.208894823241391,
0.619161111359880,
0.00352897985494265,
0.878494386636155,
-0.607375503600596,
-0.0664925541136728,
0.281861848181610,
-0.310862740913946,
1.68851670960850,
-1.07852355402164,
-0.744152428841026,
0.981698963796178,
1.62694934867486,
0.0598750018885206,
0.00512434166364296,
0.330848477380170,
-0.859885508651135,
-1.18669386422223,
0.212239884605443,
0.0766017888862551,
-0.296811884667888,
-0.0719867617381744,
0.394636966766638,
0.202521968970220,
-0.229074788640212,
0.261613480912509,
-0.279226232388882,
-0.0988095801877192,
-0.558953794055548,
-0.499381104919500,
0.601536817610700,
0.287952075860438,
-0.0604942799327721,
-0.860729617985839,
0.935520438518315,
0.267244196892024,
0.249301764631372,
-0.403908792990859,
1.11482114828085,
0.265599104255799,
-0.363947147890307,
1.19344199172416,
-0.346338610915115,
1.39510384399605,
-1.21784974941642,
0.0703561505005149,
0.442869759734481,
0.716482137203425,
0.737671967494224,
0.359102469727610,
0.103609192618446,
0.321684438305967,
-0.260081709885021,
0.774153471525939,
0.661217612792434,
-0.846527329209464,
-0.283428161351629,
-0.0534402483670511,
0.378631041054658,
-0.872356102772637,
1.03894274540259,
0.343221532533154,
0.0745569985408442,
1.22169136356146,
0.366233489858961,
-0.347809556926091,
-0.781919960735971,
-0.759419638502663,
0.601253239259344,
-0.532893786866300,
0.388388397537363,
0.0229931483726654,
-0.223878730613237,
-0.135059034514886,
-1.75263591572533,
-0.461831540502105,
-1.43787243282258,
-0.0226208746825894,
0.752865388891833,
0.143719111176375,
-0.674595556939045,
1.12400025385445,
0.114313514539822,
-1.05224814792702,
-0.795516703123944,
-0.0704725708625552,
-0.962631662647156,
1.07911517710529,
0.435562469064755,
-1.08184228703261,
-0.476948788899103,
-0.137062895978610,
-0.468002016439119,
-0.536782764972239,
0.00264737411805201,
1.24145610802577,
-0.0919648585356531,
0.657652167606957,
1.22505204769594,
0.612460183710968,
-0.612733043893920,
0.391349216238667,
-0.303846614154700,
0.429316897875809,
-0.0875021823559549,
0.817822838790774,
1.79179254010447,
0.366230536077378,
-0.642974469848790,
-0.383438251429200,
1.76054494279330,
-0.0864035381390231,
-0.477711822556235,
0.604777281993814,
-0.00854741759785129,
-0.530369291692332,
0.323196369248312,
-0.368902900706330,
-0.758834187610995,
0.367942087486239,
-1.40931670586105,
-0.566908043991869,
-0.162860452713047,
-0.0261616746904257,
-0.538310192038982,
0.456865223726054,
1.12767534717252,
-0.574936975656132,
0.807424585565102,
0.129816013136823,
-0.752302279268714,
1.07004230451304,
-0.0126736092984818,
-0.205052644259203,
-0.276969461982327,
-0.0291984935154062,
-0.389438994095217,
0.245832893302371,
0.802868126519859,
0.710843455104154,
0.205930619570067,
-0.101752808078134,
-0.717892670507363,
-0.0285434207728603,
0.401066854008625,
-1.25708015022718,
-0.0116800928863377,
0.455136573434129,
1.14107495666268,
-0.284351494278555,
-0.792976332571151,
-0.213337211668580,
-0.787399750876148,
1.05678243973863,
-0.565812309697920,
-1.14018788242157,
0.793059101678390,
1.02353373866339,
-0.175713270319296,
-1.22637332858981,
0.702775695450213,
0.658334383305898,
0.0831911265433011,
-1.00516616581829,
0.738104560589916,
-0.0844927859293516,
0.142399816572927,
1.58323926966242,
-0.887182866131636,
-0.718178304388378,
0.427172053836375,
0.617885131276768,
0.0586453189088655,
-0.280037482419567,
0.894557314643386,
-0.830828711335458,
-0.200998642988551,
0.0394144359801896,
0.267281955195777,
-0.657198590831212,
-0.313039993991017,
-0.694498742891753,
0.804001247172892,
0.350227193872769,
-1.05286347246103,
-0.0285537674295785,
-0.897009754057379,
0.159524451553382,
0.129037033112152,
-0.960938157526043,
-0.0931571877908396,
0.435402686801493,
-0.378453870213755,
-0.210353138751403,
0.822412751590313,
0.163897424421455,
-0.954857089154134,
0.201282282614926,
-0.141551602102140,
0.215217400241082,
-0.0242539619112332,
-0.321039134458317,
-0.956199566409252,
-0.579289998182033,
-0.110158959065051,
-0.513537249708961,
0.107214145808997,
-0.894956515796803,
-0.205997827216391,
-0.917761482778553,
0.994143871615817,
-0.237653997985652,
0.152480900341465,
-0.227603058217471,
0.259621042001093,
0.285288464874161,
1.80633499707439,
-0.811415678217928,
0.632488239102458,
-1.33101757696687,
0.175227173124157,
-0.635798716731137,
-0.891974257869374,
-0.425635037258154,
-0.179195253833204,
-1.79831698219740,
0.0225157662383375,
0.616103146353349,
-0.673792083073474,
1.40129956879650,
-1.05004497028616,
-0.281806764521841,
-0.256026389769864,
0.489567783030192,
0.111368296194100,
-0.138861890001155,
-0.000688941080773764,
-0.625820639349946,
-0.0665820742143303,
-0.0902952931642366,
0.229540524603745,
0.214771658100278,
-0.257288717688248,
-0.980326740821395,
-0.0692204515654183,
-0.880559218482078,
0.0929667776344525,
-0.619414838274654,
0.560690255525387,
0.0201208357831896,
-0.413386994466176,
-0.829726798903740,
0.0198977326807684,
0.551662390546170,
-0.657287258263925,
1.36653150213712,
-0.412228578181585,
0.609625411039373,
-0.381972240764661,
1.01551796654245,
-0.304040494505227,
0.854581919987778,
0.0147588749634229,
0.144290054623877,
-1.40909115333999,
-0.102627862757042,
-0.682305306686729,
0.0510205760335308,
-0.487066883274327,
0.253857382749955,
0.789711113395507,
-0.298147509722673,
-1.32021103191301,
-1.30972681334448,
0.564428090784469,
0.634925259721161,
-1.39834286410125,
0.563622623666034,
0.321881025681075,
-0.650089270629781,
-0.265562968346423,
-0.388003835050370,
-0.686749077188237,
-0.532571968942880,
1.12705525959978,
0.634205237481719,