-0.428818387717008,
-0.219022906361239,
-0.267648242056780,
-0.401709199248887,
-0.175727452971651,
0.228007350594244,
0.531899193095985,
-1.29707994084853,
-0.292353389715762,
-0.691482429912945,
0.183599819656428,
-0.848332972652911,
0.0920286353427609,
-1.08976267317850,
0.716042405646017,
0.938024803754894,
-0.220838313696997,
0.299383375219757,
-1.02383754853035,
-0.417754049493466,
0.583092948820397,
-0.340976634043474,
0.119077017880974,
1.48435522348792,
-1.27661022437800,
0.777795565004925,
-0.0671032747653010,
-0.571368778257529,
-0.758228297426288,
-1.41071277885880,
0.279537852661349,
-0.536091989363310,
-0.200322998396215,
-0.571292148468580,
-0.841331088535084,
-0.189321824665157,
0.247645449749492,
1.43825490756465,
-0.533792180914736,
0.867069564715434,
1.10916604856248,
0.145753370292109,
-0.354980596049459,
0.688664183215700,
0.942602053303655,
1.30494147968823,
-0.890233073029811,
-0.255209699952379,
1.22097935596485,
-0.525478847436405,
0.674080972216984,
0.282580554455022,
-0.167150376545632,
0.731206946599599,
-0.647669809684024,
0.333622656541072,
-0.192894722754652,
-1.18055201401400,
0.159895646774792,
-1.47874098173294,
0.264413601395273,
0.291276280646315,
0.369448866307046,
1.40381941175351,
0.172178219766174,
-0.669621295260640,
0.748604127910164,
-0.483021384172425,
-0.423086928131904,
-0.270350391383737,
-0.779600896208980,
-0.0117387047689228,
0.678508713570576,
0.321670063203108,
-0.0170547688303858,
0.380010559167819,
-1.05588503866021,
-0.0793554475023620,
0.403733222135976,
-0.387056213947824,
-0.0762820296423681,
0.510519524696453,
0.190754817585223,
-0.440360784048531,
-0.871700815078274,
0.173944489548515,
-0.0685716906758455,
0.444493648185528,
0.000636842962293132,
-1.93094353448418,
0.753473314503158,
0.0969474274941183,
-0.411451516290763,
-1.29748440300386,
-0.975614558983412,
-0.252822349163533,
0.777303011394313,
0.879853055580743,
0.742706009419788,
-0.454884872803452,
-0.198027215471212,
0.168256038587063,
-0.894713134604076,
0.780110321394404,
0.560289912412616,
-0.100365936203139,
-0.704275842149570,
0.0186093731606217,
0.598545702715405,
-0.118880836766644,
0.0417352707340692,
-0.464857149983127,
-0.401904936099416,
0.166808602947173,
0.964306309680714,
-0.373804701841739,
0.620362169683873,
-0.616721352603476,
-0.564579345805711,
-0.364616812618399,
0.105812879952785,
1.10070354819694,
-0.196347364324115,
-0.0698048501396643,
0.619243888688412,
0.854232882727497,
0.391396337487376,
-0.185309576697720,
0.454175200904187,
1.37570156429749,
-0.554993101114440,
-1.10015567344350,
0.336255018330422,
-1.23488411679823,
0.455154345189101,
0.0816800551927634,
-0.117815979950503,
-0.752616454692094,
0.461728447593365,
-0.0984904083278720,
-0.0797409096557451,
-0.108858214152904,
0.428672527513404,
-0.124057650478708,
0.405750891074932,
1.27933262326649,
-0.0795186093907547,
-0.721231424972741,
-0.463845953507489,
-1.18304957315223,
0.734443117303451,
-0.601944394317267,
0.315980949556952,
0.259285278388774,
0.941281413427859,
0.154018451512984,
-0.506039021929794,
-0.685278244907977,
0.894972698327508,
0.936477954823047,
-0.347327045119742,
0.741221315274269,
0.600291497905412,
-0.941066933575208,
-0.208599579595491,
-0.360152867468794,
-0.378179893864380,
0.410060820987488,
0.495127696815582,
-0.568088447337067,
-0.622714810096051,
-1.30037902652148,
0.305149570742332,
0.0869694854132427,
-0.572863529141525,
-0.00410184198019290,
-0.726434238898633,
-0.626308007384609,
0.509206111223616,
-0.536380347913728,
0.137388253688797,
-0.686798307009680,
-1.26935676815716,
0.785633537532219,
-0.315994729892716,
-0.812698291772447,
0.164313221350943,
-0.119897388415216,
0.0697848732225092,
0.820610822446197,
0.0898620000168753,
0.338131091430726,
0.615626702844678,
0.374225876771721,
1.09906353586888,
1.07890523287769,
-0.0439272420127048,
-0.287419270285654,
1.14150794268562,
-1.44098431325686,
4.29029100556140,
-0.370746012947955,
-4.55504194008441,
-2.57218596659048,
1.56262689596765,
-0.0613701814489047,
0.214780946307743,
0.456471026149992,
-0.826164033989159,
0.293668798153268,
0.499896964370610,
0.716469382278293,
-0.625515955929431,
1.78413764872186,
-0.500956529793922,
-0.620168923655877,
-0.953444048482171,
-0.679721427183090,
0.268062982377045,
1.21676496900318,
-0.156954988926116,
0.439979951227133,
0.885681123881066,
0.522414989033066,
0.00823579773589900,
-0.114877878292917,
-0.502886809185255,
-0.485198506812239,
1.63017544331461,
-0.721836855779136,
0.315387285458737,
0.532297811989577,
-0.0677192212610301,
-0.539397996177808,
-1.04363961937895,
-0.615060147004236,
0.722831211266620,
0.0688861264739112,
-0.231435067772812,
-0.829572413161160,
-0.343343750896688,
-0.804566712890660,
0.415379756964823,
-0.151045356550963,
0.365949854084576,
-0.0963696200375791,
-0.124387361192335,
-0.782695857327944,
-0.691610997972624,
0.614662425502635,
1.03663058519769,
0.0363019311210309,
-1.41492969624349,
-0.886519890217711,
0.130203808435211,
0.821965637335118,
-0.506199305986584,
-0.377528814954384,
0.155219208677518,
-0.971403256940160,
0.568400857202019,
-0.664065950185521,
-0.397806316210314,
0.220610152847781,
-0.683434619260540,
0.0789358668239788,
0.289559996110667,
0.383787974000590,
0.284663843413212,
-0.318160664050906,
0.0140446861620874,
-0.765568066128124,
0.931407900937893,
-0.189536451567715,
0.264413078998312,
0.233601632295056,
0.279934111445915,
-0.659154799462565,
2.02497728135842,
-0.827632077852415,
-0.425003958676201,
0.552373127020769,
-0.927780868770218,
-0.232782339696495,
-0.158802567984191,
0.0709109822636156,
-0.648678458322901,
1.30218708802233,
-0.811586373185319,
-0.784468708522369,
0.102240793929379,
-0.818294559691801,
0.0909287507274628,
-0.993598589770549,
-0.377720296337253,
0.234049919810862,
0.364830021675975,
-0.203712597303556,
-0.898882354652320,
0.118726646688150,
-1.07060480163414,
-0.0390882891867826,
1.14832528479433,
-0.843555891678322,
0.290829382496604,
0.0850372310754721,
-1.24583671052994,
0.138963470912107,
-0.469333952763253,
-0.481021520336182,
-0.139085291641579,
-0.549865776237276,
1.14365713521305,
0.122875442783565,
1.26250556370617,
0.681461708349140,
0.0503564801342946,
0.670811364762040,
0.993083278943727,
-0.790550498571019,
-0.531524727125827,
-0.510901985272880,
-0.648244541776621,
0.0124429616491519,
-0.0209097677706657,
0.646989423567387,
-1.01263926469697,
-0.354137631704310,
0.379992785614518,
0.215023404845911,
0.500199746793528,
-0.184444095756273,
-0.638591808856383,
-0.0649466826429788,
-0.0325062229911345,
0.372464674091450,
0.110245048935136,
0.706337875647337,
-0.512098802596388,
0.420004620127528,
0.0579519264873694,
0.542602250135306,
0.391817223519585,
-0.388213215923647,
-1.40932851525212,
0.614260128519410,
-0.351935097595661,
-0.920081068089554,
-0.492271095771492,
-0.551200972585137,
1.13542805385520,
0.159358832806667,
0.160872317905249,
0.221631903281669,
0.524600498445412,
-0.245749847986473,
-0.727440525967737,
-0.823448388361481,
-1.07858885810625,
0.315864260286228,
-0.0998532181985664,
0.202236258893245,
0.447398809948709,
1.53242787288017,
-0.771436529117479,
1.32487258340905,
-0.455090621413953,
0.0368447782376245,
0.0310023477779820,
-0.0907823388397819,
-0.0787224833807594,
-0.547786016431338,
1.11635566035023,
0.405413502535498,
-0.260134845464631,
0.324879090087686,
-0.895132146654756,
-0.431700536920560,
0.287322108117821,
0.0158384342115642,
0.815334682600482,
-0.435390859444836,
0.508733053234649,
1.46333744624830,
-0.153610170127115,
0.753121065444605,
-0.806172091196679,
-1.26747340320636,
-0.331175789992972,
0.433167235167133,
0.202280652892171,
0.590743696772371,
0.790653477909436,
0.683852810360470,
-0.598009718987201,
-0.263860896540492,
0.0754247829247718,
-0.0804724731357753,
-0.709384289658363,
0.316047298047193,
0.533203792895231,
0.552004588811258,
0.474066061552001,
-1.70502321888754,
-0.999311953752390,
0.271119798604246,
-0.812935022253701,
0.333247143418435,
0.370130969817064,
1.19021904101990,
1.33477580272166,
-0.476172099571580,
-0.234061732306868,
0.000214380221666582,
0.581700959246256,
0.628696885595074,
-0.208084504086472,
1.44207425300893,
-0.384035025647149,
-0.0761266987362240,
1.06540474711694,
-1.69096945091777,
0.276685047345936,
0.511371478053718,
0.453089493654450,
-0.693508178751324,
-0.0360458432923569,
0.517946585862210,
1.19126803022110,
-0.497690233803210,
-0.337203859937362,
-0.596755593513192,
0.685925938168250,
0.0146194849855986,
0.313604387471106,
-0.128039591518901,
-0.376323605200922,
0.634785486183710,
-0.254828013440434,
-0.743248153950889,
0.607645979791565,
-1.33951401415581,
0.979581813121348,
-0.831449807818055,
-0.201997182878696,
-0.636400132188071,
0.232196257293156,
-0.992297470266185,
1.33075673677172,
0.485649176847687,
-0.316977718687603,
0.266479074076075,
-0.726847429359483,
-0.993571123591257,
0.903988010239252,
0.473517714767346,
-0.0808345187668261,
0.852453082000439,
0.155827523518603,
0.573104402013053,
0.0627050205517694,
0.401101714285862,
0.526812329884127,
-0.0887257719234330,
0.623378502921446,
-0.273457245702126,
0.808187197771214,
-0.250923464558040,
0.810957420351381,
-0.626402079747010,
0.391313192449200,
0.529469708389333,
0.389286781787733,
0.534662526377123,
-0.0916114713197004,
-0.159037394154042,
0.984188449592960,
0.159249774592295,
0.228906851032081,
-0.540030407450528,
-0.480267966377569,
-0.639665187795872,
-0.362615295759054,
0.130147457201799,
0.0755220454710873,
-0.412917115063695,
0.0859668238156559,
-0.276728756256881,
0.825997612386152,
-0.701683474105963,
0.250624946548748,
-1.14677571634601,
-0.152060881801045,
0.00999689392986273,
0.581457845488868,
0.374249072851740,
0.0855898927953455,
0.114657718009084,
-0.449403473128121,
0.664043453970096,
0.367862658471218,
-0.0549637240673650,
-0.808583055393813,
-1.28417238209294,
0.524800395794155,
-0.162575282403281,
0.196721822956661,
-0.650066945463833,
0.810396054440223,
-0.159299137157719,
0.482273775524858,
-0.162738563532949,
0.207426258750333,
0.365782036270806,
1.20396186379407,
-0.341837264835874,
-0.629340277634403,
-0.265225081297583,
-0.642258195942675,
0.361926747502255,
0.347233286449548,
-0.0928150331624046,
-0.750680617694452,
-0.224569099274544,
-0.664402807902137,
-0.618966721840531,
0.407367291927846,
0.694719565048071,
0.464213413238094,
-1.24836344136862,
0.0660309143102766,
-0.119106421695462,
0.214829795272253,
0.572884478949301,
-0.660045138883722,
-0.0792902925547966,
-1.14037611396035,
0.0137733719878655,
-0.480247746247778,
0.524297361772416,
-0.0320832415702076,
-0.148916389247064,
-0.302244137900013,
-1.23011502864999,
0.682484145671066,
0.121083203743081,
-0.632392032549385,
0.769865132857012,
0.165000326607270,
0.441497852289626,
0.406865459866959,
-1.09668878316211,
-0.383407060501798,
1.16159520357742,
-0.134428615268320,
1.15372565371068,
-0.297697853627849,
-0.511323093478373,
1.30807896356335,
0.721795443932957,
0.256011393300343,
0.532315920468028,
0.293982176213369,
-1.46853966471459,
-0.509675168096725,
0.236061309981110,
-0.0732675322984567,
0.406166116236538,
0.0403868214121252,
0.0620829029000455,
-0.238951541421620,
-0.947198693489169,
0.263339734166603,
-1.31563537532926,
1.14218928453858,
-0.526207181520631,
-0.456527419444497,
-0.415744960754742,
-0.834673837441736,
-0.595953808203175,
0.358311752705109,
0.339272915948190,
-0.123564662773797,
0.645928391528315,
-1.14032352805089,
-0.332575404741454,
-1.07383019628006,
0.674340038275481,
-0.423978014953660,
0.0302811126319850,
-0.825208309799571,
0.213532551620402,
-0.694021283068300,
-1.00401366042920,
0.627558528042536,
-1.04521774020585,
0.400450842899516,
0.531073719025343,
-0.623375524862075,
5.56233331139321,
7.76075966503250,
8.45793170482965,
3.32035859086533,
3.93643840260203,
-0.112593677697622,
-0.494122943916057,
-0.692218145238762,
-1.30123749043949,
-0.715416626622703,
-0.222239721373324,
-0.156981973020822,
-0.118780983407167,
-1.36007704139861,
0.320825334688134,
0.230135452610313,
-0.451107829091093,
-0.541609100587244,
-1.54344068448966,
0.121720641699878,
0.0560837014253071,
0.322058659962513,
0.565621293774688,
0.291120343786751,
0.348578646619584,
0.608739913289952,
0.0878512876528921,
-0.162256749302879,
0.294103144672878,
-0.00758137455620712,
-0.195120934736524,
0.652486147784581,
0.382735431055644,
0.422929245137076,
2.35082078343195,
-0.204074010450067,
0.826397258384073,
0.902188503944692,
0.287309607391187,
-0.678970460475309,
-0.530170297980586,
0.517325195122276,
0.0134695566697878,
-0.767455273125054,
-0.00326862878318463,
-0.396068541287575,
1.22039922346422,
0.444000305599890,
-0.773720967509306,
0.157774016211137,
-0.503106654969053,
0.437589155492454,
-0.597443926316113,
-0.445142159757686,
-0.922088908814579,
0.311293879121858,
0.701397991132353,
-1.15278311950507,
0.432992750425497,
0.467269691494160,
-0.260487359411886,
-0.222665931632074,
-0.632686669210129,
0.916118377390621,
-0.654678239801774,
0.200297459421243,
1.18748783251986,
-0.0649051334964878,
-0.296936538465855,
-1.38120807978236,
-0.308840770142577,
-1.64329284782086,
-0.301815202592462,
0.520322617179811,
-0.347993062277362,
0.826740220118502,
-1.19843025890384,
-0.764914514640992,
0.00538633487638198,
0.0970697084481839,
-0.285950471419752,
0.611515591968999,
-0.622774500484025,
0.0525969066376416,
0.551340053070558,
0.468027412058301,
0.378410311260093,
0.718655853599629,
-0.880131753444166,
-0.460522209928522,
0.272834031053491,
0.876501634585581,
-0.640464412823367,
1.52247452813351,
-0.0527926007105787,
-0.272928404107307,
-0.179489750288959,
-0.546701212042733,
0.888165907624963,
1.03394297603458,
-0.541634072801909,
-0.199996688276342,
-0.727216748493207,
-0.756479454604656,
-0.672880742449847,
0.467983910232671,
1.38840445168773,
-0.0587143040073792,
1.37977787376177,
0.0727819056837190,
-0.120974813823122,
-0.0573778963459370,
-1.47975181993879,
0.254153281159867,
0.847990365182643,
-0.502186847725401,
1.10037558989154,
0.295658621857495,
-0.167068280185251,
1.33737692720713,
-0.613776508001820,
-0.414076916701943,
-0.474170447033922,
-0.289432304962709,
0.212992858219598,
0.299510710127871,
-0.468272030062150,
0.218350593470346,
-0.198025039585804,
-1.60105765936108,
-0.211612390632461,
0.197501122839750,
1.74293230300813,
-0.345314538517418,
-0.0523914699479546,
0.885202080470938,
1.23572498060424,
1.07284448440801,
-0.699837077026673,
-0.624968866537144,
0.754280754221131,
-1.33747502396296,
-0.0304211912138976,
-1.15359792862274,
1.11602576103149,
-0.251904814755452,
0.641038459834537,
0.669327110367429,
0.768522900989245,
1.74625379951720,
0.205515191319697,
0.000496216937118809,
-0.850703021283188,
0.504943132619984,
0.297172071257597,
-0.213610133224851,
-0.511729401989631,
-0.0148958831663773,
-0.189751241136192,
0.310709473231749,
-0.357636012457815,
1.56732146397265,
-0.554392704448937,
0.589733929799294,
0.0134581770502178,
-0.0870936145774006,
-0.569179252455360,
0.368085113306111,
-0.624366384993361,
-1.11086440693960,
-0.649170259232523,
-0.772749797260218,
1.32145224298826,
-0.248660044496792,
0.513019713111577,
0.00933531366293054,
-0.282933487127129,
0.848953002615858,
-1.29960717855120,
-0.108808454217584,
-0.557731742926059,
0.399536475137316,
-0.214390035441897,
0.0843684447203180,
-0.475152053076790,
-0.881367641966655,
0.694329366548440,
0.246983886009678,
0.313298404290905,
-0.594813561458102,
0.256642842059987,
-0.208292047792908,
0.468113465762618,
0.0231535252601377,
-0.894047804424429,
0.118571987574185,
-0.277110728789406,
0.469159325859054,
-0.145668003534333,
-0.569385241183238,
-0.292425754280514,
-0.369568640898752,
1.25829863682791,
-1.14804920864284,
-0.369760496556522,
0.337764462102877,
0.244093691754615,
-0.300216504999785,
-0.187345167188880,
-0.598590382271643,
-0.988220462474484,
-0.414153372402483,
-1.43472702186243,
-0.405892902508199,
-0.664721912176928,
-0.318450600655864,
-0.0796044319847297,
-0.504233229214343,
-0.237637296066449,
-1.39534720536063,
0.290427257999497,
0.859774096427553,
-0.144331016620920,
-0.893758635707895,
-0.238759684123307,
-0.516140846008678,
-0.545429967539855,
0.262646897751903,
0.386945471664798,
-0.378617503397428,
0.194719995598287,
0.499845427040863,
0.821306398548757,
-0.506061193306462,
-0.429844992965476,
-0.374299608325355,
-0.966023747847428,
-0.388440910891168,
-0.0483124568350036,
0.788896729850637,
-1.08694997554260,
0.451346725983339,
0.130970556609623,
-0.604744272801667,
0.0751647906808237,
-0.280153969193707,
-0.0771546442364236,
-0.725329272764858,
0.257873219816999,
-0.249543184974179,
0.573168690600399,
-1.00091046406034,
-0.854707232665990,
-0.297454580327616,
-0.384238919409260,
0.00246190661220174,
1.56741355922865,
-0.375508254919298,
0.413040529004378,
-0.944196032672819,
0.320757496825404,
-0.444541404201648,
0.235850247495853,
-1.53768167436526,
-1.12749600621329,
-0.156006998301549,
-0.0628165678952233,
1.03289287174296,
0.839542229025531,
0.589876168943834,
0.763760313213751,
-0.432247938319680,
-0.554672338818466,
0.148306564375777,
-0.156888229937895,
1.14608699620751,
1.31246366462607,
-0.903722989786719,
-1.03060291972839,
0.540366763002173,
-0.295221334579593,
-0.757976278589173,
-1.24750632540911,
0.927386174355623,
0.480558357843439,
0.234187410064479,
1.14626595849436,
0.743966959283120,
1.33904839818046,
-0.612724410635589,
0.987533318945922,
0.115892082233902,
0.0985239697989115,
-0.776961786348660,
-0.664735741920945,
-0.832102688780288,
0.163598096912080,
-0.632391841904082,
-0.413416428239218,
-0.0774539843013438,
0.434616694357866,
1.35358915670799,
-0.526784276967847,
0.341336288936154,
0.0951828080011721,
-1.22317000234116,
-0.375190080451305,
0.759597048195970,
-0.518460302286129,
-0.678622925301415,
1.02134868713946,
-0.746543969852715,
-0.00134508871462451,
-0.213134674453445,
-0.530053039538207,
-1.41250651018293,
-1.09646230705121,
0.693008728967804,
-0.736838282040150,
-1.41701023476655,
1.08742818504723,
0.482593541183189,
-0.909009316910870,
0.353981708688639,
0.403157001857045,
0.0293814149835366,
-0.372421412163804,
-0.223906577363630,
-0.696054966138093,
-0.774782438167403,
-0.606574631525371,
-0.903013679187341,
0.385538032219845,
-1.35996128061377,
-0.0376454232693859,
-0.975102890175291,
0.0426904528503223,
0.226668656472299,
0.432495304327173,
0.782362267501392,
-0.250766373816226,
-0.278050997398945,
-0.151485868219670,
-0.153535195137534,
-0.640327768370899,
-0.0634580158992391,
0.183859427173274,
0.845343759198756,
0.210418498574774,
0.168588755640703,
-0.914227114522780,
1.82270909781374,
-0.892682082033237,
-0.549647599170781,
-0.126824668126165,
0.872418903992008,
0.535821279775057,
0.0355197785333550,
1.30583433191764,
-1.69284904385707,
-1.09534790148592,
0.00789333359214634,
0.134922745612687,
0.278893985325105,
-0.423344687775287,
-0.211635878949089,
-0.266262690818751,
0.806485910168600,
-0.939155212802649,
1.32977507106573,
-0.715874632180388,
-0.819291862472221,
0.644442805126021,
-0.0570188521348062,
0.605714177702759,
0.389773764232174,
0.464268918914414,
-0.819570688946206,
-0.818193812299732,
-0.217145658324737,
-0.668216361136222,
0.132439231789494,
0.00599715020228689,
0.970767831064498,
-1.49787779536365,
1.43375532204977,
-0.105869306443385,
-0.439172746983653,
0.0581573704045941,
0.0586964314430843,
-0.190590571037091,
-0.0324575142549615,
0.684267030165186,
-1.65040646118830,
1.25632962886809,
-0.281075664363205,
-0.933390345323425,
-0.561461819751844,
-0.102320398596634,
0.133544756266465,
-0.195335040054436,
-0.577388697165273,
0.225875870851345,
-0.979144896904416,
2.55718757785528,
0.906131921733074,
-0.832768669474869,
1.26742473238225,
0.999054005827776,
1.28913003554777,
0.655082695912651,
-0.422396763712903,
1.09845986520096,
-0.499617723311738,
0.0699249181326932,
-0.368335503343665,
-0.173155593883943,
0.702362652934976,
1.40234825247153,
-0.333507523960702,
0.333681453702490,
-0.252216532136146,
0.407043745410177,
0.830526288393592,
0.177783678505334,
-0.728155357029729,
-0.126778475168698,
0.0408765742879242,
0.543950063549226,
-0.297438114494374,
-0.270495560939056,
0.0277494847757766,
0.721744383713713,
0.778551393291925,
-0.271203775348177,
0.336912417558608,
1.16201035523892,
0.173031168785303,
1.25713955619499,
-0.416020197995478,
-0.211554008701394,
0.0466055962867853,
-0.0234470753985437,
0.689871736354891,
-1.11398490332950,
0.550518132437548,
0.273893726932791,
-2.06917568685887,
-0.423229861212261,
-0.174320075896833,
-0.183346222578465,
-0.749315150729195,
1.07254099457911,
-1.11889961068721,
-0.0370366783433243,
1.06332805896527,
0.625814087586342,
-0.291680538498950,
-0.571762357002011,
0.871096071650388,
-0.764952760270144,
-0.227463688451814,
0.271778082115549,
-1.01478366899707,
-1.00071967183096,
0.950719451495794,
-1.22226035800465,
0.0472137192908851,
-0.200058390980848,
-0.693566395027937,
-0.283600703310829,
0.464199261597209,
-0.726289577961094,
-0.0966334798072111,
0.455133581954496,
0.751926872614081,
0.954622545621250,
0.246271207873823,
0.441766252875194,
-0.245325400450234,
-0.0266028396857978,
0.708205133236782,
0.679053813845534,
1.32085400214085,
0.471905676817225,
-0.659125603041553,
-0.124285902071669,
0.154287687200453,
-0.0350287788214049,
0.235462387907337,
-0.0185842823343488,
-0.837953476916555,
0.527813792937943,
-0.155105772267169,
1.22399237898703,
-1.21838868183690,
0.743990211029630,
-0.286098436104171,
-0.226521611943797,
0.692201113205528,
-1.02516179584061,
0.0462408642757408,
-0.159515461887250,
0.465054494143665,
-0.844961931904053,
-0.176886978948276,
-0.423275105590938,
1.51363085250708,
1.23505898968410,
0.0842916440769519,
-0.673480153425142,
-1.85164722881223,
0.561576150319263,
-0.0402526704318885,
0.0289260751275721,
0.330028654805938,
0.630961830327949,
-1.38231154911638,
0.283669094992868,
0.641866722109494,
-1.29108094171087,
-0.298899034320937,
0.252256334737891,
0.231638047285315,
-0.0994491507609335,
0.121266694418916,
0.0672284053862685,
0.598969028302671,
-0.476025103014833,
-0.129413864967974,
0.712563984299438,
1.21274651201545,
0.359803665866311,
-0.0342722143516555,
-0.0635408135762926,
-0.895370166171107,
1.46761339500330,
-0.588507334622104,
-0.780006068794659,
-0.342594283518037,
0.651921110129945,
0.738968834083314,
0.726631559922045,
0.0949722724886705,
0.219813674895721,
-0.0109501749208950,
-0.241818993492406,
0.689896218334056,
0.957185022292432,
0.703164897486092,
-1.05970388275503,
0.491174187564690,
0.146159696212753,
0.0578170727892181,
-0.0734817903946631,
-0.501078349441509,
-1.33533650919387,
-0.266537960207767,
0.239837763260788,
-0.811804328326049,
0.890214934086331,
0.810730518268909,
0.0139766965049443,
-0.447666872342449,
-1.28199004821477,
-0.232791934164136,
0.862201493988509,
0.0144795595101951,
0.884347740936144,
-0.735951214976050,
1.44998198748689,
-0.0425214102791114,
-1.07792090215183,
-0.825340249745975,
0.181924314711030,
0.0503156907412536,
-0.771199252224066,
0.482222709437725,
-0.565166699458568,
0.432202492481854,
-0.598226054828180,
0.00239801621512695,
-1.12440477390042,
-0.000273651799285665,
-0.242503211805873,
-1.18738728579456,
0.253942613504782,
1.24375089778775,
0.853195201513767,
0.652892665524063,
-0.193097303109192,
0.321598278249218,
0.822794599981895,
-0.204090549423014,
-0.0334133682008001,
-1.17045704783873,
0.261922145621712,
-1.16881856055192,
-0.971107772579822,
-0.363291180130027,
-0.920421482508807,
0.864764638495354,
-0.546516541402244,
-0.988177605523165,
-1.71051345685882,
0.719486847236517,
0.110064592332458,
0.549371707417884,
-1.02462228242275,
-0.124147394247347,
0.913732088402992,
0.205159513437370,
-0.245704812884978,
1.70506712584701,
0.0634090571386355,
0.851453796685261,
-0.660874133914018,
0.297342313161166,
0.0936938037874698,
-0.810188645091537,
-0.443050580464937,
-0.347536068170700,
0.734095591727359,
0.317931735408489,
-0.993267490209050,
4.28301448467086,
-0.894359698011390,
-4.39226473090679,
-2.44769506734780,
0.314888105045844,
-0.373105845955975,
0.203552953352227,
0.392103960138104,
0.903380726058002,
0.989582198701457,
0.940795934278209,
-1.31404627574564,
0.776774925628393,
0.138002940350639,
0.474037518975096,
0.453598291380304,
0.664916687188835,
-0.272657456066734,
0.679928489350098,
-1.00377670520517,
-0.558991439680330,
1.11521590988999,
-0.546065756002800,
0.167681185660998,
-0.708667919182190,
-0.534900974596840,
0.818209000208777,
0.0444860240167025,
-0.315411359137776,
0.534517734098293,
-0.0800909656333838,
1.23248785784865,
0.169132820293241,
-0.291333688084431,
0.755631251642476,
0.0557582812741786,
-0.00172078366045424,
0.291561014902568,
-0.699937526918716,
0.543594439807921,
0.714633206019002,
-0.817657200362186,
-0.835505068058968,
-0.0970426141444144,
1.05743473316893,
-0.277389798017570,
0.430802978387265,
-0.288524813093746,
-1.08296625564060,
0.280919768385775,
0.538398850044948,
0.0762524931862536,
-0.343461203488646,
-0.474706310762331,
-1.33185171591898,
0.0187054302033467,
0.161194249578870,
0.138779740036221,
0.191967142275726,
0.874379724043231,
0.395006721035373,
-0.924428690400518,
0.420295713997353,
-0.260983353916211,
-1.04277798382503,
-0.493580560041685,
-0.0472499452694312,
-0.625562803403867,
0.928340503923607,
-0.0557045564848638,
-0.312479843829247,
-0.607006135002776,
1.11619149748586,
0.847343898964054,
-0.141712457740738,
0.727508667407869,
-0.0544429486386071,
-0.104299367706908,
-0.274352899423474,
0.528622327682691,
0.427825049921274,
-0.141339137654126,
-0.276696780994110,
-0.902269100188301,
-0.119670460568530,
0.512098177404704,
1.22879875270542,
0.345394772106198,
0.0390861403372934,
-0.225886084264707,
0.0510210576841909,
-1.35848435841911,
-0.276885491156299,
0.411874538240878,
-0.0659116993695999,
-0.344175497703631,
0.963257430236901,
0.156001211378439,
0.571029961258438,
-0.990261081438501,
0.0366733564828572,
-0.797819814543002,
-0.249655661582251,
-0.0363955110182702,
0.229552700556599,
0.409182237959400,
-0.0550972343821372,
-0.678785902259034,
-0.946034955496774,
0.0712086975349541,
0.575990635410883,
-1.40676360366948,
-0.947888659041372,
0.274643956025249,
-0.663049314363746,
-0.145060969019966,
-0.287776884904419,
-0.138193187604286,
0.326331483661748,
-0.194423673434276,
-0.432989760697354,
0.957553112141709,
-0.0296982156525694,
0.671203585222870,
-0.00747461340424657,
0.558734219593101,
-0.371131943024884,
-0.0126812765101902,
0.315096017609322,
-0.710809597584052,
0.0209134812387853,
0.371328486118815,
-0.0234841321380237,
-1.22671419778038,
-0.295902281334557,
0.166456434687006,
-0.366498631320837,
-0.535645304800638,
0.0526324941766322,
0.132539118138051,
1.16405445459880,
-0.647057627412470,
-0.242523585512710,
0.576294525884914,
-0.409675098017899,
-0.0237568758017814,
1.33254012001506,
0.691328399486992,
-0.469048661575259,
0.271536515489628,
0.634355684057907,
-0.0718901476771887,
-0.256157305834667,
-0.233762095869937,
0.666412751406168,
-0.00173342847842725,
0.0817002966076392,
1.10592949305876,
0.327891798772975,
-0.292647213913570,
-0.208379038933038,
-0.939783565796000,
1.05334844377897,
0.408676949252675,
-0.907108075285682,
1.10282315192579,
0.146825461916015,
0.483771735261895,
1.25436924478780,
-0.217701746626481,
-0.936358521229312,
0.784735928499536,
0.0204784140102059,
0.853611384137850,
-1.62506159860201,
0.863655451888893,
-0.936240278561400,
0.326204105551519,
0.234352378812178,
0.617048396993833,
0.146247944010714,
-0.418355042106170,
0.206096162913283,
-0.0865671165922559,
-0.431075298056343,
-1.68849702661538,
0.752196186117382,
0.553148270607812,
0.675758571037904,
0.494697735706275,
-0.389456087527172,
-0.965557514083110,
0.389265301992517,
-0.591007078828378,
0.647569581998901,
-0.385091802478439,
-0.288578557527815,
0.469705845637051,
0.00840153244457278,
0.420321493230029,
-0.603372757347121,
0.109003498680366,
-0.716791041246547,
-0.108236328468792,
-0.358353006866870,
-0.0114012597575854,
-0.372340940703552,
-0.113773435758673,
-0.315290537333649,
0.531481965249703,
0.173858488361395,
0.335575209830665,
-1.14621898986334,
0.0937361593287311,
-1.07094101265152,
-0.769609901330360,
-0.169164587631337,
-1.14103206532447,
-0.321539678218432,
-0.0142038443310511,
0.280298577476212,
-0.708869850809722,
0.437160975161763,
0.0185719677188223,
-0.635726533410465,
-0.122132302399730,
0.442210336041785,
0.409683286879665,
-0.280235967210508,
-1.10226719108341,
-0.218745976734508,
-0.192281797084927,
1.42030763603804,
-0.116687439425907,
0.308255593839038,
-0.0592636218803107,
-0.607876159915603,
-0.417824026990137,
-0.389620097434737,
0.828313203300433,
-1.01684343801892,
-0.259915560291960,
-0.491997258481224,
-0.0331044061104183,
0.633515525076411,
-0.0405164151739272,
1.23389325079586,
0.128807478924033,
-0.695955686820709,
-0.0241060103282105,
0.146994463936791,
0.112636833246241,
0.0417661470982718,
0.0332331788962256,
0.500738476789011,
-0.458047831431462,
-0.356865369072571,
0.886628145395679,
-0.372652588657736,
1.59184346382784,
0.305634917060546,
0.355793516178413,
-0.314758887593999,
0.287361619493223,
0.769598546457306,
0.571336545367858,
-0.450907929859257,
-0.476280633192295,
0.975658130242240,
-0.966736907051415,
-0.821559787365510,
-1.38873706290910,
0.238240461373555,
-0.736546714061352,
-0.602597880404230,
0.0861276603769892,
-1.03943332425608,
-0.0675667205374963,
0.800325359009866,
0.300512047133570,
-1.53711501702301,
-0.450376948263439,
0.676479562055525,
-0.796610764574177,
1.13501684489218,
-0.378613720190968,
0.147313504194864,
0.933050794776206,
-0.918201925605932,
0.117372428385115,
-0.219007895298817,
-0.650820826187159,
-1.45011295232745,
0.473489692226873,
0.0610386087214852,
-0.710226397890313,
-0.607359970569696,
0.373269427332788,
0.130475442077299,
-0.909932195298992,
-0.340559158589423,
-1.02138394636602,
0.742889043234370,
-1.05712597731360,
1.48291061569206,
-0.446831455703858,
-0.191388110989563,
0.500917140294379,
-0.120872243883758,
0.597992066448422,
0.0885990261558098,
0.380965839758541,
0.231541702774584,
0.557302447765841,
1.00991064491240,
-0.945348359638500,
-1.46279334893360,
-0.946795198868336,
-0.314114755127464,
0.187557365597335,
-0.0381880945841422,
-0.247275421976623,
1.65807386526308,
0.219908198384983,
-0.427611649646628,
1.00594971515939,
0.522580351304737,
0.585816261106143,
1.83020484978558,
-0.317374022087138,
-0.983943022023999,
0.00981455707132151,
0.327139911040661,
0.224345228411169,
1.44673723431787,
-1.57199172688745,
0.566330803154424,
-0.205534917229090,
1.16114936431640,
-1.78564741353760,
-0.197191028944441,
0.992455607785234,
-0.192950819241860,
-0.793533948898523,
0.305315894917054,
-0.276750819733505,
-0.744205433067771,
0.635077773253590,
-0.821176532438216,
-0.249768899724745,
-0.365341694658698,
0.0873763746114733,
0.313859355594073,
-0.226437587367533,
0.720487752832461,
0.00119485658005206,
0.293911751779856,
0.259853610451791,
0.385084901365638,
1.01810797826874,
-0.531795757673604,
0.613213028759450,
0.0478296091424894,
-0.296492498003137,
-0.523450872949792,
0.238751944297111,
0.294439025758584,
0.282261533296776,
0.163024685587102,
0.0457751092798450,
-0.705060436000387,
-0.0154835880325896,
0.455822776538774,
0.608000301816107,
-0.923222084779274,
-0.480230923091209,
0.109991671715422,
-0.157093556831444,
-0.660229813550363,
0.598277912868718,
-1.05758103278456,
1.25046372969532,
-0.360491089273478,
0.404255631906513,
0.0405836942478273,
-1.00383969503881,
0.652500572731298,
-0.464692922998066,
0.776882639270583,
0.247630776034528,
0.597134679625874,
-0.801898629788090,
-0.581859273284170,
0.639628687858558,
0.0299508091563784,
0.452177984709692,
0.220815303857567,
1.04443808035050,
-0.137791229191301,
4.40679810756079,
6.75629416278778,
8.68192394339844,
3.71079369707560,
5.23587030358952,
0.560319427041053,
1.49687879179672,
0.223063702638767,
-0.872705796559724,
0.0217306469436173,
-0.589525328779335,
-0.0476534882862194,
-0.638761040335648,
0.550553865338270,
-0.580410452309185,
0.726938204106562,
-0.182655522905200,
-0.373011188306051,
-0.496285380438549,
0.244047224403302,
1.74889197501478,
0.582008131899779,
0.624806607724754,
0.0859236552246076,
-1.23546165596509,
-0.0482358963197706,
1.14211060109059,
0.610925010691253,
-0.923703679675780,
-1.30448759999755,
0.119804736046239,
0.769522852530562,
-0.768197659763036,
0.114510717798303,
0.546709491180289,
-0.658410984887132,
0.421915536767750,
-0.267552013466870,
0.0877521672647004,
-0.177422525681816,
0.00867959251839231,
-0.558661335351104,
0.100005318136337,
-0.0280566750827285,
0.864256361855726,
-0.146110147666699,
-0.333777173813352,
-0.848403996261857,
-0.165435894871826,
1.43845317749717,
-0.165373616317504,
-0.0613153662420118,
1.15572331113665,
-0.804914438558390,
-0.528129477594681,
-0.444536963126491,
0.296995137495890,
-0.115448144930938,
-1.05269084592437,
0.669210507786105,
-1.78544427926864,
-0.349758064490529,
0.0735248344691744,
0.905578592889743,
0.179103139361047,
0.283937276474101,
-0.0665275053053532,
1.15360524220638,
-0.610083809628172,
-0.676896762624878,
0.427149870864308,
0.357235695456594,
0.525975142130790,
-0.611356000549100,
0.565285668272796,
-1.44414611743705,
-0.137578224681080,
-0.226445632773255,
0.573616018006788,
0.270952758232483,
0.933405144008531,
-0.490059305143365,
0.307836808404628,
0.171950579866496,
-0.0314172258318534,
0.588470482123394,
-0.141199344899013,
0.205250499117186,
-0.525723097459695,
-0.492156450899176,
0.0124747562892286,
0.324058242317583,
0.344730545505740,
0.0187973337682730,
0.134173899903492,
-1.09441686375445,
-1.28178803229334,
-0.00949282098620431,
0.584593615426096,
0.0775852035676110,
-0.266970794608611,
-0.602354943082707,
-0.789620364946327,
0.257502609390928,
-0.232237550481582,
0.829918581155287,
-0.678524127078995,
-0.364805492951080,
-1.08933279722625,
-0.619997996662858,
-0.469453791097743,
0.452494475353783,
-1.34368976528701,
0.471187998494571,
0.681141219726226,
-0.354408558890944,
-0.417137573895599,
-0.390341628016258,
1.11167167334452,
-0.546603472931130,
0.592408816995968,
0.826206769169179,
-0.133311679226403,
-0.677024483336927,
-1.21616556264515,
1.96279777918773,
0.0791117327987649,
-0.688914650761685,
-0.117315182718238,
-0.203484613771434,
-0.271068264558209,
-0.800940963276103,
-0.175561695876194,
-0.385972860921987,
0.275942859504721,
1.33600041492270,
0.209357318612141,
0.305517936870279,
0.467011309613801,
-0.424009688937817,
-0.0840215600741692,
0.0500719392461404,
0.494916697491065,
0.591904234354547,
1.02070008389297,
-1.62270992333186,
-0.0837056230590414,
0.0924398669770889,
-1.38760911553804,
-1.44913734700960,
-0.619906209869883,
-0.515838929812052,
0.469919730686715,
0.0956288037037132,
0.0370891396562448,
-1.37766600210255,
-0.321423450577699,
-0.103003913191772,
0.394983897979104,
1.29121381530567,
0.246299834742987,
-0.748904409122620,
0.936355462241990,
-0.360531795058561,
-0.134783318382787,
-0.600249527971086,
0.744267349789974,
-0.896518665268133,
-0.492374464471511,
-0.236436661534145,
-0.849150572494445,
0.528032847521145,
0.663277305869972,
-0.580435178486998,
0.713974342197940,
0.152873669579380,
-0.0369577589583308,
-0.304607502932541,
0.00435024145207170,
0.499401878173229,
1.16191835684747,
0.200977780406473,
0.00321384967870476,
-0.691735898438480,
0.199108782215079,
-0.653395128228917,
0.0854162272659808,
-0.316836182611004,
-0.501448706563515,
0.671660913085097,
0.00914410279861678,
0.252290151279166,
0.227789044664420,
1.40135451814287,
0.00378006274025724,
-0.591903953239301,
0.633666526487120,
0.773697856237347,
-0.505894186738339,
-0.246801008964704,
0.0865021338401959,
0.845127317721259,
-0.0640447667627047,
0.0847505024159949,
-0.0267456637011025,
0.475689465728586,
0.888500687060271,
-0.145437169902816,
1.22879718845120,
1.70557689399347,
1.06654186851847,
-0.524834178068302,
-1.14283979887794,
0.450581088399092,
0.0530117375351980,
-0.536973405841185,
0.0298338711897722,
-0.0192710699747976,
-0.917459722808336,
-0.855630043505199,
-0.619319221801865,
1.05595353665022,
-0.317101536926829,
0.271098515715943,
-0.341604996952645,
1.03938882356363,
-0.353448738361424,
0.128629303935089,
0.697354100177209,
1.05268942256984,
0.705516674229185,
0.0835725473509245,
0.469737012655879,
-0.776979001263306,
-0.222155474906732,
-0.0929696647201074,
-0.314649805988809,
-0.367018734397149,
-1.20405795363785,
-0.314509374587982,
-0.637236555914131,
0.322864579241055,
-0.0197436136209681,
-0.773871697001714,
0.687525087131291,
0.00898262877931549,
0.353238039053978,
0.560043320377848,
0.527653183064972,
2.15088847586472,
-0.105592794327326,
-0.467603246217743,
0.334644328456569,
0.703865838711008,
0.216809841117811,
-0.0946646084300664,
0.989831885700476,
0.140755064849628,
-0.175700733014964,
0.379652932938102,
0.0150361315569968,
0.297628841368659,
0.0647328660434426,
0.149788119777886,
-0.355002133710004,
0.411826479396573,
-0.198221235048494,
-1.05885225832273,
-0.930520662489825,
-1.29366107617068,
0.225339775177251,
1.00646130052583,
1.02350724216213,
0.714147076888205,
0.0806460979900709,
0.873305705402924,
0.758888684563103,
0.580539497419491,
0.0644795585592351,
0.724399543078337,
0.727372711276847,
-0.176342868891241,
-0.240427017805979,
-0.823823285596706,
-1.06461631827274,
-0.0457069190684047,
0.709441501032752,
-0.580565364305203,
0.486638723100693,
1.09496454216583,
0.0104817340148782,
1.11641522403469,
-0.0220133822744658,
-0.141451137146740,
0.542239123895463,
0.175623238211403,
1.34812425157662,
-0.397052781185681,
0.486629570493170,
-0.205081393393286,
-0.232713885600470,
0.847625787845926,
-0.573240734099104,
-0.732173684415314,
-0.290902050378493,
-0.235102230559194,
0.114711037496120,
-0.658360077794348,
-0.769446585056851,
-0.00961121439978526,
0.0666655672454439,
0.651085887150622,
0.0385229338728325,
-0.0417328850548785,
0.201037012465015,
-0.222085779405800,
0.246960019591067,
0.131229766126468,
0.0119307728983833,
-0.385199768384677,
0.383473208529401,
0.0882442459551817,
-0.111402671168845,
0.308426878613176,
-0.929020902016427,
1.08130636357965,
-0.00141353876813139,
-0.531635627025068,
-0.577992327695419,
-0.138896099524929,
1.34683184552267,
0.905475647616246,
-0.436222618306650,
0.569472690615483,
0.578053702964848,
-0.397119147625810,
-0.0320538107517940,
-0.244661531988023,
0.395419813987684,
0.466164593649570,
-0.324343240427621,
0.723437049752931,
-0.415910331667854,
-0.331732073399559,
0.721435771578635,
-0.981920396712092,
-0.128320662619392,
1.36376226363070,
-0.137781974245661,
0.161315223077857,
-0.150502062420853,
-0.666235892658294,
0.162875252882282,
-0.275518044087871,
-0.123619804779154,
0.205368899916630,
-0.101796113047231,
-0.505970168531310,
-0.455312297719813,
0.218277913227847,
-1.10678482740941,
0.263522161969820,
-0.0502235307311859,
0.298565534345751,
0.0407695593997816,
0.532142570980056,
-0.0895280267523521,
0.346490614518933,
0.895229720952878,
0.599579841583071,
0.291858623137519,
-0.207918214603486,
-0.546548882432505,
0.0329377254336011,
-0.425677640935037,
-0.846811977447082,
-0.306625026433903,
-0.434547583506756,
0.320349827074303,
0.644235841542413,
0.0290243507214187,
-0.522896264126076,
0.376284160439972,
-1.45471664270236,
-1.23274751207636,
0.258199902763775,
-0.698566658187902,
-0.373494810653969,
1.13397016798043,
0.561760017206531,
0.274215189979338,
-0.0841254949482122,
0.0911802049128060,
1.73827707607528,
-0.0587252636265285,
-0.338796600246461,
0.0119622031472376,
-0.388464444531984,
-0.767574558494996,
0.662363287187319,
0.245234582653424,
-0.338561906671892,
-0.0720265366573090,
0.418676762465197,
-1.88914265961486,
-1.37258040505776,
-1.08247623073984,
0.884759993689867,
-0.713000297197200,
-0.755782753722599,
0.435894887790034,
0.430152889209534,
1.19009383250902,
-0.611722073602724,
1.09295292770382,
-0.844459977468793,
-0.889803765713152,
0.175070907604693,
0.826767239101594,
0.947977312282716,
-0.665700635560695,
-0.427718378955578,
1.40307621770648,
-1.18521935272645,
0.638916597749757,
0.0697277834230210,
0.788811509662489,
0.663008915636991,
0.439476784802288,
0.656278192778231,
-0.146717774292850,
-0.116007378508208,
-0.866546296361445,
-0.0687739632511185,
0.539718846722264,
-0.218188560963851,
1.33093685408308,
-2.42138137998215,
0.985528389204960,
0.0579859038628493,
0.0325534308354088,
0.596852463375275,
0.848674312065315,
-0.875214071942037,
-0.793535691388515,
-0.860686733439782,
0.547184871282238,
-0.0827910159607029,
0.126256796438283,
0.0645610597042131,
0.883448268545161,
1.39794355002512,
-0.673461204011243,
-0.668576177423343,
0.752214206307136,
-1.01843528080749,
-0.135482734887503,
0.954986230831444,
0.492300435651202,
0.0718516895198322,
-0.549861719261476,
-1.08149772866943,
-0.431157434802989,
-0.0687090285258445,
-0.151941729282365,
0.139355162479609,
0.643686604826050,
-1.34830483150474,
1.50037712985364,
1.36379756953608,
-0.471817980481881,
0.979500828475625,
0.0302199457802502,
0.869636930338289,
-0.726848924773478,
-0.0262383485017989,
-0.0991609222281664,
-0.198249512166753,
-0.258745300880716,
0.308593241400894,
0.383017095766368,
-0.132428891850039,
0.776058427769958,
0.823539848849632,
1.12450805117013,
-0.291716468327269,
-1.01605343377818,
0.186103343261444,
1.33807030013903,
-1.03405007360964,
0.200357645086423,
0.101516058694262,
-0.588572851892903,
-0.114905237514941,
-0.708274121915996,
-0.778223620252295,
0.416661639326342,
-1.61164517253511,
0.0508372724212195,
0.418820153524926,
-0.795576913213433,
-1.35672441960612,
-1.28860110944632,
0.0246816666586603,
-0.533739049426795,
0.226618191560649,
-0.203826924755412,
-0.708653450363058,
0.751430772693499,
-0.0440722282174817,
0.387964794925357,
-0.293320966947091,
-0.584055810876375,
0.146871019471748,
-0.879538938226087,
0.730658433948415,
-0.889102936177153,
0.618753991229862,
0.0737332585925448,
0.693880875796044,
-0.389867622158974,
0.692761974095108,
-0.190685690987185,
-0.0177066357467138,
1.15171967223021,
0.0283866201196773,
0.296207095942005,
-0.385819252910305,
0.329618464889756,
-0.580749343659418,
0.0801687554312352,
-1.04090906290743,
-0.692114573259277,
-0.183038697051639,
0.0422872552855193,
0.0525284492991813,
0.309656358297577,
0.362810310371476,
0.292088711858121,
-0.650806098078390,
0.515940745947054,
0.636446372479537,
-0.863299706488029,
-0.412399664866281,
-0.110612462388248,
0.611535033402011,
-0.316146112826346,
0.182015368337709,
-0.169657341240586,
0.746159306353043,
-0.261078763851675,
0.148841664165749,
-0.762538372611623,
2.12077955887009,
-0.726742360337881,
0.886981691655779,
-1.35282836630207,
0.928244012221159,
-0.753028351646199,
-0.307767231854116,
-1.29932820629277,
0.116956115063222,
-0.855107715336180,
-0.266555502795081,
-0.193799780036045,
0.594576106182385,
-0.164144823291427,
-1.17817299582247,
-0.712801898927445,
-0.0205591866848114,
-0.531782082390668,
-0.0162057346514568,
1.25067299563818,
0.0917415272528667,
0.122711199068822,
1.20847745995214,
0.553136457633339,
1.15708765061772,
-0.133359037764430,
1.27203024901583,
1.16607101926952,
0.740932446649736,
0.184196764489743,
-0.669619778567994,
-0.0821645937343930,
0.0399646039502271,
0.752746727361843,
-0.289205416738812,
-0.0261318706701296,
0.439460850070231,
0.407876246056245,
-0.258404819300717,
0.755875020624000,
-1.32006248444223,
0.926502670987087,
-1.21126399212636,
-0.0320263926554804,
-0.361419037705349,
-0.102458860087473,
-0.143644585877934,
-0.280639730533510,
0.458795783520648,
-0.270763069577794,
0.635337494949632,
-1.55818530627591,
0.217950303604248,
0.757337164447985,
-0.330916561575201,
0.214548441853691,
1.20630324233615,
-0.805542984261195,
0.261499092481383,
-0.250224611073588,
0.561302883466012,
0.194691859084943,
0.631669236373214,
-0.352970289251478,
-0.162389073040923,
0.777676958588577,
0.416226271084877,
0.295888506161237,
0.593124398087455,
1.15027404037103,
-0.164285909812192,
-1.42832031508260,
4.15344443691637,
-0.716655471788530,
-3.54566644738238,
-4.09895500369704,
-0.210342851473267,
-0.111542801811298,
0.212471666921712,
0.490596066381794,
-0.0361793297116431,
-0.245082200111786,
0.569962854233934,
-1.60847782792921,
0.103845378752395,
-0.620500995571465,
0.289107041795991,
-0.252308220528616,
-0.625731569119787,
0.0671087465667347,
-0.207081899792990,
-1.03778435528112,
-0.542132041970336,
-0.366722741831977,
0.172698938976619,
0.744960831771089,
-0.00679044931711227,
1.94633996978410,
-0.452248494634908,
0.746999025305328,
-0.0456454044069108,
0.0410210139553858,
0.599599059701937,
-0.166030936223416,
0.145109282847770,
1.19012665065563,
0.844676476670750,
-0.727059491653787,
0.977049061711825,
0.742124569847379,
0.444602923911353,
-0.329036675026466,
1.01571518723420,
0.578795528774698,
0.0228100695858830,
-0.847555325287818,
-0.167010832571873,
1.14526422164965,
-0.151674722812442,
0.697909604576156,
-0.544039442288312,
-0.461791623887884,
0.222915394336833,
-0.0671486041488859,
-1.28381233289674,
0.0114521424317334,
-1.17829494940932,
0.423715583225446,
0.926527845632649,
-0.217707522665398,
-0.0806736662831906,
0.762486410370168,
-0.241755816652639,
-0.304879999278810,
0.229828421818330,
0.552295070305728,
0.0238612680871700,
-0.678968185692749,
-1.08196260290047,
1.35014004569699,
0.705106746799271,
-0.127219541246044,
0.457538472414395,
0.634309023776972,
1.15499438497556,
-0.534728458649727,
-0.649815014279266,
-0.553655749558112,
0.798806679649058,
-0.564979098179647,
-0.280081303288389,
0.439607989669713,
0.538447482580862,
-0.310793024649841,
0.414004096029145,
0.294590424999315,
-0.144288034377382,
-1.13890052588270,
-0.193368419792519,
-0.481111881647531,
-1.07490940120605,
-0.238434899550153,
0.0828566431187990,
0.540843327047616,
-0.319874828737533,
0.501899197567498,
-1.02250974688375,
-1.03162541832991,
-0.570439848123837,
0.732909956912434,
0.264698587287823,
-0.480898136928103,
0.900118243495776,
0.0309180791099981,
0.773350623801407,
1.09459127645424,
-0.496608829037763,
-0.0946518070077467,
-0.173684650485166,
0.702445160438775,
-0.151997834469372,
-0.0843719940594784,
-0.676825121069036,
-0.00257805217149973,
0.426102952703259,
-0.566427207268587,
0.900902084936593,
0.488403354919533,
0.260944271640148,
1.05566109151059,
-0.729609308501258,
0.511546659373719,
0.227229862815899,
0.420823667193731,
-0.0275456627785778,
0.508434920403321,
-0.370591408086449,
0.152235895989724,
-0.917963890718361,
0.0558028738971912,
1.01264909724660,
-0.379008846949881,
-0.00294095762337075,
-0.192312209231887,
-0.0177464705242244,
0.684895586382967,
-0.154098438059800,
0.411781122792928,
-0.952311224879480,
-0.572088781547145,
-0.734237075431250,
0.266940532669114,
0.853565143385054,
0.192068065176852,
0.466175899668641,
-0.664045106738311,
0.410241366622970,
-1.01420400342260,
-0.0787126214798559,
-1.31597845523280,
0.485755248169804,
0.224257708694073,
1.23322327561643,
0.0955884105483109,
-0.943169727335204,
-0.203657318990906,
1.30626131275439,
-0.511855640576374,
0.936961020537182,
-0.520943103962911,
-0.379587048692185,
0.878233919455584,
-0.0282861470148934,
-0.217893984043286,
-0.0681717151003802,
-0.989263092000367,
-0.376156977788564,
0.646554182498175,
0.670495404032430,
-0.0166853248695136,
-1.06183457773169,
-0.623570573403603,
0.408454282422947,
0.354989120635189,
-0.503964372774142,
0.317677910270057,
1.56140243559805,
-0.354719608533663,
-1.00781151406635,
0.804024144023326,
1.08567991038372,
0.146982192403258,
-0.0280501607582551,
-0.794113679506215,
-0.354124748974942,
0.981432301026518,
-0.551163321465520,
1.02669845699942,
-0.804096899170556,
0.284106295744631,
-0.777539036172335,
0.0655758322237809,
0.195023106292514,
0.723757796393113,
1.00586476267265,
0.384809290692715,
0.780304965869435,
-0.243964202184127,
-0.333216390309195,
1.14337082632847,
-1.49569987883597,
-0.0442567953516737,
0.837758954530952,
-0.0194972891244048,
-0.145301819700689,
-0.668845530793044,
0.475775459841429,
-0.728465630901947,
-0.645127406343909,
-0.0371029251024344,
0.109949688238479,
0.205747910921893,
-0.0829924184628518,
0.379746724247069,
-0.495574325927393,
0.247277094595219,
0.593321445166183,
0.0431567748199519,
0.386917965086772,
-0.433905241855497,
-0.953743832626041,
0.953513119142129,
-1.13048329888759,
-0.867115172844618,
2.20990752215739,
0.308541224344918,
-0.0153929585430776,
-0.892046384740596,
0.140643383481839,
0.513531092556662,
0.111098689110219,
1.21943365758924,
0.798305522420652,
0.210694947927805,
-0.0604813557741049,
0.107164057547872,
-0.579441988659566,
-0.729200867273851,
-1.21312969915669,
1.05251640529725,
-2.57106765240113,
-0.153292089252136,
0.717903237448960,
0.365123166393819,
0.567356929733215,
0.230045241297439,
1.17545032190057,
-1.23379407694352,
0.279463994535523,
-0.236317393612512,
0.830045354263902,
0.0545103392922122,
0.0859107971260486,
-0.0378371751610118,
-0.103643921534490,
-0.281559544532545,
-0.479402063000956,
0.0721636422663869,
-0.240495063406874,
0.321071925854211,
0.870167237673166,
-1.02981678338619,
-0.851885779546204,
0.0157025967814408,
-0.632120153381661,
-0.369086261521374,
0.141352056873807,
-0.655015574919614,
-0.685603942599773,
-1.50750304277417,
0.170412795600255,
1.30532443893646,
0.540961538011572,
0.291546745433565,
0.625000052834451,
-1.56310829519039,
0.0841016710158743,
-1.90106965572934,
0.641829360425723,
0.654992019270940,
0.0207611327503433,
0.0456338936776032,
0.148082141853285,
1.01587567342753,
-0.923228777528045,
0.843947018546359,
0.488987176963531,
-0.261935023812525,
0.0275713861052026,
-1.01905688146650,
-0.598886206847617,
0.787604820405931,
-0.512045810575596,
-0.760338369121684,
-0.426377578947109,
-0.662191360371089,
1.11783951089132,
-1.09398376117401,
0.401411396385954,
0.164857044501624,
0.807521597245632,
0.396802399492862,
-0.218114615683526,
-0.220334997896156,
-0.936312318921450,
0.0545680063850657,
-0.565384765061761,
-0.739581032945460,
-0.310524508774430,
-0.405078450060271,
0.730494051188071,
-1.15475876930292,
0.702961458021305,
0.733433797062495,
-0.536608919133612,
-0.711024525139292,
0.255410825995546,
0.843528467529457,
-0.482095510612739,
-0.527407868623698,
0.586594949046866,
0.198809124830147,
-0.549068656143440,
-0.0588137368965915,
0.916170302544277,
-0.547176811789994,
-0.445558400308482,
-0.379888169866420,
-0.436926214325208,
0.338570897243909,
0.661632364127664,
0.228885279855838,
0.113497186552065,
0.519020995869594,
-1.01352606098302,
0.437780505903023,
0.180203023020915,
1.04968634717135,
0.226702339053700,
-0.0744849949735641,
-0.374480145651419,
0.00986131599015446,
-0.413719018822106,
-0.748359712191098,
0.743084051627123,
0.465531693841811,
0.896094215575283,
0.596632637462449,
-1.32314951926409,
-0.898371346463025,
-0.920190494738646,
0.773683427365294,
0.284105521434947,
-0.190446424720130,
1.24957506363756,
-1.21498637909461,
0.0694654133329631,
0.164591791422270,
0.673313503296758,
-0.715293252135371,
-0.509117059884909,
-0.702951842394697,
-0.394837317291327,
0.352573185222299,
-0.387749161956573,
0.456236392523241,
-0.683593177988850,
-1.00861965400951,
-0.187897770275967,
-0.587302404886396,
0.453554312841202,
0.347047547154791,
-0.159083455767048,
-0.595700557926334,
-0.557592481789763,
-0.588988118462354,
-0.379833995131369,
0.847411754198248,
0.413846197474134,
-0.687248685178341,
-1.43917382175170,
0.383927264838673,
-0.718086467205961,
-0.173016116026969,
0.00462712634218790,
0.118408106189066,
-0.571531809724653,
-0.236176101078518,
0.176194467729679,
0.0779599861267783,
-1.07014411695978,
-1.02071846376455,
0.212580003186448,
-0.650677125821668,
-0.317794001192634,
-0.358289504276219,
0.204505672503363,
0.726533484739615,
-0.290856307316194,
-0.0183340940248827,
-1.75891723249849,
5.54220093084849,
6.80504189378189,
7.57043254133413,
3.23385882509321,
4.59204440565825,
-0.714766174038022,
0.717082941626327,
0.390429128619440,
0.781608191458958,
-0.680437258786086,
0.0130014680323055,
0.380724070823879,
-0.382393178819780,
1.12927977823071,
-1.36556121314344,
0.266843321376717,
-0.123140253024441,
-2.24760528674195,
0.843666928566069,
0.534922018997181,
-1.26197200903050,
-1.77915053548807,
0.384541948529092,
0.260909024592474,
0.0779128488695507,
-0.771251590348141,
-0.0881467975744657,
-0.720172661304892,
1.00676367589291,
-0.112797271183690,
-0.264388755376542,
-0.419273351332753,
0.398233556364444,
1.30519301900910,
0.347618376564650,
-0.0270009089356784,
-1.27498350986072,
1.13152069247905,
-0.488843478716485,
-1.18388387827189,
-1.70067298238807,
-0.175978951443189,
-0.139233312647558,
0.220811799826144,
0.401145506424757,
0.0703951159353011,
-1.90265481436670,
-0.0685537040149362,
0.925765098391726,
0.0491563735269105,
0.153854378776232,
-0.477629946233528,
0.325101831803011,
0.937890070050684,
-0.750503268669227,
0.453678426177427,
-1.14891021513796,
-0.957081562173245,
1.40107590907051,
0.0892924010663567,
-0.772579216478507,
0.531703511196507,
0.679737538292849,
0.146357615626874,
-0.885212328522041,
-0.199345786687679,
-1.23139669053793,
-0.465637504209270,
-0.738077349022518,
0.478489137683856,
-1.15872279283431,
-0.414915475966692,
-1.50583544446453,
-1.10410948282576,
-1.27868243096965,
0.447798494970076,
0.984097976217286,
1.03382689075844,
0.784601199945527,
-0.979641397023913,
-0.385038474172056,
-0.916262758154780,
-0.234807309579112,
0.634254727637966,
0.210495160488944,
-0.203638262850221,
-0.0306738324417347,
-0.0725629522063859,
-1.10109272878204,
0.332581451570056,
0.0520531951972211,
0.0846176092264196,
0.781354482126116,
0.706484115889997,
0.127646715876392,
0.0765284343568333,
-0.319961359709373,
-1.22823735513439,
-0.00267247858217809,
-0.0912858642673448,
-0.0328354685403680,
-0.980501260307632,
0.0492614355336110,
-0.0811830504471725,
-0.472957807188470,
0.342765214692516,
-0.324212595553939,
0.390686277705710,
0.246592158209536,
-0.307307855799008,
0.0820479434380985,
0.665807739391815,
0.702861563987839,
-0.0673410122763580,
0.407919321589343,
0.00236578542921985,
-1.00905917370343,
-0.893064702829619,
-0.390312446175485,
-0.286006356415349,
0.336169847022002,
-1.39265596923978,
-0.386569503202027,
0.0219393367501197,
1.06523856776360,
0.574239998426365,
0.559504549117447,
-0.0335936126589523,
0.672561620482717,
0.268451129095782,
-0.274135066997044,
-1.54001928511273,
0.579231779812946,
-0.897868378561800,
-0.466402766936260,
0.765934897453587,
-0.813435552879588,
-1.10685049791361,
-0.777836545208724,
0.167429109133367,
0.547684143124820,
-0.201801567890354,
0.334233306821871,
-0.160371350122733,
0.422909866324415,
-0.907700485841547,
1.16815525894967,
-0.534582674112484,
-0.274510332269670,
0.376425478909679,
0.493951495766509,
-0.662083491644479,
0.686923169140630,
0.0485246363887225,
0.162360610659120,
0.0363878509989360,
-1.01994429334045,
-0.236067785158573,
0.947804503019081,
-0.522219010416073,
-0.481696100458285,
0.248305364647761,
-0.213319674989180,
0.836304109144784,
0.183141246684715,
0.0799369678372870,
0.0646962178796803,
0.844405366024985,
-0.787555866069430,
0.821353419072650,
0.686173199357142,
0.674516898215082,
-0.960346971614681,
1.00463737815025,
-0.537802241167867,
0.316827645729452,
0.289428166909251,
0.650409208937632,
0.165905612539334,
0.269296055610676,
-0.0882501671183640,
-0.328192796058877,
1.16400063037968,
1.05553859630033,
0.248420403893552,
1.26261959847648,
-0.126781654439393,
0.0261249405612964,
-0.206474897776632,
0.500133789311561,
0.123509268998973,
0.0265453624185875,
-1.03501897767605,
-0.316497104224553,
-0.327494013574702,
-0.0979253181730462,
0.366715871399753,
-0.963914073995065,
-0.556076362647687,
-1.18107215416398,
-0.341009865459052,
-0.448526370196995,
0.693630545216264,
0.266590705402428,
0.221794539786400,
-0.388592073035550,
-0.965198850771123,
0.130592957507432,
-0.0354577789747492,
-0.636054646692799,
1.43328680693516,
-0.241214644553341,
-0.115797475372073,
0.411408126067812,
1.14558569882052,
-0.539313146690013,
-0.522002750474675,
-0.143863384371667,
0.385923070279411,
-0.106222584019514,
-0.0196484060217622,
0.422771615140337,
-0.608438648864802,
0.695963252874606,
-0.505373416447729,
-0.432058493763995,
-0.226448657802291,
-0.0421505263909954,
0.874661151722219,
0.279122727708848,
-0.472589354804459,
0.768448112340356,
-0.0698159141147328,
-0.498168873556266,
0.414498719677739,
0.206137175374221,
0.828253535039721,
-0.214811807260771,
0.846381469596411,
0.784137349866528,
0.940999193982977,
-1.18361971175804,
-0.181916048933659,
-0.605717974410585,
-0.561112580400909,
0.339537177102949,
0.0300557587414598,
0.296130213637423,
0.531524122249302,
1.32469659094380,
-0.0306639690182008,
-0.279551591877919,
-1.14429435587125,
-0.487847505259999,
-1.04408592658016,
1.01645738682452,
1.57538710686878,
0.417750320340776,
-0.274506586879760,
0.530274132170184,
-1.10055923259578,
-0.191612824453387,
-0.204951417453273,
0.563497777633427,
0.359489615753477,
0.301845913582191,
-0.205462451424122,
-0.283476141334787,
0.610279765501878,
-0.865350243801219,
-1.23636405954449,
-0.0199705925913978,
0.398636454306629,
-0.818869683408434,
-0.596011317534356,
-0.340707970326184,
0.668985749888169,
-0.991579108394672,
-0.0702718876238892,
-0.553691826695511,
0.000358799338607052,
1.17564401111543,
0.482987853404912,
0.857070522113456,
-0.0820482051774097,
0.142137448643178,
0.0122538063660943,
0.924316407835000,
1.24248814260141,
-0.925808699700047,
-0.347956532922297,
0.374646680646614,
-1.72327188594296,
0.532855081190033,
-1.00240572057999,
-0.466136715461097,
-0.826339199924658,
-0.218650769622402,
-0.394526402212967,
0.237249675014848,
-0.442555865837268,
-0.378952655848509,
0.0155186779533264,
0.422944684369520,
-1.08610100565278,
-0.355066364137701,
-0.442429416653723,
0.817268249171919,
0.178340503797793,
0.415295134100400,
-0.668156486093252,
-0.317839346212218,
-0.296400593147597,
-0.774658638158935,
1.15155517919676,
-0.774107742174415,
-0.990054672041546,
-0.201858368743705,
0.685208927931919,
0.116837890716566,
0.0270208524707357,
-0.980807464222456,
-0.674987909868663,
-0.465421322383666,
-0.625543328327123,
-1.87987556638288,
-0.853422476852532,
1.75057008780705,
0.874184035229970,
1.39300896435493,
0.482021874082269,
-1.05303364926519,
-0.797306825469529,
0.619990346915012,
-0.115757362208575,
0.611786399173594,
0.0272387814781278,
-1.75033067655207,
-0.891031286053279,
-0.793661252886378,
-0.229191330895494,
0.357046094104471,
-1.19724617381415,
0.817755751990950,
-0.442844158216559,
0.784572484294955,
0.484265176730243,
0.344990026707333,
0.266766493244727,
0.510415181056556,
1.82747031331677,
0.273501606968180,
-1.07474297600445,
0.551962284479547,
1.32542390353347,
0.223875410013210,
0.609050373050536,
-1.14340808505293,
-0.178546356213931,
0.00114129654207678,
-0.117900080293306,
-0.399522074361322,
0.428204323474686,
0.305766640143374,
0.346598305511574,
-0.0991225386838348,
0.814869195753597,
-0.0236758356444871,
0.211871582861897,
-0.307840835244450,
0.266638830205634,
-1.29666702720097,
-0.257932897176240,
-0.129048689391915,
0.0708722744166751,
-0.293960526206363,
-0.134008220679680,
0.112518996333902,
0.381909432908370,
-0.469037097981728,
-0.208613543707206,
-1.31556217312428,
-0.235656701760199,
-0.0593203291722900,
0.691192264535424,
0.115858412905438,
-0.628019994636907,
-0.856420905687133,
-0.847789126834599,
-0.425217557695708,
-1.76822783158444,
-0.00251366491178094,
0.154083459104770,
-0.0556803827556024,
0.458258209611168,
0.141471245130111,
-0.251249507249841,
0.450292927054762,
0.384145718447971,
0.692748301505833,
-0.763335575751896,
-1.84058313374924,
0.0193243926360912,
-0.501348247960658,
0.0799142710599570,
0.657439563138374,
-1.09370009604993,
0.236408376208518,
0.475660619351621,
1.23844713109535,
0.482719731812501,
-0.572099853909039,
0.549958646691379,
1.68313880505923,
0.963941535111080,
-0.678517877093831,
0.419861870064804,
-0.841992374388960,
0.550359675901006,
-0.433648809070526,
0.0349064236029959,
-0.460916255761750,
0.268989068743763,
-2.00117833908634,
0.553801566315464,