0.000000,
12.041200,
15.051500,
16.812412,
18.061800,
19.030900,
19.822712,
20.492180,
21.072100,
21.583625,
22.041200,
22.455127,
22.833012,
23.180633,
23.502480,
23.802112,
24.082400,
24.345689,
24.593925,
24.828736,
25.051500,
25.263393,
25.465427,
25.658478,
25.843312,
26.020600,
26.190933,
26.354837,
26.512780,
26.665180,
26.812412,
26.954817,
27.092700,
27.226339,
27.355989,
27.481880,
27.604225,
27.723217,
27.839036,
27.951846,
28.061800,
28.169038,
28.273693,
28.375884,
28.475727,
28.573325,
28.668778,
28.762178,
28.853612,
28.943161,
29.030900,
29.116902,
29.201233,
29.283959,
29.365137,
29.444827,
29.523080,
29.599948,
29.675480,
29.749720,
29.822712,
29.894498,
29.965117,
30.034605,
30.103000,
30.170333,
30.236639,
30.301948,
30.366289,
30.429691,
30.492180,
30.553783,
30.614525,
30.674428,
30.733517,
30.791812,
30.849336,
30.906107,
30.962146,
31.017471,
31.072100,
31.126050,
31.179338,
31.231981,
31.283993,
31.335389,
31.386184,
31.436392,
31.486027,
31.535100,
31.583625,
31.631614,
31.679078,
31.726029,
31.772478,
31.818436,
31.863912,
31.908917,
31.953461,
31.997552,
32.041200,
32.084414,
32.127202,
32.169572,
32.211533,
32.253093,
32.294258,
32.335038,
32.375437,
32.415465,
32.455127,
32.494430,
32.533380,
32.571984,
32.610248,
32.648178,
32.685780,
32.723058,
32.760020,
32.796669,
32.833012,
32.869054,
32.904798,
32.940251,
32.975417,
33.010300,
33.044905,
33.079237,
33.113300,
33.147097,
33.180633,
33.213913,
33.246939,
33.279716,
33.312248,
33.344538,
33.376589,
33.408405,
33.439991,
33.471348,
33.502480,
33.533391,
33.564083,
33.594560,
33.624825,
33.654880,
33.684728,
33.714373,
33.743817,
33.773063,
33.802112,
33.830969,
33.859636,
33.888114,
33.916407,
33.944517,
33.972446,
34.000196,
34.027771,
34.055171,
34.082400,
34.109459,
34.136350,
34.163076,
34.189638,
34.216039,
34.242281,
34.268365,
34.294293,
34.320067,
34.345689,
34.371161,
34.396484,
34.421661,
34.446692,
34.471580,
34.496327,
34.520932,
34.545400,
34.569730,
34.593925,
34.617986,
34.641914,
34.665711,
34.689378,
34.712917,
34.736329,
34.759616,
34.782778,
34.805818,
34.828736,
34.851533,
34.874212,
34.896773,
34.919217,
34.941546,
34.963761,
34.985862,
35.007852,
35.029731,
35.051500,
35.073160,
35.094714,
35.116160,
35.137502,
35.158738,
35.179872,
35.200903,
35.221833,
35.242663,
35.263393,
35.284024,
35.304558,
35.324996,
35.345338,
35.365584,
35.385737,
35.405797,
35.425765,
35.445641,
35.465427,
35.485123,
35.504730,
35.524248,
35.543680,
35.563025,
35.582284,
35.601458,
35.620548,
35.639555,
35.658478,
35.677320,
35.696080,
35.714759,
35.733358,
35.751878,
35.770320,
35.788683,
35.806969,
35.825179,
35.843312,
35.861370,
35.879353,
35.897263,
35.915098,
35.932861,
35.950551,
35.968169,
35.985717,
36.003193,
36.020600,
36.037937,
36.055205,
36.072405,
36.089537,
36.106602,
36.123599,
36.140531,
36.157397,
36.174197,
36.190933,
36.207605,
36.224213,
36.240757,
36.257239,
36.273659,
36.290016,
36.306312,
36.322548,
36.338723,
36.354837,
36.370893,
36.386889,
36.402826,
36.418705,
36.434527,
36.450291,
36.465998,
36.481648,
36.497242,
36.512780,
36.528263,
36.543691,
36.559064,
36.574383,
36.589648,
36.604860,
36.620019,
36.635125,
36.650178,
36.665180,
36.680130,
36.695028,
36.709876,
36.724673,
36.739420,
36.754117,
36.768764,
36.783362,
36.797912,
36.812412,
36.826865,
36.841269,
36.855626,
36.869936,
36.884198,
36.898414,
36.912584,
36.926707,
36.940785,
36.954817,
36.968804,
36.982746,
36.996643,
37.010496,
37.024305,
37.038071,
37.051792,
37.065471,
37.079107,
37.092700,
37.106250,
37.119759,
37.133225,
37.146650,
37.160033,
37.173376,
37.186677,
37.199938,
37.213159,
37.226339,
37.239480,
37.252581,
37.265642,
37.278664,
37.291648,
37.304593,
37.317499,
37.330367,
37.343197,
37.355989,
37.368744,
37.381461,
37.394141,
37.406784,
37.419391,
37.431961,
37.444495,
37.456992,
37.469454,
37.481880,
37.494271,
37.506626,
37.518947,
37.531232,
37.543483,
37.555700,
37.567882,
37.580030,
37.592144,
37.604225,
37.616272,
37.628286,
37.640266,
37.652214,
37.664128,
37.676011,
37.687860,
37.699678,
37.711463,
37.723217,
37.734939,
37.746629,
37.758288,
37.769916,
37.781513,
37.793078,
37.804613,
37.816118,
37.827592,
37.839036,
37.850450,
37.861833,
37.873188,
37.884512,
37.895807,
37.907073,
37.918309,
37.929517,
37.940696,
37.951846,
37.962967,
37.974060,
37.985125,
37.996162,
38.007171,
38.018152,
38.029105,
38.040031,
38.050929,
38.061800,
38.072644,
38.083460,
38.094250,
38.105013,
38.115750,
38.126460,
38.137144,
38.147801,
38.158433,
38.169038,
38.179618,
38.190172,
38.200700,
38.211203,
38.221681,
38.232133,
38.242560,
38.252963,
38.263340,
38.273693,
38.284021,
38.294324,
38.304604,
38.314858,
38.325089,
38.335296,
38.345479,
38.355638,
38.365773,
38.375884,
38.385973,
38.396037,
38.406079,
38.416097,
38.426092,
38.436065,
38.446014,
38.455941,
38.465845,
38.475727,
38.485586,
38.495423,
38.505237,
38.515030,
38.524800,
38.534548,
38.544275,
38.553980,
38.563663,
38.573325,
38.582965,
38.592584,
38.602182,
38.611758,
38.621314,
38.630848,
38.640362,
38.649855,
38.659327,
38.668778,
38.678209,
38.687620,
38.697010,
38.706380,
38.715729,
38.725059,
38.734369,
38.743658,
38.752928,
38.762178,
38.771409,
38.780620,
38.789811,
38.798983,
38.808136,
38.817269,
38.826384,
38.835479,
38.844555,
38.853612,
38.862651,
38.871670,
38.880671,
38.889653,
38.898617,
38.907563,
38.916489,
38.925398,
38.934288,
38.943161,
38.952015,
38.960851,
38.969669,
38.978469,
38.987252,
38.996017,
39.004764,
39.013493,
39.022205,
39.030900,
39.039577,
39.048237,
39.056880,
39.065505,
39.074114,
39.082705,
39.091279,
39.099837,
39.108378,
39.116902,
39.125409,
39.133899,
39.142373,
39.150831,
39.159272,
39.167697,
39.176105,
39.184497,
39.192873,
39.201233,
39.209577,
39.217905,
39.226217,
39.234513,
39.242793,
39.251057,
39.259306,
39.267539,
39.275757,
39.283959,
39.292145,
39.300316,
39.308472,
39.316612,
39.324738,
39.332848,
39.340943,
39.349023,
39.357087,
39.365137,
39.373172,
39.381193,
39.389198,
39.397189,
39.405165,
39.413126,
39.421073,
39.429005,
39.436923,
39.444827,
39.452716,
39.460591,
39.468451,
39.476297,
39.484130,
39.491948,
39.499752,
39.507542,
39.515318,
39.523080,
39.530828,
39.538563,
39.546284,
39.553991,
39.561684,
39.569364,
39.577030,
39.584683,
39.592322,
39.599948,
39.607561,
39.615160,
39.622746,
39.630319,
39.637878,
39.645425,
39.652958,
39.660478,
39.667985,
39.675480,
39.682961,
39.690430,
39.697885,
39.705328,
39.712758,
39.720176,
39.727581,
39.734973,
39.742353,
39.749720,
39.757075,
39.764417,
39.771747,
39.779064,
39.786369,
39.793662,
39.800943,
39.808212,
39.815468,
39.822712,
39.829945,
39.837165,
39.844373,
39.851569,
39.858754,
39.865926,
39.873087,
39.880236,
39.887373,
39.894498,
39.901612,
39.908714,
39.915805,
39.922884,
39.929951,
39.937007,
39.944051,
39.951085,
39.958106,
39.965117,
39.972116,
39.979104,
39.986080,
39.993046,
40.000000,
40.006943,
40.013875,
40.020796,
40.027706,
40.034605,
40.041493,
40.048371,
40.055237,
40.062092,
40.068937,
40.075771,
40.082594,
40.089407,
40.096208,
40.103000,
40.109780,
40.116550,
40.123310,
40.130059,
40.136797,
40.143525,
40.150243,
40.156950,
40.163647,
40.170333,
40.177010,
40.183676,
40.190332,
40.196977,
40.203613,
40.210238,
40.216854,
40.223459,
40.230054,
40.236639,
40.243214,
40.249780,
40.256335,
40.262881,
40.269416,
40.275942,
40.282458,
40.288964,
40.295461,
40.301948,
40.308425,
40.314893,
40.321350,
40.327799,
40.334238,
40.340667,
40.347087,
40.353497,
40.359898,
40.366289,
40.372671,
40.379044,
40.385407,
40.391761,
40.398106,
40.404441,
40.410767,
40.417084,
40.423392,
40.429691,
40.435980,
40.442261,
40.448532,
40.454795,
40.461048,
40.467292,
40.473528,
40.479754,
40.485972,
40.492180,
40.498380,
40.504571,
40.510753,
40.516926,
40.523091,
40.529247,
40.535394,
40.541532,
40.547662,
40.553783,
40.559896,
40.566000,
40.572095,
40.578182,
40.584260,
40.590330,
40.596391,
40.602444,
40.608489,
40.614525,
40.620552,
40.626572,
40.632583,
40.638585,
40.644580,
40.650566,
40.656544,
40.662514,
40.668475,
40.674428,
40.680374,
40.686311,
40.692240,
40.698160,
40.704073,
40.709978,
40.715875,
40.721763,
40.727644,
40.733517,
40.739382,
40.745239,
40.751088,
40.756929,
40.762763,
40.768588,
40.774406,
40.780216,
40.786018,
40.791812,
40.797599,
40.803378,
40.809150,
40.814913,
40.820669,
40.826418,
40.832159,
40.837892,
40.843618,
40.849336,
40.855046,
40.860750,
40.866445,
40.872133,
40.877814,
40.883488,
40.889153,
40.894812,
40.900463,
40.906107,
40.911744,
40.917373,
40.922995,
40.928609,
40.934217,
40.939817,
40.945410,
40.950996,
40.956574,
40.962146,
40.967710,
40.973267,
40.978817,
40.984360,
40.989896,
40.995425,
41.000947,
41.006462,
41.011970,
41.017471,
41.022965,
41.028452,
41.033932,
41.039405,
41.044871,
41.050331,
41.055783,
41.061229,
41.066668,
41.072100,
41.077525,
41.082944,
41.088355,
41.093760,
41.099159,
41.104550,
41.109935,
41.115313,
41.120685,
41.126050,
41.131408,
41.136760,
41.142105,
41.147444,
41.152776,
41.158101,
41.163420,
41.168733,
41.174039,
41.179338,
41.184631,
41.189918,
41.195198,
41.200472,
41.205739,
41.211000,
41.216255,
41.221503,
41.226745,
41.231981,
41.237210,
41.242433,
41.247650,
41.252860,
41.258065,
41.263263,
41.268454,
41.273640,
41.278819,
41.283993,
41.289160,
41.294321,
41.299476,
41.304624,
41.309767,
41.314903,
41.320034,
41.325158,
41.330277,
41.335389,
41.340495,
41.345596,
41.350690,
41.355779,
41.360861,
41.365937,
41.371008,
41.376073,
41.381131,
41.386184,
41.391231,
41.396272,
41.401308,
41.406337,
41.411361,
41.416379,
41.421391,
41.426397,
41.431398,
41.436392,
41.441381,
41.446365,
41.451342,
41.456314,
41.461280,
41.466241,
41.471196,
41.476145,
41.481089,
41.486027,
41.490959,
41.495886,
41.500807,
41.505722,
41.510633,
41.515537,
41.520436,
41.525329,
41.530217,
41.535100,
41.539977,
41.544848,
41.549714,
41.554575,
41.559430,
41.564280,
41.569124,
41.573963,
41.578797,
41.583625,
41.588448,
41.593265,
41.598077,
41.602884,
41.607686,
41.612482,
41.617273,
41.622058,
41.626839,
41.631614,
41.636384,
41.641148,
41.645908,
41.650662,
41.655411,
41.660155,
41.664893,
41.669627,
41.674355,
41.679078,
41.683796,
41.688509,
41.693217,
41.697920,
41.702617,
41.707310,
41.711997,
41.716680,
41.721357,
41.726029,
41.730697,
41.735359,
41.740016,
41.744669,
41.749316,
41.753958,
41.758596,
41.763228,
41.767856,
41.772478,
41.777096,
41.781709,
41.786317,
41.790920,
41.795518,
41.800111,
41.804700,
41.809283,
41.813862,
41.818436,
41.823005,
41.827569,
41.832129,
41.836684,
41.841234,
41.845779,
41.850319,
41.854855,
41.859386,
41.863912,
41.868434,
41.872951,
41.877463,
41.881970,
41.886473,
41.890971,
41.895465,
41.899953,
41.904438,
41.908917,
41.913392,
41.917862,
41.922328,
41.926789,
41.931246,
41.935698,
41.940145,
41.944588,
41.949027,
41.953461,
41.957890,
41.962315,
41.966735,
41.971151,
41.975562,
41.979969,
41.984371,
41.988769,
41.993163,
41.997552,
42.001936,
42.006317,
42.010692,
42.015064,
42.019431,
42.023793,
42.028151,
42.032505,
42.036855,
42.041200,
42.045541,
42.049877,
42.054209,
42.058537,
42.062860,
42.067180,
42.071495,
42.075805,
42.080111,
42.084414,
42.088711,
42.093005,
42.097294,
42.101579,
42.105860,
42.110137,
42.114409,
42.118678,
42.122942,
42.127202,
42.131457,
42.135709,
42.139956,
42.144199,
42.148438,
42.152673,
42.156904,
42.161131,
42.165354,
42.169572,
42.173786,
42.177997,
42.182203,
42.186405,
42.190603,
42.194797,
42.198987,
42.203173,
42.207355,
42.211533,
42.215707,
42.219877,
42.224043,
42.228205,
42.232363,
42.236517,
42.240667,
42.244813,
42.248955,
42.253093,
42.257227,
42.261357,
42.265484,
42.269606,
42.273724,
42.277839,
42.281950,
42.286057,
42.290159,
42.294258,
42.298354,
42.302445,
42.306532,
42.310616,
42.314696,
42.318772,
42.322844,
42.326912,
42.330977,
42.335038,
42.339095,
42.343148,
42.347197,
42.351243,
42.355284,
42.359323,
42.363357,
42.367387,
42.371414,
42.375437,
42.379457,
42.383472,
42.387484,
42.391493,
42.395497,
42.399498,
42.403495,
42.407489,
42.411479,
42.415465,
42.419447,
42.423426,
42.427401,
42.431373,
42.435341,
42.439305,
42.443266,
42.447223,
42.451177,
42.455127,
42.459073,
42.463016,
42.466955,
42.470891,
42.474823,
42.478751,
42.482676,
42.486597,
42.490515,
42.494430,
42.498340,
42.502248,
42.506151,
42.510052,
42.513949,
42.517842,
42.521732,
42.525618,
42.529501,
42.533380,
42.537256,
42.541128,
42.544997,
42.548863,
42.552725,
42.556584,
42.560439,
42.564291,
42.568139,
42.571984,
42.575826,
42.579664,
42.583499,
42.587330,
42.591158,
42.594983,
42.598804,
42.602622,
42.606437,
42.610248,
42.614056,
42.617861,
42.621662,
42.625460,
42.629255,
42.633046,
42.636834,
42.640619,
42.644400,
42.648178,
42.651953,
42.655725,
42.659493,
42.663258,
42.667020,
42.670778,
42.674533,
42.678285,
42.682034,
42.685780,
42.689522,
42.693261,
42.696997,
42.700730,
42.704459,
42.708185,
42.711908,
42.715628,
42.719345,
42.723058,
42.726769,
42.730476,
42.734180,
42.737881,
42.741578,
42.745273,
42.748964,
42.752653,
42.756338,
42.760020,
42.763699,
42.767375,
42.771047,
42.774717,
42.778383,
42.782047,
42.785707,
42.789364,
42.793018,
42.796669,
42.800317,
42.803962,
42.807604,
42.811243,
42.814879,
42.818512,
42.822141,
42.825768,
42.829392,
42.833012,
42.836630,
42.840245,
42.843856,
42.847465,
42.851070,
42.854673,
42.858273,
42.861869,
42.865463,
42.869054,
42.872641,
42.876226,
42.879808,
42.883387,
42.886963,
42.890536,
42.894106,
42.897673,
42.901237,
42.904798,
42.908356,
42.911912,
42.915464,
42.919014,
42.922561,
42.926105,
42.929645,
42.933183,
42.936719,
42.940251,
42.943780,
42.947307,
42.950831,
42.954351,
42.957869,
42.961385,
42.964897,
42.968406,
42.971913,
42.975417,
42.978918,
42.982416,
42.985911,
42.989404,
42.992893,
42.996380,
42.999864,
43.003346,
43.006824,
43.010300,
43.013773,
43.017243,
43.020711,
43.024175,
43.027637,
43.031096,
43.034553,
43.038006,
43.041457,
43.044905,
43.048351,
43.051793,
43.055233,
43.058671,
43.062105,
43.065537,
43.068966,
43.072392,
43.075816,
43.079237,
43.082655,
43.086071,
43.089484,
43.092894,
43.096302,
43.099707,
43.103109,
43.106508,
43.109905,
43.113300,
43.116691,
43.120080,
43.123466,
43.126850,
43.130231,
43.133610,
43.136985,
43.140358,
43.143729,
43.147097,
43.150462,
43.153825,
43.157185,
43.160543,
43.163898,
43.167250,
43.170600,
43.173947,
43.177291,
43.180633,
43.183973,
43.187310,
43.190644,
43.193976,
43.197305,
43.200632,
43.203956,
43.207277,
43.210596,
43.213913,
43.217227,
43.220538,
43.223847,
43.227153,
43.230457,
43.233759,
43.237058,
43.240354,
43.243648,
43.246939,
43.250228,
43.253514,
43.256798,
43.260080,
43.263359,
43.266635,
43.269909,
43.273181,
43.276450,
43.279716,
43.282980,
43.286242,
43.289501,
43.292758,
43.296012,
43.299264,
43.302514,
43.305761,
43.309006,
43.312248,
43.315488,
43.318725,
43.321960,
43.325193,
43.328423,
43.331650,
43.334876,
43.338099,
43.341319,
43.344538,
43.347753,
43.350967,
43.354178,
43.357386,
43.360593,
43.363797,
43.366998,
43.370198,
43.373394,
43.376589,
43.379781,
43.382971,
43.386158,
43.389344,
43.392526,
43.395707,
43.398885,
43.402061,
43.405234,
43.408405,
43.411574,
43.414741,
43.417905,
43.421067,
43.424227,
43.427384,
43.430539,
43.433692,
43.436842,
43.439991,
43.443137,
43.446280,
43.449422,
43.452561,
43.455698,
43.458832,
43.461964,
43.465094,
43.468222,
43.471348,
43.474471,
43.477592,
43.480711,
43.483828,
43.486942,
43.490054,
43.493164,
43.496272,
43.499377,
43.502480,
43.505581,
43.508680,
43.511777,
43.514871,
43.517963,
43.521053,
43.524141,
43.527226,
43.530310,
43.533391,
43.536470,
43.539547,
43.542621,
43.545694,
43.548764,
43.551832,
43.554898,
43.557962,
43.561024,
43.564083,
43.567141,
43.570196,
43.573249,
43.576300,
43.579348,
43.582395,
43.585440,
43.588482,
43.591522,
43.594560,
43.597596,
43.600630,
43.603662,
43.606691,
43.609719,
43.612744,
43.615768,
43.618789,
43.621808,
43.624825,
43.627840,
43.630852,
43.633863,
43.636872,
43.639878,
43.642883,
43.645885,
43.648885,
43.651884,
43.654880,
43.657874,
43.660866,
43.663856,
43.666844,
43.669830,
43.672814,
43.675795,
43.678775,
43.681753,
43.684728,
43.687702,
43.690674,
43.693643,
43.696611,
43.699576,
43.702540,
43.705501,
43.708460,
43.711418,
43.714373,
43.717327,
43.720278,
43.723227,
43.726175,
43.729120,
43.732063,
43.735005,
43.737944,
43.740882,
43.743817,
43.746750,
43.749682,
43.752611,
43.755539,
43.758464,
43.761388,
43.764310,
43.767229,
43.770147,
43.773063,
43.775976,
43.778888,
43.781798,
43.784706,
43.787612,
43.790516,
43.793418,
43.796318,
43.799216,
43.802112,
43.805007,
43.807899,
43.810790,
43.813678,
43.816565,
43.819450,
43.822332,
43.825213,
43.828092,
43.830969,
43.833844,
43.836718,
43.839589,
43.842459,
43.845326,
43.848192,
43.851056,
43.853918,
43.856778,
43.859636,
43.862492,
43.865346,
43.868199,
43.871049,
43.873898,
43.876745,
43.879590,
43.882433,
43.885275,
43.888114,
43.890952,
43.893787,
43.896621,
43.899453,
43.902284,
43.905112,
43.907939,
43.910763,
43.913586,
43.916407,
43.919226,
43.922044,
43.924859,
43.927673,
43.930485,
43.933295,
43.936103,
43.938909,
43.941714,
43.944517,
43.947318,
43.950117,
43.952914,
43.955710,
43.958504,
43.961296,
43.964086,
43.966874,
43.969661,
43.972446,
43.975229,
43.978010,
43.980790,
43.983567,
43.986343,
43.989117,
43.991890,
43.994660,
43.997429,
44.000196,
44.002962,
44.005725,
44.008487,
44.011247,
44.014005,
44.016762,
44.019517,
44.022270,
44.025021,
44.027771,
44.030519,
44.033265,
44.036009,
44.038752,
44.041492,
44.044232,
44.046969,
44.049705,
44.052439,
44.055171,
44.057902,
44.060630,
44.063358,
44.066083,
44.068807,
44.071529,
44.074249,
44.076968,
44.079684,
44.082400,
44.085113,
44.087825,
44.090535,
44.093243,
44.095950,
44.098655,
44.101359,
44.104060,
44.106760,
44.109459,
44.112155,
44.114850,
44.117544,
44.120235,
44.122925,
44.125613,
44.128300,
44.130985,
44.133668,
44.136350,
44.139030,
44.141708,
44.144385,
44.147060,
44.149733,
44.152405,
44.155075,
44.157744,
44.160411,
44.163076,
44.165739,
44.168401,
44.171062,
44.173720,
44.176377,
44.179033,
44.181687,
44.184339,
44.186989,
44.189638,
44.192286,
44.194931,
44.197575,
44.200218,
44.202859,
44.205498,
44.208136,
44.210772,
44.213406,
44.216039,
44.218671,
44.221300,
44.223928,
44.226555,
44.229180,
44.231803,
44.234425,
44.237045,
44.239664,
44.242281,
44.244896,
44.247510,
44.250122,
44.252733,
44.255342,
44.257950,
44.260556,
44.263160,
44.265763,
44.268365,
44.270964,
44.273563,
44.276159,
44.278754,
44.281348,
44.283940,
44.286530,
44.289119,
44.291707,
44.294293,
44.296877,
44.299460,
44.302041,
44.304621,
44.307199,
44.309776,
44.312351,
44.314924,
44.317496,
44.320067,
44.322636,
44.325203,
44.327769,
44.330334,
44.332897,
44.335458,
44.338018,
44.340577,
44.343134,
44.345689,
44.348243,
44.350795,
44.353346,
44.355896,
44.358444,
44.360990,
44.363535,
44.366078,
44.368620,
44.371161,
44.373700,
44.376237,
44.378773,
44.381308,
44.383841,
44.386373,
44.388903,
44.391431,
44.393959,
44.396484,
44.399009,
44.401531,
44.404053,
44.406572,
44.409091,
44.411608,
44.414123,
44.416637,
44.419150,
44.421661,
44.424171,
44.426679,
44.429185,
44.431691,
44.434195,
44.436697,
44.439198,
44.441698,
44.444196,
44.446692,
44.449188,
44.451681,
44.454174,
44.456665,
44.459154,
44.461642,
44.464129,
44.466614,
44.469098,
44.471580,
44.474061,
44.476541,
44.479019,
44.481496,
44.483971,
44.486445,
44.488917,
44.491389,
44.493858,
44.496327,
44.498793,
44.501259,
44.503723,
44.506186,
44.508647,
44.511107,
44.513565,
44.516022,
44.518478,
44.520932,
44.523385,
44.525837,
44.528287,
44.530736,
44.533183,
44.535629,
44.538074,
44.540517,
44.542959,
44.545400,
44.547839,
44.550277,
44.552713,
44.555148,
44.557582,
44.560014,
44.562445,
44.564875,
44.567303,
44.569730,
44.572156,
44.574580,
44.577003,
44.579424,
44.581844,
44.584263,
44.586681,
44.589097,
44.591511,
44.593925,
44.596337,
44.598748,
44.601157,
44.603565,
44.605972,
44.608377,
44.610781,
44.613184,
44.615585,
44.617986,
44.620384,
44.622782,
44.625178,
44.627573,
44.629966,
44.632358,
44.634749,
44.637139,
44.639527,
44.641914,
44.644299,
44.646684,
44.649067,
44.651448,
44.653829,
44.656208,
44.658585,
44.660962,
44.663337,
44.665711,
44.668083,
44.670455,
44.672824,
44.675193,
44.677561,
44.679927,
44.682291,
44.684655,
44.687017,
44.689378,
44.691738,
44.694096,
44.696453,
44.698809,
44.701164,
44.703517,
44.705869,
44.708219,
44.710569,
44.712917,
44.715264,
44.717610,
44.719954,
44.722297,
44.724639,
44.726980,
44.729319,
44.731657,
44.733994,
44.736329,
44.738664,
44.740997,
44.743328,
44.745659,
44.747988,
44.750316,
44.752643,
44.754969,
44.757293,
44.759616,
44.761938,
44.764258,
44.766578,
44.768896,
44.771213,
44.773528,
44.775843,
44.778156,
44.780468,
44.782778,
44.785088,
44.787396,
44.789703,
44.792009,
44.794313,
44.796617,
44.798919,
44.801220,
44.803519,
44.805818,
44.808115,
44.810411,
44.812706,
44.815000,
44.817292,
44.819583,
44.821873,
44.824162,
44.826449,
44.828736,
44.831021,
44.833305,
44.835588,
44.837869,
44.840150,
44.842429,
44.844707,
44.846984,
44.849259,
44.851533,
44.853807,
44.856079,
44.858350,
44.860619,
44.862888,
44.865155,
44.867421,
44.869686,
44.871950,
44.874212,
44.876473,
44.878734,
44.880993,
44.883251,
44.885507,
44.887763,
44.890017,
44.892270,
44.894522,
44.896773,
44.899023,
44.901271,
44.903518,
44.905765,
44.908010,
44.910253,
44.912496,
44.914738,
44.916978,
44.919217,
44.921455,
44.923692,
44.925928,
44.928162,
44.930396,
44.932628,
44.934859,
44.937089,
44.939318,
44.941546,
44.943773,
44.945998,
44.948222,
44.950445,
44.952667,
44.954888,
44.957108,
44.959327,
44.961544,
44.963761,
44.965976,
44.968190,
44.970403,
44.972615,
44.974825,
44.977035,
44.979243,
44.981451,
44.983657,
44.985862,
44.988066,
44.990269,
44.992471,
44.994671,
44.996871,
44.999069,
45.001267,
45.003463,
45.005658,
45.007852,
45.010045,
45.012236,
45.014427,
45.016617,
45.018805,
45.020992,
45.023178,
45.025364,
45.027548,
45.029731,
45.031912,
45.034093,
45.036273,
45.038451,
45.040629,
45.042805,
45.044980,
45.047155,
45.049328,
45.051500,
45.053671,
45.055841,
45.058009,
45.060177,
45.062344,
45.064509,
45.066674,
45.068837,
45.070999,
45.073160,
45.075321,
45.077480,
45.079638,
45.081794,
45.083950,
45.086105,
45.088259,
45.090411,
45.092563,
45.094714,
45.096863,
45.099011,
45.101159,
45.103305,
45.105450,
45.107594,
45.109737,
45.111879,
45.114020,
45.116160,
45.118299,
45.120437,
45.122574,
45.124709,
45.126844,
45.128978,
45.131110,
45.133242,
45.135372,
45.137502,
45.139630,
45.141757,
45.143883,
45.146009,
45.148133,
45.150256,
45.152378,
45.154499,
45.156619,
45.158738,
45.160856,
45.162973,
45.165089,
45.167204,
45.169318,
45.171431,
45.173543,
45.175654,
45.177763,
45.179872,
45.181980,
45.184086,
45.186192,
45.188297,
45.190400,
45.192503,
45.194605,
45.196705,
45.198805,
45.200903,
45.203001,
45.205097,
45.207193,
45.209287,
45.211381,
45.213473,
45.215565,
45.217655,
45.219745,
45.221833,
45.223921,
45.226007,
45.228093,
45.230177,
45.232260,
45.234343,
45.236424,
45.238505,
45.240584,
45.242663,
45.244740,
45.246817,
45.248892,
45.250967,
45.253040,
45.255113,
45.257184,
45.259255,
45.261324,
45.263393,
45.265460,
45.267527,
45.269593,
45.271657,
45.273721,
45.275783,
45.277845,
45.279906,
45.281966,
45.284024,
45.286082,
45.288139,
45.290195,
45.292250,
45.294304,
45.296356,
45.298408,
45.300459,
45.302509,
45.304558,
45.306607,
45.308654,
45.310700,
45.312745,
45.314789,
45.316832,
45.318875,
45.320916,
45.322956,
45.324996,
45.327034,
45.329072,
45.331108,
45.333144,
45.335179,
45.337212,
45.339245,
45.341277,
45.343308,
45.345338,
45.347366,
45.349394,
45.351422,
45.353448,
45.355473,
45.357497,
45.359520,
45.361543,
45.363564,
45.365584,
45.367604,
45.369622,
45.371640,
45.373657,
45.375673,
45.377687,
45.379701,
45.381714,
45.383726,
45.385737,
45.387747,
45.389757,
45.391765,
45.393772,
45.395779,
45.397784,
45.399789,
45.401793,
45.403795,
45.405797,
45.407798,
45.409798,
45.411797,
45.413795,
45.415792,
45.417789,
45.419784,
45.421779,
45.423772,
45.425765,
45.427756,
45.429747,
45.431737,
45.433726,
45.435714,
45.437701,
45.439688,
45.441673,
45.443657,
45.445641,
45.447624,
45.449605,
45.451586,
45.453566,
45.455545,
45.457523,
45.459500,
45.461477,
45.463452,
45.465427,
45.467400,
45.469373,
45.471345,
45.473316,
45.475286,
45.477255,
45.479223,
45.481191,
45.483157,
45.485123,
45.487087,
45.489051,
45.491014,
45.492976,
45.494937,
45.496897,
45.498857,
45.500815,
45.502773,
45.504730,
45.506685,
45.508640,
45.510594,
45.512548,
45.514500,
45.516451,
45.518402,
45.520352,
45.522301,
45.524248,
45.526196,
45.528142,
45.530087,
45.532032,
45.533975,
45.535918,
45.537860,
45.539801,
45.541741,
45.543680,
45.545618,
45.547556,
45.549493,
45.551428,
45.553363,
45.555297,
45.557231,
45.559163,
45.561094,
45.563025,
45.564955,
45.566884,
45.568812,
45.570739,
45.572665,
45.574591,
45.576515,
45.578439,
45.580362,
45.582284,
45.584205,
45.586126,
45.588045,
45.589964,
45.591882,
45.593799,
45.595715,
45.597630,
45.599545,
45.601458,
45.603371,
45.605283,
45.607194,
45.609104,
45.611014,
45.612922,
45.614830,
45.616737,
45.618643,
45.620548,
45.622453,
45.624356,
45.626259,
45.628161,
45.630062,
45.631962,
45.633861,
45.635760,
45.637658,
45.639555,
45.641451,
45.643346,
45.645240,
45.647134,
45.649027,
45.650919,
45.652810,
45.654700,
45.656590,
45.658478,
45.660366,
45.662253,
45.664139,
45.666025,
45.667909,
45.669793,
45.671676,
45.673558,
45.675439,
45.677320,
45.679199,
45.681078,
45.682956,
45.684833,
45.686710,
45.688585,
45.690460,
45.692334,
45.694207,
45.696080,
45.697951,
45.699822,
45.701692,
45.703561,
45.705429,
45.707297,
45.709164,
45.711030,
45.712895,
45.714759,
45.716623,
45.718485,
45.720347,
45.722208,
45.724069,
45.725928,
45.727787,
45.729645,
45.731502,
45.733358,
45.735214,
45.737069,
45.738923,
45.740776,
45.742628,
45.744480,
45.746331,
45.748181,
45.750030,
45.751878,
45.753726,
45.755573,
45.757419,
45.759264,
45.761109,
45.762953,
45.764796,
45.766638,
45.768479,
45.770320,
45.772160,
45.773999,
45.775837,
45.777675,
45.779511,
45.781347,
45.783182,
45.785017,
45.786850,
45.788683,
45.790515,
45.792347,
45.794177,
45.796007,
45.797836,
45.799664,
45.801492,
45.803318,
45.805144,
45.806969,
45.808794,
45.810617,
45.812440,
45.814262,
45.816084,
45.817904,
45.819724,
45.821543,
45.823361,
45.825179,
45.826996,
45.828812,
45.830627,
45.832441,
45.834255,
45.836068,
45.837880,
45.839692,
45.841502,
45.843312,
45.845121,
45.846930,
45.848738,
45.850544,
45.852351,
45.854156,
45.855961,
45.857765,
45.859568,
45.861370,
45.863172,
45.864973,
45.866773,
45.868572,
45.870371,
45.872169,
45.873966,
45.875763,
45.877559,
45.879353,
45.881148,
45.882941,
45.884734,
45.886526,
45.888317,
45.890108,
45.891898,
45.893687,
45.895475,
45.897263,
45.899049,
45.900836,
45.902621,
45.904406,
45.906189,
45.907973,
45.909755,
45.911537,
45.913318,
45.915098,
45.916878,
45.918656,
45.920434,
45.922212,
45.923988,
45.925764,
45.927540,
45.929314,
45.931088,
45.932861,
45.934633,
45.936404,
45.938175,
45.939945,
45.941715,
45.943483,
45.945251,
45.947019,
45.948785,
45.950551,
45.952316,
45.954080,
45.955844,
45.957607,
45.959369,
45.961131,
45.962891,
45.964651,
45.966411,
45.968169,
45.969927,
45.971684,
45.973441,
45.975197,
45.976952,
45.978706,
45.980460,
45.982213,
45.983965,
45.985717,
45.987467,
45.989218,
45.990967,
45.992716,
45.994464,
45.996211,
45.997958,
45.999704,
46.001449,
46.003193,
46.004937,
46.006680,
46.008423,
46.010164,
46.011905,
46.013646,
46.015385,
46.017124,
46.018862,
46.020600,
46.022337,
46.024073,
46.025808,
46.027543,
46.029277,
46.031010,
46.032743,
46.034475,
46.036206,
46.037937,
46.039667,
46.041396,
46.043125,
46.044853,
46.046580,
46.048306,
46.050032,
46.051757,
46.053482,
46.055205,
46.056928,
46.058651,
46.060372,
46.062093,
46.063814,
46.065533,
46.067252,
46.068971,
46.070688,
46.072405,
46.074121,
46.075837,
46.077552,
46.079266,
46.080979,
46.082692,
46.084404,
46.086116,
46.087827,
46.089537,
46.091246,
46.092955,
46.094663,
46.096371,
46.098078,
46.099784,
46.101489,
46.103194,
46.104898,
46.106602,
46.108304,
46.110007,
46.111708,
46.113409,
46.115109,
46.116808,
46.118507,
46.120205,
46.121903,
46.123599,
46.125296,
46.126991,
46.128686,
46.130380,
46.132074,
46.133766,
46.135459,
46.137150,
46.138841,
46.140531,
46.142221,
46.143909,
46.145598,
46.147285,
46.148972,
46.150658,
46.152344,
46.154029,
46.155713,
46.157397,
46.159080,
46.160762,
46.162444,
46.164125,
46.165805,
46.167485,
46.169164,
46.170843,
46.172520,
46.174197,
46.175874,
46.177550,
46.179225,
46.180900,
46.182573,
46.184247,
46.185919,
46.187591,
46.189263,
46.190933,
46.192603,
46.194273,
46.195942,
46.197610,
46.199277,
46.200944,
46.202610,
46.204276,
46.205941,
46.207605,
46.209269,
46.210932,
46.212594,
46.214256,
46.215917,
46.217577,
46.219237,
46.220896,
46.222555,
46.224213,
46.225870,
46.227527,
46.229183,
46.230838,
46.232493,
46.234147,
46.235801,
46.237453,
46.239106,
46.240757,
46.242408,
46.244059,
46.245708,
46.247358,
46.249006,
46.250654,
46.252301,
46.253948,
46.255594,
46.257239,
46.258884,
46.260528,
46.262171,
46.263814,
46.265457,
46.267098,
46.268739,
46.270380,
46.272019,
46.273659,
46.275297,
46.276935,
46.278572,
46.280209,
46.281845,
46.283481,
46.285115,
46.286750,
46.288383,
46.290016,
46.291649,
46.293280,
46.294911,
46.296542,
46.298172,
46.299801,
46.301430,
46.303058,
46.304686,
46.306312,
46.307939,
46.309564,
46.311189,
46.312814,
46.314438,
46.316061,
46.317684,
46.319306,
46.320927,
46.322548,
46.324168,
46.325788,
46.327407,
46.329025,
46.330643,
46.332260,
46.333876,
46.335492,
46.337108,
46.338723,
46.340337,
46.341950,
46.343563,
46.345176,
46.346788,
46.348399,
46.350009,
46.351619,
46.353229,
46.354837,
46.356446,
46.358053,
46.359660,
46.361267,
46.362873,
46.364478,
46.366082,
46.367686,
46.369290,
46.370893,
46.372495,
46.374097,
46.375698,
46.377298,
46.378898,
46.380497,
46.382096,
46.383694,
46.385292,
46.386889,
46.388485,
46.390081,
46.391676,
46.393271,
46.394865,
46.396458,
46.398051,
46.399643,
46.401235,
46.402826,
46.404417,
46.406007,
46.407596,
46.409185,
46.410773,
46.412361,
46.413948,
46.415534,
46.417120,
46.418705,
46.420290,
46.421874,
46.423458,
46.425041,
46.426623,
46.428205,
46.429786,
46.431367,
46.432947,
46.434527,
46.436106,
46.437684,
46.439262,
46.440839,
46.442416,
46.443992,
46.445567,
46.447142,
46.448717,
46.450291,
46.451864,
46.453437,
46.455009,
46.456580,
46.458151,
46.459722,
46.461291,
46.462861,
46.464429,
46.465998,
46.467565,
46.469132,
46.470699,
46.472264,
46.473830,
46.475394,
46.476959,
46.478522,
46.480085,
46.481648,
46.483210,
46.484771,
46.486332,
46.487892,
46.489452,
46.491011,
46.492570,
46.494128,
46.495685,
46.497242,
46.498798,
46.500354,
46.501909,
46.503464,
46.505018,
46.506571,
46.508124,
46.509677,
46.511229,
46.512780,
46.514331,
46.515881,
46.517431,
46.518980,
46.520528,
46.522076,
46.523624,
46.525171,
46.526717,
46.528263,
46.529808,
46.531353,
46.532897,
46.534441,
46.535984,
46.537526,
46.539068,
46.540610,
46.542151,
46.543691,
46.545231,
46.546770,
46.548309,
46.549847,
46.551384,
46.552921,
46.554458,
46.555994,
46.557529,
46.559064,
46.560599,
46.562132,
46.563666,
46.565198,
46.566730,
46.568262,
46.569793,
46.571324,
46.572854,
46.574383,
46.575912,
46.577441,
46.578968,
46.580496,
46.582023,
46.583549,
46.585074,
46.586600,
46.588124,
46.589648,
46.591172,
46.592695,
46.594218,
46.595740,
46.597261,
46.598782,
46.600302,
46.601822,
46.603341,
46.604860,
46.606378,
46.607896,
46.609413,
46.610930,
46.612446,
46.613962,
46.615477,
46.616991,
46.618505,
46.620019,
46.621532,
46.623044,
46.624556,
46.626067,
46.627578,
46.629089,
46.630598,
46.632108,
46.633616,
46.635125,
46.636632,
46.638140,
46.639646,
46.641152,
46.642658,
46.644163,
46.645668,
46.647172,
46.648675,
46.650178,
46.651681,
46.653183,
46.654684,
46.656185,
46.657686,
46.659185,
46.660685,
46.662184,
46.663682,
46.665180,
46.666677,
46.668174,
46.669670,
46.671166,
46.672661,
46.674156,
46.675650,
46.677144,
46.678637,
46.680130,
46.681622,
46.683114,
46.684605,
46.686095,
46.687585,
46.689075,
46.690564,
46.692053,
46.693541,
46.695028,
46.696515,
46.698002,
46.699488,
46.700974,
46.702459,
46.703943,
46.705427,
46.706911,
46.708394,
46.709876,
46.711358,
46.712839,
46.714320,
46.715801,
46.717281,
46.718760,
46.720239,
46.721718,
46.723196,
46.724673,
46.726150,
46.727627,
46.729102,
46.730578,
46.732053,
46.733527,
46.735001,
46.736475,
46.737948,
46.739420,
46.740892,
46.742363,
46.743834,
46.745305,
46.746775,
46.748244,
46.749713,
46.751182,
46.752649,
46.754117,
46.755584,
46.757050,
46.758516,
46.759982,
46.761447,
46.762911,
46.764375,
46.765839,
46.767302,
46.768764,
46.770226,
46.771688,
46.773149,
46.774609,
46.776070,
46.777529,
46.778988,
46.780447,
46.781905,
46.783362,
46.784820,
46.786276,
46.787732,
46.789188,
46.790643,
46.792098,
46.793552,
46.795006,
46.796459,
46.797912,
46.799364,
46.800816,
46.802267,
46.803718,
46.805168,
46.806618,
46.808067,
46.809516,
46.810964,
46.812412,
46.813860,
46.815307,
46.816753,
46.818199,
46.819645,
46.821090,
46.822534,
46.823978,
46.825422,
46.826865,
46.828307,
46.829750,
46.831191,
46.832632,
46.834073,
46.835513,
46.836953,
46.838392,
46.839831,
46.841269,
46.842707,
46.844144,
46.845581,
46.847018,
46.848454,
46.849889,
46.851324,
46.852759,
46.854193,
46.855626,
46.857059,
46.858492,
46.859924,
46.861356,
46.862787,
46.864217,
46.865648,
46.867078,
46.868507,
46.869936,
46.871364,
46.872792,
46.874219,
46.875646,
46.877073,
46.878499,
46.879924,
46.881349,
46.882774,
46.884198,
46.885622,
46.887045,
46.888468,
46.889890,
46.891312,
46.892733,
46.894154,
46.895575,
46.896995,
46.898414,
46.899833,
46.901252,
46.902670,
46.904087,
46.905505,
46.906921,
46.908338,
46.909753,
46.911169,
46.912584,
46.913998,
46.915412,
46.916825,
46.918238,
46.919651,
46.921063,
46.922475,
46.923886,
46.925297,
46.926707,
46.928117,
46.929526,
46.930935,
46.932344,
46.933752,
46.935159,
46.936566,
46.937973,
46.939379,
46.940785,
46.942190,
46.943595,
46.944999,
46.946403,
46.947806,
46.949209,
46.950612,
46.952014,
46.953416,
46.954817,
46.956217,
46.957618,
46.959018,
46.960417,
46.961816,
46.963214,
46.964612,
46.966010,
46.967407,
46.968804,
46.970200,
46.971596,
46.972991,
46.974386,
46.975780,
46.977174,
46.978568,
46.979961,
46.981354,
46.982746,
46.984138,
46.985529,
46.986920,
46.988310,
46.989700,
46.991090,
46.992479,
46.993867,
46.995255,
46.996643,
46.998031,
46.999417,
47.000804,
47.002190,
47.003575,
47.004960,
47.006345,
47.007729,
47.009113,
47.010496,
47.011879,
47.013262,
47.014644,
47.016025,
47.017406,
47.018787,
47.020167,
47.021547,
47.022926,
47.024305,
47.025684,
47.027062,
47.028440,
47.029817,
47.031193,
47.032570,
47.033946,
47.035321,
47.036696,
47.038071,
47.039445,
47.040818,
47.042192,
47.043565,
47.044937,
47.046309,
47.047680,
47.049052,
47.050422,
47.051792,
47.053162,
47.054532,
47.055901,
47.057269,
47.058637,
47.060005,
47.061372,
47.062739,
47.064105,
47.065471,
47.066837,
47.068202,
47.069566,
47.070930,
47.072294,
47.073658,
47.075020,
47.076383,
47.077745,
47.079107,
47.080468,
47.081829,
47.083189,
47.084549,
47.085908,
47.087268,
47.088626,
47.089984,
47.091342,
47.092700,
47.094057,
47.095413,
47.096769,
47.098125,
47.099480,
47.100835,
47.102189,
47.103543,
47.104897,
47.106250,
47.107603,
47.108955,
47.110307,
47.111659,
47.113010,
47.114360,
47.115710,
47.117060,
47.118410,
47.119759,
47.121107,
47.122455,
47.123803,
47.125150,
47.126497,
47.127843,
47.129189,
47.130535,
47.131880,
47.133225,
47.134569,
47.135913,
47.137257,
47.138600,
47.139943,
47.141285,
47.142627,
47.143968,
47.145309,
47.146650,
47.147990,
47.149330,
47.150669,
47.152008,
47.153347,
47.154685,
47.156023,
47.157360,
47.158697,
47.160033,
47.161370,
47.162705,
47.164040,
47.165375,
47.166710,
47.168044,
47.169377,
47.170711,
47.172043,
47.173376,
47.174708,
47.176039,
47.177371,
47.178701,
47.180032,
47.181362,
47.182691,
47.184020,
47.185349,
47.186677,
47.188005,
47.189333,
47.190660,
47.191987,
47.193313,
47.194639,
47.195964,
47.197289,
47.198614,
47.199938,
47.201262,
47.202586,
47.203909,
47.205231,
47.206554,
47.207875,
47.209197,
47.210518,
47.211839,
47.213159,
47.214479,
47.215798,
47.217117,
47.218436,
47.219754,
47.221072,
47.222389,
47.223706,
47.225023,
47.226339,
47.227655,
47.228971,
47.230286,
47.231600,
47.232914,
47.234228,
47.235542,
47.236855,
47.238167,
47.239480,
47.240792,
47.242103,
47.243414,
47.244725,
47.246035,
47.247345,
47.248655,
47.249964,
47.251272,
47.252581,
47.253889,
47.255196,
47.256503,
47.257810,
47.259116,
47.260422,
47.261728,
47.263033,
47.264338,
47.265642,
47.266946,
47.268250,
47.269553,
47.270856,
47.272158,
47.273460,
47.274762,
47.276063,
47.277364,
47.278664,
47.279965,
47.281264,
47.282564,
47.283863,
47.285161,
47.286459,
47.287757,
47.289054,
47.290351,
47.291648,
47.292944,
47.294240,
47.295535,
47.296830,
47.298125,
47.299419,
47.300713,
47.302007,
47.303300,
47.304593,
47.305885,
47.307177,
47.308468,
47.309760,
47.311051,
47.312341,
47.313631,
47.314921,
47.316210,
47.317499,
47.318787,
47.320075,
47.321363,
47.322651,
47.323938,
47.325224,
47.326510,
47.327796,
47.329082,
47.330367,
47.331652,
47.332936,
47.334220,
47.335503,
47.336787,
47.338069,
47.339352,
47.340634,
47.341916,
47.343197,
47.344478,
47.345758,
47.347038,
47.348318,
47.349598,
47.350877,
47.352155,
47.353434,
47.354711,
47.355989,
47.357266,
47.358543,
47.359819,
47.361095,
47.362371,
47.363646,
47.364921,
47.366196,
47.367470,
47.368744,
47.370017,
47.371290,
47.372563,
47.373835,
47.375107,
47.376378,
47.377650,
47.378920,
47.380191,
47.381461,
47.382731,
47.384000,
47.385269,
47.386537,
47.387806,
47.389073,
47.390341,
47.391608,
47.392875,
47.394141,
47.395407,
47.396673,
47.397938,
47.399203,
47.400467,
47.401731,
47.402995,
47.404259,
47.405522,
47.406784,
47.408047,
47.409308,
47.410570,
47.411831,
47.413092,
47.414353,
47.415613,
47.416872,
47.418132,
47.419391,
47.420649,
47.421908,
47.423166,
47.424423,
47.425680,
47.426937,
47.428194,
47.429450,
47.430705,
47.431961,
47.433216,
47.434470,
47.435725,
47.436979,
47.438232,
47.439485,
47.440738,
47.441991,
47.443243,
47.444495,
47.445746,
47.446997,
47.448248,
47.449498,
47.450748,
47.451998,
47.453247,
47.454496,
47.455744,
47.456992,
47.458240,
47.459487,
47.460735,
47.461981,
47.463228,
47.464474,
47.465719,
47.466965,
47.468210,
47.469454,
47.470698,
47.471942,
47.473186,
47.474429,
47.475672,
47.476914,
47.478156,
47.479398,
47.480639,
47.481880,
47.483121,
47.484361,
47.485601,
47.486841,
47.488080,
47.489319,
47.490557,
47.491796,
47.493034,
47.494271,
47.495508,
47.496745,
47.497981,
47.499217,
47.500453,
47.501688,
47.502924,
47.504158,
47.505392,
47.506626,
47.507860,
47.509093,
47.510326,
47.511559,
47.512791,
47.514023,
47.515254,
47.516486,
47.517716,
47.518947,
47.520177,
47.521407,
47.522636,
47.523865,
47.525094,
47.526322,
47.527550,
47.528778,
47.530005,
47.531232,
47.532459,
47.533685,
47.534911,
47.536137,
47.537362,
47.538587,
47.539812,
47.541036,
47.542260,
47.543483,
47.544707,
47.545929,
47.547152,
47.548374,
47.549596,
47.550817,
47.552038,
47.553259,
47.554480,
47.555700,
47.556920,
47.558139,
47.559358,
47.560577,
47.561795,
47.563013,
47.564231,
47.565448,
47.566665,
47.567882,
47.569098,
47.570314,
47.571530,
47.572745,
47.573960,
47.575175,
47.576389,
47.577603,
47.578817,
47.580030,
47.581243,
47.582456,
47.583668,
47.584880,
47.586091,
47.587303,
47.588514,
47.589724,
47.590934,
47.592144,
47.593354,
47.594563,
47.595772,
47.596981,
47.598189,
47.599397,
47.600604,
47.601811,
47.603018,
47.604225,
47.605431,
47.606637,
47.607842,
47.609048,
47.610253,
47.611457,
47.612661,
47.613865,
47.615069,
47.616272,
47.617475,
47.618677,
47.619879,
47.621081,
47.622283,
47.623484,
47.624685,
47.625885,
47.627086,
47.628286,
47.629485,
47.630684,
47.631883,
47.633082,
47.634280,
47.635478,
47.636675,
47.637873,
47.639070,
47.640266,
47.641462,
47.642658,
47.643854,
47.645049,
47.646244,
47.647439,
47.648633,
47.649827,
47.651020,
47.652214,
47.653407,
47.654599,
47.655792,
47.656984,
47.658175,
47.659366,
47.660557,
47.661748,
47.662938,
47.664128,
47.665318,
47.666508,
47.667697,
47.668885,
47.670074,
47.671262,
47.672449,
47.673637,
47.674824,
47.676011,
47.677197,
47.678383,
47.679569,
47.680754,
47.681940,
47.683124,
47.684309,
47.685493,
47.686677,
47.687860,
47.689044,
47.690227,
47.691409,
47.692591,
47.693773,
47.694955,
47.696136,
47.697317,
47.698498,
47.699678,
47.700858,
47.702038,
47.703217,
47.704396,
47.705575,
47.706753,
47.707931,
47.709109,
47.710286,
47.711463,
47.712640,
47.713817,
47.714993,
47.716169,
47.717344,
47.718519,
47.719694,
47.720869,
47.722043,
47.723217,
47.724391,
47.725564,
47.726737,
47.727910,
47.729082,
47.730254,
47.731426,
47.732597,
47.733768,
47.734939,
47.736109,
47.737280,
47.738449,
47.739619,
47.740788,
47.741957,
47.743125,
47.744294,
47.745462,
47.746629,
47.747797,
47.748964,
47.750130,
47.751297,
47.752463,
47.753628,
47.754794,
47.755959,
47.757124,
47.758288,
47.759452,
47.760616,
47.761780,
47.762943,
47.764106,
47.765269,
47.766431,
47.767593,
47.768754,
47.769916,
47.771077,
47.772238,
47.773398,
47.774558,
47.775718,
47.776878,
47.778037,
47.779196,
47.780354,
47.781513,
47.782670,
47.783828,
47.784985,
47.786143,
47.787299,
47.788456,
47.789612,
47.790768,
47.791923,
47.793078,
47.794233,
47.795388,
47.796542,
47.797696,
47.798850,
47.800003,
47.801156,
47.802309,
47.803461,
47.804613,
47.805765,
47.806917,
47.808068,
47.809219,
47.810369,
47.811520,
47.812670,
47.813819,
47.814969,
47.816118,
47.817267,
47.818415,
47.819563,
47.820711,
47.821859,
47.823006,
47.824153,
47.825300,
47.826446,
47.827592,
47.828738,
47.829883,
47.831028,
47.832173,
47.833318,
47.834462,
47.835606,
47.836749,
47.837893,
47.839036,
47.840179,
47.841321,
47.842463,
47.843605,
47.844746,
47.845888,
47.847029,
47.848169,
47.849310,
47.850450,
47.851589,
47.852729,
47.853868,
47.855007,
47.856145,
47.857283,
47.858421,
47.859559,
47.860696,
47.861833,
47.862970,
47.864107,
47.865243,
47.866379,
47.867514,
47.868649,
47.869784,
47.870919,
47.872053,
47.873188,
47.874321,
47.875455,
47.876588,
47.877721,
47.878854,
47.879986,
47.881118,
47.882250,
47.883381,
47.884512,
47.885643,
47.886773,
47.887904,
47.889034,
47.890163,
47.891293,
47.892422,
47.893550,
47.894679,
47.895807,
47.896935,
47.898063,
47.899190,
47.900317,
47.901444,
47.902570,
47.903696,
47.904822,
47.905948,
47.907073,
47.908198,
47.909323,
47.910447,
47.911571,
47.912695,
47.913818,
47.914942,
47.916064,
47.917187,
47.918309,
47.919432,
47.920553,
47.921675,
47.922796,
47.923917,
47.925038,
47.926158,
47.927278,
47.928398,
47.929517,
47.930636,
47.931755,
47.932874,
47.933992,
47.935110,
47.936228,
47.937345,
47.938462,
47.939579,
47.940696,
47.941812,
47.942928,
47.944044,
47.945159,
47.946274,
47.947389,
47.948504,
47.949618,
47.950732,
47.951846,
47.952959,
47.954072,
47.955185,
47.956298,
47.957410,
47.958522,
47.959634,
47.960745,
47.961857,
47.962967,
47.964078,
47.965188,
47.966298,
47.967408,
47.968517,
47.969627,
47.970736,
47.971844,
47.972952,
47.974060,
47.975168,
47.976276,
47.977383,
47.978490,
47.979596,
47.980703,
47.981809,
47.982915,
47.984020,
47.985125,
47.986230,
47.987335,
47.988439,
47.989543,
47.990647,
47.991751,
47.992854,
47.993957,
47.995060,
47.996162,
47.997264,
47.998366,
47.999468,
48.000569,
48.001670,
48.002771,
48.003871,
48.004971,
48.006071,
48.007171,
48.008270,
48.009369,
48.010468,
48.011566,
48.012665,
48.013763,
48.014860,
48.015958,
48.017055,
48.018152,
48.019248,
48.020345,
48.021441,
48.022536,
48.023632,
48.024727,
48.025822,
48.026916,
48.028011,
48.029105,
48.030199,
48.031292,
48.032385,
48.033478,
48.034571,
48.035664,
48.036756,
48.037848,
48.038939,
48.040031,
48.041122,
48.042212,
48.043303,
48.044393,
48.045483,
48.046573,
48.047662,
48.048751,
48.049840,
48.050929,
48.052017,
48.053105,
48.054193,
48.055280,
48.056368,
48.057455,
48.058541,
48.059628,
48.060714,
48.061800,
48.062885,
48.063971,
48.065056,
48.066141,
48.067225,
48.068309,
48.069393,
48.070477,
48.071560,
48.072644,
48.073726,
48.074809,
48.075891,
48.076974,
48.078055,
48.079137,
48.080218,
48.081299,
48.082380,
48.083460,
48.084541,
48.085620,
48.086700,
48.087780,
48.088859,
48.089938,
48.091016,
48.092094,
48.093173,
48.094250,
48.095328,
48.096405,
48.097482,
48.098559,
48.099635,
48.100711,
48.101787,
48.102863,
48.103938,
48.105013,
48.106088,
48.107163,
48.108237,
48.109311,
48.110385,
48.111459,
48.112532,
48.113605,
48.114678,
48.115750,
48.116822,
48.117894,
48.118966,
48.120037,
48.121108,
48.122179,
48.123250,
48.124320,
48.125390,
48.126460,
48.127530,
48.128599,
48.129668,
48.130737,
48.131805,
48.132874,
48.133942,
48.135009,
48.136077,
48.137144,
48.138211,
48.139278,
48.140344,
48.141410,
48.142476,
48.143542,
48.144607,
48.145672,
48.146737,
48.147801,
48.148866,
48.149930,
48.150994,
48.152057,
48.153120,
48.154183,
48.155246,
48.156309,
48.157371,
48.158433,
48.159495,
48.160556,
48.161617,
48.162678,
48.163739,
0.802747,
