1.63682516847624,
0.519066645485635,
-0.755049895616677,
0.506534719824741,
0.808648667722239,
-0.737096690432816,
-0.0936484874483102,
0.948715533719851,
0.743505278453177,
-0.914099104213079,
-0.0449748949353917,
1.99749634457987,
0.837292666807815,
-0.871868039659522,
-0.711234399327111,
0.205294727214522,
-0.0654748613218600,
-0.761904683182266,
0.410061792614068,
0.0336616183007570,
0.390132542451411,
0.661720685328917,
0.529808550311339,
0.136698731354187,
0.0131740676398313,
-0.175366479647184,
0.502036233035062,
0.533957323090937,
-0.254083204770388,
0.442596106653909,
0.194812193255204,
-0.00668018800797590,
0.106756390914375,
-1.00164981100368,
-0.119902704657853,
-0.129276816303048,
0.224129304768472,
-0.300536899808896,
0.00387381532473091,
0.856940549428023,
-0.0108718401856308,
-0.507676495110779,
-0.0922553305151505,
0.970459303272795,
-0.614524240536444,
0.136510557573791,
1.30617025361600,
-0.144393936860568,
0.174931860159105,
0.703865732094439,
0.718165605117786,
0.0218036600587123,
0.0184370378355851,
-0.0840649795438775,
0.470371426148260,
0.503198653838118,
0.00803440506214586,
-0.395677164747940,
-0.465234579605773,
0.753699294524094,
-0.110270235907365,
0.234740203478306,
-0.812444982154004,
0.0535103703963563,
1.02832928670074,
0.237147113391348,
-0.630451648608592,
0.0519368192927525,
0.303189185295242,
-0.629561930362928,
-0.382074023377906,
-0.826533716047806,
-0.414617652738132,
0.673608570027889,
-0.908472974025234,
-1.20039982742414,
-0.349877974064859,
1.69478011526650,
-0.544613689265035,
-0.448420889567429,
0.102774021791839,
0.415329455588680,
0.836914722477613,
0.139478075979017,
0.0487676453042417,
-1.20564163291263,
-0.324458045996046,
0.336140263928557,
-0.631857742868504,
0.464203373383132,
-0.124105614817636,
0.157281874631521,
-0.514850698989646,
1.65314925637732,
0.181238561825432,
0.0811721435988003,
-0.859455849609817,
0.897371915869913,
-0.0793551343527107,
-0.758150796708050,
-0.313440336451435,
-1.66950599782290,
0.158043351955884,
0.218839672689360,
-0.349475666587884,
0.294898161174899,
0.654092459027546,
1.41506711669053,
-0.199045676517488,
-0.297759377460167,
0.328597267427380,
0.439227458428121,
0.0820056369245457,
0.0430435642207198,
0.00564333430568081,
1.50722727640767,
-0.134390428497628,
-0.661982876830263,
-0.297286178818516,
1.20289884727326,
-0.208643479493181,
0.985540992756587,
0.720601182756066,
0.141557185475287,
-0.945959304607391,
0.443297693780858,
0.109008624808304,
0.0972081979328773,
0.285779006076578,
-0.869566317026287,
-0.901983579375964,
-0.124449507001404,
-0.598006410630885,
0.235034850700471,
0.294729050642521,
-0.596819572518332,
-1.30340763083014,
0.570152560797786,
0.833304982272933,
-0.128493352778609,
1.71849380751482,
1.04121766658999,
-1.20857832162039,
0.754212558630132,
-4.96432365686931,
-2.47995392773633,
-1.22178237611053,
0.0206406033253642,
-0.176944203505543,
-0.941614874091540,
-0.335430604134070,
-1.00155715546897,
-0.831186872082651,
0.568983616241781,
1.54330942633903,
0.468632458592778,
0.210620771951468,
1.38038852695490,
-0.360736391529392,
-0.719498380523978,
-1.43174994872370,
0.474862909201880,
-0.602940608296548,
0.165463803891070,
0.751791591780806,
0.314301455397829,
-0.331982515154131,
-0.660075785090093,
-0.0291851490574427,
-0.0158139984332030,
-0.0827430045812564,
0.395580441186249,
-0.287995630077090,
0.493385281147236,
-0.505743737153590,
-1.80217583636988,
0.402499394109311,
-1.13442242396191,
0.483153555858823,
0.267783771063011,
0.223730242363531,
-0.560923764572285,
0.614206341988669,
-0.336838978683873,
-0.193784126994409,
0.991831146068855,
-0.745338830685223,
1.40665916554554,
-0.0533517292408198,
-0.721029561363512,
-0.204370103110224,
0.249147632607872,
-1.81865694649667,
-0.428204058943791,
-1.10003695872771,
0.819367976597849,
0.507283454697450,
-0.592242336622690,
0.526198774919551,
-0.141059690710227,
-1.21962598250747,
-0.687079874179443,
0.0896141763484988,
0.315357390100605,
0.166762445006874,
0.568094121518951,
-1.06566470753528,
-0.411824620058438,
0.935013105675690,
-0.947058682524087,
-1.03974503164814,
-0.702168675309382,
-1.31653770556835,
-0.535984225545536,
-0.312254784056682,
-0.218925551591555,
1.16875203798557,
-0.302192441962697,
-0.214310006781243,
0.248839520697510,
0.0439965285230581,
0.828931771445611,
0.353698625640533,
-0.792711359155283,
0.495260859377671,
-0.103656461503434,
0.907281996134728,
-1.66333746423556,
-0.687411818143670,
-0.0199722974539049,
-0.0108833779070772,
0.283640109679534,
0.200381768924496,
1.33360857676773,
0.320788633245244,
0.257386411203117,
0.804776328765986,
1.32076176335805,
0.328071603941414,
0.0759110144437045,
-0.0664490828725867,
-0.347281632232047,
-0.502062873446602,
0.567417598795305,
1.10512926577028,
-0.171455672081334,
-0.781300869754172,
-0.151186900438801,
-0.279440759256405,
-0.654459365004118,
-0.141162025634656,
-0.635891471400630,
0.454092441787318,
-0.306423085996976,
-1.13774823861953,
-0.371754725768443,
0.566820091927211,
2.01932992192032,
-1.52949761105656,
0.680847584636486,
-0.668376237108694,
-0.0635711139733147,
1.08952406495654,
-0.420799791577435,
-0.855060311701075,
0.0284141688625678,
1.17796530662986,
-0.588620069845773,
1.54969683639278,
0.674384200610106,
-0.0710735645665391,
0.753583993937947,
1.21232053627057,
-0.255401086459547,
0.483775393423229,
0.688174638869388,
0.0568467773415707,
1.60007679966668,
-0.0889895668046862,
-0.180103366030098,
-0.670401140812993,
-1.21883054890582,
-0.136673504971145,
0.360868637386477,
0.0919932407225178,
-1.35099632636603,
0.762011523413428,
-0.126466800667521,
-0.484965693341188,
0.319141090924237,
1.00706854585034,
0.182602700562726,
-0.231721485685309,
-0.232411330561052,
0.309522766843092,
-0.315117865609787,
0.507507804061589,
-0.397138713750933,
-0.707170767636353,
-0.953747683674247,
-0.576797272894701,
-0.265727906339995,
-0.109748778293533,
0.800016743701122,
-0.130560295215703,
-0.0145303055867634,
0.155291040332481,
-0.211494085439018,
-0.274900110426275,
-0.875380091186987,
2.27321604254075,
0.0433812434484650,
-0.555419852602829,
-0.819143302102844,
0.0193401774498342,
-0.0344338655064570,
-0.710585500968608,
-0.729547015724829,
1.10097088697554,
-0.519134800355266,
1.04813985627368,
-0.570361303656954,
0.833965026272707,
-1.34852087976015,
-0.484755015372871,
0.563937880338833,
-0.232590986102210,
0.482108416761558,
-0.699568386415961,
-0.454936233613824,
-0.127831706074129,
0.400808469313968,
-1.21417246046760,
-0.0515302358076923,
-0.304755376480684,
-1.03527297229691,
0.422356007188614,
-0.366804357132038,
0.0301790519715928,
0.485902998251379,
-0.502825382989814,
2.03410924592752,
-1.56905986246224,
0.102060780551291,
0.344288016128869,
0.226011213497913,
1.68946284541608,
-0.192796952221226,
0.479243180156431,
-0.397962779454112,
0.608900559688849,
1.81870672464030,
-0.0609370711777130,
0.218725690628153,
-0.579753652089945,
0.0212832254617146,
-0.791320527542676,
-0.550610373444802,
0.608255663013481,
0.621038741759455,
-0.198272036730593,
0.128595658722934,
-0.0706899124386901,
-0.481643217588180,
0.888161159035516,
-0.469570645677285,
-1.34511192312815,
0.613539181191520,
-1.57943836594430,
-0.533721609599264,
-0.272025713402040,
0.792870784001908,
1.18085170601753,
0.978091529015088,
-0.417810799053657,
0.0638398565594683,
0.000916720076730564,
-0.707685778917215,
1.96724892495758,
1.34873733834221,
-1.26275625306022,
0.842545571007461,
-0.224074536040512,
-0.509351837743934,
-0.144319878833863,
0.560290622440213,
-0.347163744227332,
-1.20246706750108,
-0.340950061572496,
0.0451921078835663,
0.106865635033073,
0.505677982307821,
-2.00353717884952,
0.226039477429606,
0.445850379893047,
0.412722832410614,
-1.05825455796930,
-0.172747715981842,
-1.02943362397018,
-1.47163095056524,
-0.116055082240604,
0.0311682860960953,
0.578824718990817,
-0.0465533679860609,
-0.0510682106510279,
0.708376310203216,
0.820606172001831,
-0.317107052557575,
1.34439927849970,
0.293296889774883,
1.29695512945359,
-0.909094806823049,
0.639229910883991,
0.165615189725631,
0.440279449032707,
1.56554707416112,
-0.803389001832388,
-0.727464315201310,
-0.642891440500088,
0.487370979074689,
0.0886529952146964,
0.500576307387134,
0.892670050812781,
-0.958947124007026,
1.12575821996239,
-0.778154539534727,
-0.287146937842724,
0.357904970162107,
-0.0936338146674311,
0.124096194303687,
0.738554968637216,
-0.340049146306082,
-0.566703727103591,
-0.669701124549868,
-0.153526291001764,
-0.353044971395438,
0.196379475631893,
0.663747632069458,
-0.0650419677078917,
0.170824671627416,
0.221575924333783,
-0.661361158827618,
-0.0469431205906921,
0.352648427573403,
-0.727438704055303,
-0.107895078274776,
-0.624027405305429,
0.488539042624438,
0.160507898649923,
-0.902896533752063,
0.0948855890458777,
-0.296925993846208,
0.869071574621993,
0.974104900283903,
0.00142090946319932,
0.485703760213143,
0.801319983923790,
-0.188876354934639,
-0.472283073860931,
1.12470087974429,
1.75376840903087,
0.438477571320325,
0.295010272966648,
-1.15757474600924,
-0.283856363177134,
1.75118239268621,
0.168695505678298,
0.547089201242907,
0.868799649384648,
0.204030842744218,
-0.0696773419405572,
-0.350272987131039,
-1.64440176376926,
0.528269450500908,
-0.331333696398615,
0.545478971776213,
0.437307473701742,
-0.640742888121384,
-0.368813510355651,
1.00735646615536,
1.62526683094533,
-0.833890936252287,
0.0171422270300164,
0.729741130143205,
-0.337110545684324,
-0.720538262113099,
1.03398124623700,
0.0298443268033048,
0.101543852555714,
-0.857692111460768,
1.01538279635358,
0.337910977489611,
1.37443063697100,
-0.320961586720875,
-0.601013562687811,
-0.951629547004500,
0.337004478449925,
-0.183797753842509,
0.234406258285581,
-0.856486671336467,
-0.256893618645192,
-0.0673350871342716,
0.442439774616925,
-0.112621836157257,
0.150699936980486,
-0.438956924898774,
1.21140315884373,
-0.582684721624018,
0.476711960414691,
-0.444998811325824,
-0.707801710180461,
0.832623341583729,
-0.922313471646966,
0.567328023951771,
-1.52664809563998,
0.846477607849823,
-0.723753127020383,
-0.356259851872625,
0.344167347132558,
-0.458554118538701,
-0.797479733319671,
-0.526562931914994,
0.327670318885303,
0.639793721693533,
-0.556339648878640,
-0.0271847171767673,
0.232753065045742,
-0.0145672224594592,
0.490716003837474,
0.847320285079217,
0.0403250462667467,
0.255416318796172,
0.200852029417933,
-0.486015127785003,
0.299600907307798,
-0.372876070239716,
-0.412666170994721,
-0.314856921283739,
0.702590020338952,
0.232385275587430,
0.106659948770546,
-0.111420479464352,
0.286701685575849,
-0.226200723714466,
0.275211128244396,
0.113617561525328,
-1.22642027100583,
-0.710509870822877,
0.394240506519561,
-0.327423978707509,
0.131918316442703,
-0.698902324532772,
-0.188976845761661,
0.00850328555349589,
-1.97718020540914,
-0.220515962719490,
-0.269624822079596,
-0.301448522988681,
-0.229478222381821,
-0.332545675463290,
-0.545703077144271,
0.365074610426305,
0.657868985104562,
1.25179788606851,
-0.767261509118983,
-0.397369151658418,
-1.44761154988724,
0.646083996426807,
-0.496639241722566,
0.173982748601663,
0.336207364025592,
-0.545250315557327,
0.120012453825676,
0.723089143154406,
-0.192874384173487,
0.217472538062788,
-0.437573920902443,
-1.34781665409334,
0.425179891736869,
0.0462841337522142,
-0.725065848206006,
0.0875836057596542,
-0.426849399527217,
-0.365378880634646,
-0.184448839259231,
-0.478153992056190,
0.763886633253652,
1.93711025502044,
0.796471371519727,
1.84773620871207,
0.313276489090356,
1.34637462698829,
-1.24925336173817,
-1.20805126547224,
-0.436538746016527,
-0.0120963990554407,
-0.865170012775233,
0.874202741288443,
-0.711679909710306,
0.331700839193014,
0.692711533271824,
0.675718908168655,
0.458555960083232,
-0.865358985801952,
1.47406149385985,
-0.153716129715063,
0.275092631784034,
-0.768314660964135,
0.243323284212487,
1.63167787123405,
0.211152044783292,
-0.629337684890822,
-0.116477911904546,
-0.141452851576605,
-1.18533209363300,
0.808606002442918,
0.488735683198331,
0.295469630137080,
-0.604638975198458,
1.07621555670831,
0.285379950020487,
0.142857415510396,
-0.0109205734589094,
0.358719084113461,
-0.0189374798853148,
1.53965924565387,
-0.292502369742616,
0.290545843956477,
-0.155360899340117,
-0.130121516819105,
0.132360853497896,
0.243346496374112,
0.153774267960034,
0.939075802335966,
-1.19168601311077,
0.793276378396129,
0.0963413289590952,
0.434075356964044,
0.422447479986306,
0.156729983069751,
1.32845423531722,
0.515710265787081,
-0.226295679997985,
0.585970727719953,
0.523627048480806,
0.0156837198520384,
0.180717469031837,
0.808134041739680,
-0.0777886103585951,
-0.206182590621685,
1.47803593851199,
0.593402295485127,
-0.100039804440446,
0.957981470355590,
-0.455412810756291,
-1.23460460551709,
1.12716961409252,
-0.662922766871663,
-0.301441403774568,
0.136836996477227,
0.131040965429384,
-1.59523825261225,
0.261184217128667,
0.154237809442908,
-0.194437433169217,
0.164362477957879,
0.0749701771778373,
-0.0874006534077320,
-1.22902314087618,
1.50963422306660,
0.488019533962709,
-0.493541323972176,
0.747446652539585,
1.16433189590941,
-1.34116993952507,
-0.272131569853870,
1.02527914772321,
-0.717108257667171,
-0.651793740951044,
-0.556283406608877,
0.605019282676080,
-0.745456389998243,
-0.552057442385653,
1.19319274664621,
0.143457169624198,
0.131161271390196,
-0.388696826852695,
-0.274727708476837,
-0.428258637004792,
0.519097082063927,
0.403735162036333,
0.623508205954874,
-0.219769002728745,
1.65439254265415,
0.427725954758913,
1.14638236883064,
0.0865681929120707,
0.171971406467692,
1.41783443705912,
-0.540730664217484,
-0.0254621966057379,
-0.500355071653154,
-0.193725312862757,
-0.350780580606377,
-0.757859593336117,
-0.399652499859396,
0.134876570230003,
0.115492315421469,
1.12143511072503,
0.0619814341333114,
-0.0297024824633863,
-2.29764278933205,
-0.0675446388755100,
-0.178660170401717,
0.230334180458262,
-0.132952296439718,
-0.434205871210107,
0.0181813267176817,
1.33386667408826,
1.15031461062405,
0.546360857176208,
-0.412871812161842,
0.490926478734949,
0.511251967745323,
-0.255405868869118,
-0.131448242890137,
-0.588876244165409,
0.0839412572925456,
0.713588275675404,
0.290266187123069,
0.827092876240644,
-0.00374629357027572,
-0.861931741725936,
0.00404070162624357,
0.0953851131915439,
0.176176073816786,
0.279883316840961,
0.587164963459560,
-0.522035957339856,
0.168900998189602,
0.0784512160335029,
0.931085374813019,
0.591408381116102,
0.854764501868462,
-0.910383863662792,
0.667043677759614,
0.0447149936370245,
-0.959786452019305,
-1.06786173447900,
0.642559495238492,
0.545846194089595,
0.978814992166073,
-0.199243019745234,
0.159488243952434,
0.997383818797461,
-0.483683391853738,
0.554114580062140,
-0.468677508539623,
-0.326620010416328,
0.672784376720931,
0.584684066161972,
-1.54618014131492,
-0.514313746702885,
-0.422177276301741,
-0.649036225076023,
-1.19061899129798,
-0.770596743212130,
0.452876130360571,
0.744664243033645,
-0.381866377681304,
0.251810756562830,
-0.250471677941303,
0.862441636477945,
0.0394891589475262,
-0.109548448241072,
0.316903985487252,
-0.643196711168641,
0.802855990542699,
1.46804999741550,
1.42126336016360,
-1.41228532075352,
-0.627094673480787,
1.55832061601409,
-0.700556132768870,
-0.925646996245435,
-0.857866616648556,
-0.396235701215305,
-0.490138930915059,
0.666763467947845,
0.691121842172128,
1.10114379193084,
-1.36422063237266,
0.359567290499341,
-0.748569260547099,
0.0772324746661455,
-0.896257048827282,
-0.171810137434733,
-0.277974576222159,
0.0956818213195636,
0.605782386287401,
-1.16653020303759,
-0.510132790439821,
0.157737312723940,
-0.0344030055162730,
0.867403129906807,
-0.493506807310652,
-0.163356381739844,
1.84778763669887,
0.327276076043384,
0.568987648677005,
-0.939056918879428,
-0.0339690678238982,
-0.432132803725056,
1.27618133981157,
1.31211042257226,
0.130508705751339,
-0.863339834184268,
0.206690019965353,
0.294383395611199,
-0.509904665230223,
-1.20550359359208,
0.745048612496642,
-0.218471183981943,
-0.197531249743650,
0.660354071104391,
0.390325863570670,
-0.660282538768318,
-0.364609324874417,
-0.132284263594911,
1.07329194413549,
0.327080536268888,
-1.63909218229373,
0.763715950405936,
-0.529348632911567,
1.30008266093617,
1.99895775508165,
0.286811619578966,
0.146817175313977,
0.419021135300725,
0.571820843562515,
-0.877378132420207,
-1.47261453604166,
0.472774103235276,
-0.223099389953576,
1.23277832580029,
-0.801335620636289,
-0.385955534241500,
0.399463884239248,
0.654027542452520,
1.38476098181487,
0.223023873615454,
0.328883174887928,
0.115339341454808,
-1.32166007588585,
-0.618551029345220,
-0.618326746807681,
-0.939983196435442,
-0.426389855414482,
-0.355135913245681,
0.351079604110832,
0.0863688574353450,
-0.900938685118725,
0.926838168587127,
0.0132116470622565,
-0.656181140980510,
-0.956052647827829,
-0.555157329623638,
-0.935205554500055,
0.841756562850612,
0.163627171387789,
0.517605706694971,
-0.678716779254940,
-0.538137422753476,
-0.0146134264680414,
-0.752522315010310,
0.342158430627252,
-0.701905731093880,
0.0791439041237318,
-0.548025244563777,
-0.381920545686221,
0.590201959251041,
0.562335860879882,
-0.0709797560037177,
-2.60730283261168,
0.705418137958310,
0.634540737111415,
0.471416800362625,
-0.596737701586843,
0.123142394665125,
-0.226603925863861,
0.142992148272926,
0.444589332444221,
0.108730188387948,
-0.430883978017459,
0.874344402270052,
-0.538024272831748,
0.376422176772460,
-0.0650274076990039,
0.291709001809995,
1.11363903189053,
-0.665395888918292,
-0.438538197705710,
0.0594356104501990,
0.944819880354860,
0.604389640896186,
-0.144648300525548,
0.534227703687219,
-1.28230709857193,
-1.03789610310978,
0.297273999299739,
1.33062918397402,
0.371253128187521,
0.658447173636408,
0.0134895906994449,
0.694805258985518,
-1.38345269644147,
1.70239043459096,
0.353485849141838,
-0.651749287005414,
-0.808103977564749,
-0.154423753779247,
-0.903956705253787,
-0.164612493859529,
-0.681438118686844,
-0.824182591368005,
-0.688561346121606,
0.0325836255468207,
-0.0790438613925978,
0.0275575054568702,
0.0651436117306001,
1.13554254184244,
-0.336573101452843,
-0.514541510089513,
0.363980598075204,
-0.233136593248594,
-0.161521447987866,
-0.722889069079814,
0.0593954596115470,
0.990529009802066,
1.07634953808845,
-0.423314510186481,
-0.307745522390113,
-0.489395420960674,
-1.27288336375667,
0.172106279793669,
-1.69779139447096,
0.395545657840793,
-1.26564003746553,
0.461819071705513,
-0.309364064624800,
0.350716971147752,
0.241740825148424,
0.668408258058990,
0.173447117692242,
-0.402623213233677,
0.259077517028044,
-1.99284181519560,
1.35032483430689,
0.0461012858256797,
0.313237309506656,
-0.458420336172896,
-0.600859274862126,
0.885650753509624,
-0.646770600833988,
-0.254971385338883,
0.658944418865120,
-1.79009782069812,
-0.633140476055409,
-0.652567395687094,
1.23583926665747,
-0.734160133464339,
0.847160474654439,
0.926664424117076,
-0.252855522351806,
0.00609795058258958,
0.772602910295653,
-0.132825180824658,
0.204825369112825,
0.0488655273999834,
0.309392460162570,
0.771400605032424,
-0.538203455130245,
0.302585420743700,
0.145782210140339,
1.02732964363586,
-0.201438032944367,
0.854782372297308,
-0.567637052774310,
-0.875977050109685,
0.439537622153570,
-0.761568328402204,
-0.480599559101371,
0.191500881843663,
-0.00654853071963558,
0.578035946799703,
0.178485451667620,
0.945567213617000,
0.465550095631364,
-1.35265754623718,
0.898035306240005,
-0.817384151296642,
0.276149325783412,
-0.475493361772746,
0.103053712719170,
0.248913845816007,
0.618331490012809,
1.13020570936453,
0.307856047937956,
0.856721381871364,
0.105321797666116,
-0.632621821898964,
-0.963267098951274,
0.128659692210467,
1.23142816827183,
0.737867570125306,
-0.996164188913312,
0.945639137564265,
0.314912406099822,
0.0845301340726408,
-0.553666756751307,
-0.137320409239826,
-1.62445816598909,
-0.878472369499834,
-0.0636949785707981,
0.209694688669000,
-0.0277079941333983,
0.343427625926787,
0.941667728401749,
-0.814596700355727,
-0.188411231702578,
-0.0750824697808110,
0.0377706163267801,
0.823678635418125,
0.505985236489353,
0.185722287673960,
0.147440987108769,
1.15175099209241,
-0.207333928887461,
-0.905779384855632,
-0.323651760326159,
0.857305608451344,
-0.156261810881748,
-0.311665651098543,
-0.0109750471164581,
-0.112257266388638,
0.418934415807193,
-0.577774686531584,
0.186469530033259,
-0.191943008432293,
0.475609740219301,
0.170647134757238,
-0.815036733481655,
0.194081563167430,
-0.797603293674192,
0.817413810929021,
-0.249713669004791,
0.782208650382508,
0.668112369247228,
-1.55133491990741,
-0.184890517819257,
-0.120942294189137,
0.910299991573735,
0.140959221733986,
-1.41020238079796,
-0.861136711940776,
1.25217897097416,
-1.22334649865620,
0.868384158312273,
-1.11792354575101,
0.477565235853699,
-0.373834621057222,
1.38230230940565,
0.565751941863561,
-0.0333047457259540,
0.443211825445379,
0.0512603969403690,
1.43590767028916,
0.151671180500269,
1.21590666655463,
-0.0320196646706830,
0.553102329083820,
0.808247500018579,
1.08332390612630,
-0.512169062116376,
0.0739576556843757,
-0.653407810420078,
0.556084261220092,
-0.167638980876051,
-0.592260778222325,
-0.00595184522242070,
0.928784224107062,
-1.05623916740977,
0.0429747994629489,
0.646003450661383,
0.556675896888924,
0.259552393057619,
-0.825401740552451,
-0.233816753298298,
0.451673729206271,
0.308794498701131,
0.0850134083904350,
0.366214528896833,
0.170328371159507,
-0.201612353391773,
-0.429616909187597,
-1.34077577814454,
0.588965378699654,
-0.000263383067486333,
1.28179219603885,
0.847185346317627,
0.283017692899745,
0.776523178349435,
0.621392494392253,
-1.01385250636042,
-0.510159451720891,
0.217040968037230,
-0.0549377745795035,
1.14287490995772,
-0.0754193292037529,
0.445265010044314,
-0.742299464082359,
0.656380154067707,
-0.429399719904004,
0.181216085802507,
-0.0269804425619214,
0.412277212790742,
-0.886188560208017,
1.23264456234750,
1.24356087743287,
1.09753942512682,
0.635763716125015,
0.0969377108028841,
0.906796412706474,
-0.605093592454573,
0.703231361309317,
0.0919700886698410,
0.948329619695719,
0.0285676001811215,
0.473778856333806,
-0.339647688385380,
0.131072481193328,
-0.804015585329497,
-0.242385235653677,
0.990284269614912,
0.0861243948319021,
1.26823495704717,
0.852325426664867,
0.0229728309645479,
0.376719210580354,
0.393474126500294,
-1.23389035171337,
-0.840210137830482,
0.0354051145152339,
-0.361080631858459,
1.34537618482102,
-0.675481073683013,
1.25490970136270,
0.360543829735316,
1.08689979547375,
0.505634166672384,
-1.01991365987842,
0.722062871591760,
0.360357604493810,
-0.167592580390539,
-1.18993782117915,
-1.53984286432920,
-0.497481334979063,
0.117096869682599,
3.44920291861533,
-9.81284458730348,
6.35897711784807,
0.159161068148676,
0.298532367033728,
-0.755169132193997,
0.690207482159934,
-0.992897743194966,
0.608693944271614,
0.860358926204111,
0.243897584213570,
0.360941625053203,
0.394181671292890,
-0.119663593418377,
0.498152217006515,
-0.840946655224714,
0.798702474748626,
-0.915560747967457,
0.618141369100748,
1.23439080625771,
0.376356745407329,
0.378513270032230,
0.636617219103505,
0.343872353923205,
0.313791610855756,
-1.10424840257641,
-0.354319817823464,
-0.771221890267955,
0.985884325181193,
-0.133213297661926,
0.0464880150626528,
-0.404004471329302,
-0.0109536462834087,
0.0368135978248777,
-0.526872710798319,
-0.327881846532733,
0.122816705777508,
-0.163710171522298,
0.113850951049831,
0.922193711781407,
0.656182722788624,
-1.15181737277980,
0.0477430918305468,
0.602569133355670,
-0.377685277457934,
-1.65515674493390,
0.252703913391098,
0.674008442204696,
1.06799379569235,
-0.394639294997640,
1.60470879204467,
0.248297241870340,
0.825902003010254,
0.338191194372695,
-0.300734902646987,
0.215335747556497,
0.124005947824698,
0.0129235594248944,
-0.972580675465390,
1.03480257280561,
0.271759499838806,
-0.489209368057774,
-0.259203093758514,
-0.345771999907400,
-0.842123284729243,
0.0380314798254618,
-0.980721847319023,
0.921084874343690,
0.585829745841674,
1.12168936205728,
0.525294131364052,
-0.439729455060421,
-0.161898936435410,
-0.662276198847922,
-0.717996798831164,
-0.907292400319962,
-1.06975902623196,
0.731118581176262,
0.302660629927281,
-0.0148114998596404,
-0.593250432427826,
1.88500590196283,
0.0839183889296200,
-0.970674122623098,
0.345387690289003,
0.754732085128318,
-0.0894613453958121,
-0.445834941624088,
-0.0730311120310524,
0.540967555461310,
-0.334686119524270,
0.173315577135251,
-0.0994257835818733,
-1.78063373098349,
0.181313383718100,
0.424203350301831,
-0.0829926741337441,
0.224554993030486,
-0.246439282963060,
-1.32565337450865,
1.17113084775447,
0.661514505025758,
0.923399930935714,
-0.186865038027904,
0.610581537194823,
-0.830757971055088,
-0.175633432114034,
0.752723375943030,
0.205073790377805,
0.284640530931165,
0.905643902764730,
-0.0258224871138109,
-0.619034571319696,
-0.736517355842926,
-0.257534305355968,
0.131579305633117,
0.0446226477126650,
-0.0330811381776230,
0.0140245933938590,
0.598139088290258,
-0.192640294366186,
0.305549739727558,
1.12555396221927,
-0.713245962249104,
0.685963077700065,
0.0377649380941015,
0.648637628818537,
-0.836791635106209,
-0.190657732068450,
1.02756112400830,
-1.02085471350049,
-0.226422319417555,
-1.18561163836527,
-0.114280319889810,
-0.0874241196779142,
0.390176690156588,
-1.03694287791787,
0.897247591029980,
-0.385606573259556,
0.151469784528466,
-0.0103372955475888,
0.551957900165671,
0.0612860479623847,
-0.455961510833664,
0.339252327232342,
0.880168470686429,
0.0989597778499154,
-0.569430459616884,
-0.687185789731716,
0.0506552902004725,
-0.520898678306287,
0.656747683511662,
0.707805099436331,
-0.594423284280593,
0.289183844362548,
0.954161016386719,
0.932831494255932,
0.244422633860075,
0.444642197400303,
0.226056427821521,
1.06287309983109,
-0.245426250467728,
-0.422074896812880,
0.839459096510686,
0.704459076311113,
0.0451262267497495,
-0.788792056456561,
0.166247093700376,
-1.05205190953748,
-0.870542587794198,
0.436365581021028,
-0.784490055835564,
-0.0531913104230132,
0.876328753342768,
0.878279794869421,
-0.0502481659624974,
0.0105285863889543,
-0.317620188469376,
-1.29091083254368,
-0.747062822915659,
-0.427430504189329,
0.717163015182725,
0.393243782830134,
0.606900903771051,
1.13330877241816,
0.353865502685783,
0.975395143106394,
0.212181824759375,
-1.21013093434179,
-0.717363751854496,
0.972259674542427,
-0.853228452326216,
0.623716158431787,
0.129549622768721,
0.235864452876247,
0.111351699440863,
0.120554439371924,
-0.636431454388596,
-1.68956120062160,
-1.10536543203164,
-0.357929560908189,
1.74489345239889,
-0.0703455124899887,
0.236134769406513,
-1.25071602649557,
0.301186845322180,
0.719338121534477,
-0.511774659668334,
1.05486176947128,
-0.576672055624344,
-0.117530024041161,
-1.71536728328233,
0.301680997470611,
0.601072603641040,
-0.386235403616971,
0.410641685151893,
1.11302519639072,
-0.723366527935437,
0.186326393915619,
0.619328821160473,
0.482711728323516,
0.633790973556580,
-0.309253167758757,
-0.168555849804803,
0.243393543050361,
0.512535700507396,
-1.02570380655017,
1.26526368909713,
1.02332718223986,
0.507790750250512,
0.126356788373653,
-1.48654005010507,
-0.377061756660394,
-0.207201017380702,
0.557798280723357,
-0.0827188240146959,
-1.34218087475299,
0.774486772570818,
0.713396960983798,
-0.239520473378441,
-0.777436641436300,
-0.0387583563528726,
0.417462443532327,
0.448197573493108,
0.145966136865039,
0.717849206444277,
-0.168947737921350,
0.0873498439094543,
0.965275630267323,
-0.238732504873717,
0.290546062894787,
0.708801153034184,
0.234697864495190,
0.158082956963069,
-0.311776346264410,
0.152037409229790,
0.473940073385539,
-0.496907658580469,
1.75790123249002,
-1.11689827549896,
0.124340857559595,
-1.40148333277002,
0.105758287137950,
0.879076532672738,
-1.35523942073776,
0.336205706574137,
1.03796341019146,
-0.369130952520219,
-0.686242831008406,
-1.22889065197980,
-0.275953516675258,
0.179880486602043,
-0.141567273271822,
0.117825428274143,
0.135246641072386,
0.273510502962491,
-0.176307714245309,
-0.921243435361970,
-0.331668397764948,
-0.496961084686863,
-0.0396047280609390,
-0.509715621700417,
-0.0223028598190480,
0.915305781925753,
-0.657353580135109,
0.0909306259406000,
-0.336829953429255,
-0.0699091141528117,
-0.624058592818535,
-0.162250685557238,
1.09396438539019,
-0.266180212304257,
0.706991726870979,
-0.447962221121527,
0.271215155696627,
-0.505476435214953,
-0.845886836444418,
-1.13632594372639,
-1.15975830651920,
1.49217351697102,
-0.242078132207819,
0.685894459923199,
0.0437191321482655,
-0.388655629185391,
1.27343420978387,
0.816457140229908,
-1.29243542868162,
0.344714053823391,
0.0995255007688437,
-0.725318265363332,
-0.272443041259538,
2.01193129475276,
0.470214175955638,
-1.46105502261067,
0.838249598923689,
-0.504665094258037,
-0.566254044470074,
0.0792268432912226,
-0.862523612798663,
-0.588703684100639,
-0.406538195861879,
0.863814313528478,
1.05251183334631,
-0.596033243549264,
-0.0343015679421549,
0.268110183918230,
-1.55415043019847,
-1.16187995214116,
1.04536776975075,
0.422198455149265,
0.176859903681498,
-0.622009139038270,
0.720198853868274,
-0.0859588302514259,
-0.416832775280019,
-0.722161953140324,
-0.343161639773187,
0.288173932415506,
-0.331667304971827,
1.15278670015194,
1.02857135480428,
-0.0796895541539363,
0.670714236987726,
-0.825854693449877,
1.05462560827169,
2.54595436943378,
0.139768587955811,
-0.0606931372977428,
-0.413325671731879,
-0.440714141475438,
-0.696964834039966,
0.666918775462015,
0.893683162207901,
0.504155444192140,
-0.695665777613110,
1.56244657191011,
-0.581419474967583,
-0.664408661281267,
-0.782194635807803,
-0.531151885441396,
0.759110061370504,
-0.310943605547311,
-0.366176275098168,
0.393691280554211,
-0.312813395731713,
-0.151764788791755,
1.43902110857531,
0.923924643433748,
0.281376118695228,
0.840487676434404,
0.104333054260453,
-0.262991292415303,
-0.0472337837432689,
-0.147372320646384,
-0.912301870630554,
-0.507500721225509,
-0.239643401202932,
-1.05044642393315,
0.626884601795197,
-0.720101452686480,
0.0303029443409439,
-1.50384475471654,
-0.142766250649280,
-0.591109862637582,
0.876535814569402,
2.47612588546613,
0.193261040598339,
0.798731447715853,
0.660939739175160,
-0.933374137208656,
0.178259831018984,
0.791994355470689,
1.40606183982455,
0.567867462473070,
-1.04285284177559,
0.865922041398851,
0.682261505324488,
-0.908474328066617,
1.24413460307334,
-0.240433683422900,
0.165398353760586,
0.223511008594775,
-1.33314916379577,
-0.677148694286854,
-1.24416411570062,
-0.841593421623169,
0.335583196316452,
-0.247994724070258,
-0.120335206311139,
-1.19506464487440,
-0.527376051333652,
0.172513078841021,
-1.17891828183637,
-0.956380671400898,
-0.695866998505398,
-0.0836900743321007,
0.919583314739699,
1.51755818659257,
0.589012610648241,
-0.115591182577925,
0.201309494024042,
-0.682588869174830,
-0.179745973909583,
-1.07031457827109,
0.423032195113389,
-0.412204441734349,
0.432652277684663,
-0.0326700424185593,
-1.00673715137943,
-0.474762882376856,
1.42665885711943,
-0.632648719208304,
-0.151111822979912,
0.960792791156263,
-0.867580799936997,
0.647505273260443,
0.152162711133029,
-0.413228157444314,
0.339401637270280,
1.10633343141776,
1.03098984198599,
-0.990854635532430,
0.600202333794109,
0.198738418048542,
0.310061021211743,
-1.46549865313351,
-1.05425072367217,
0.596319651546654,
-0.242753755266565,
-0.656472450395109,
-0.0471155473345732,
-1.34483194761624,
-0.111128943927419,
0.995092166084543,
-1.52471556564907,
0.482323143109671,
0.450685598989332,
-0.799698946288498,
0.735745187813680,
-0.285016118803575,
1.37170999716570,
0.945605586974693,
-0.223205252638916,
0.490523833266527,
0.142887785665511,
0.149484332941620,
-0.833860368585077,
-0.387681928069945,
-0.0777906654260882,
0.555678660306926,
-1.31472713075556,
0.406062825435706,
0.0416184831785160,
1.20824185695323,
0.0885652881147278,
0.0210211755919500,
0.0238584452406997,
0.448727165197605,
-0.147252679595179,
0.931459795135776,
-0.0195588396634085,
1.35795725174506,
-0.795577494550068,
0.521894833173620,
0.346868744273927,
-0.647573329571923,
-0.112323667122081,
0.577277867428350,
0.487905826658811,
-0.606682565199854,
0.837907345970475,
-0.972718574639360,
-0.172351875734080,
-0.509017417933272,
-0.576439692871625,
-0.431624455498304,
-0.273967478758972,
-0.904958536045248,
0.280518891815177,
-1.82709313757369,
-0.0324248002350745,
-0.0104541841725546,
-0.670126140586032,
0.913296861597872,
-0.201473558905600,
0.392514970545379,
2.05544953703705,
0.00120328979206197,
0.918079116113308,
-0.380514809085142,
-0.262540158762632,
-0.245440860364897,
-0.199141206479537,
-1.18850817913903,
-0.611260561202367,
0.163493418237456,
-0.517420265315115,
-0.390698701035363,
-0.238466490710776,
-1.18071352886607,
0.358607442929244,
0.718747769065893,
1.19167899678968,
0.882586921058618,
1.29521768835057,
1.19540925680904,
0.224920353031248,
0.168943281749607,
-1.26103484437610,
-0.921734164639395,
0.0653645983978234,
-0.113583945809773,
0.743179094883175,
-0.558875637840271,
-0.434970910986473,
-0.562243190225948,
0.559128031307796,
0.311910501555490,
-1.16551830512981,
-0.944671433841980,
1.58182221064286,
1.04922348153360,
-0.194532177856345,
0.909642676468041,
0.731102170835520,
0.170638487822259,
-0.0849019479169175,
0.723138764872607,
0.636240986266466,
-0.433243951685656,
-0.765204419467936,
-0.0591112206137395,
-0.486488765781866,
-1.28895462341861,
0.0801562162204065,
-0.292314736838930,
-1.32163828008035,
-0.701386747655593,
1.00042893370344,
0.446179395732397,
0.438733921801099,
-1.59515300060879,
1.19830524097004,
-1.24674783935709,
-0.806118104100728,
-0.395059044183482,
0.00352917366525085,
-0.857638862568896,
-0.673280443189815,
-0.150168255583513,
0.879624526429718,
0.0752408394972224,
-0.00667095246120222,
-0.173966712876888,
-0.258419929848292,
0.629934472598086,
-1.38917877338762,
1.10128255442661,
0.445092629272822,
-0.292366154738793,
-1.76690799209184,
-0.359702522890529,
0.223415029138655,
-0.436359193792555,
-0.0963779467524065,
-0.820887288329678,
0.0590857453388897,
1.19876684588303,
0.0739809563907882,
-0.736782517237010,
-0.271203988172621,
-1.54181205736989,
0.470323278762769,
-1.10483890557254,
0.687604755756056,
-0.665156607919281,
0.0438579724643870,
-0.272426696039879,
-0.507801500437805,
0.476273010445485,
-0.547768876348158,
-0.0150611425921543,
-0.0706670478653531,
0.649024240531196,
-0.153334592048645,
-0.414758866511744,
0.0494109755221733,
0.114465601816187,
-0.956734639395083,
0.234362625947444,
0.111067038573964,
-1.44279835718008,
-0.473856421278061,
0.409685654735014,
0.898635030705593,
-0.837931648553281,
-0.629478118341751,
-0.230751522177459,
0.461321818966910,
0.513576015845009,
1.17558902171808,
0.447257950580812,
0.286782909921416,
-1.35222775077727,
-0.257823747399369,
0.453310005693343,
-0.0698892542140371,
-0.196311618967568,
-0.937071673442263,
-0.892257017614767,
-2.07645148717864,
-0.914796932023522,
0.893862423335231,
1.69009812284257,
-0.730465367036054,
-0.479524509038588,
0.463856417264468,
0.541231414711740,
-0.539670620716697,
0.781570405720043,
-0.290236089169587,
0.994504306205930,
-0.248409983759980,
0.503316167968922,
0.308444500475563,
-0.515914902454568,
-0.921494725461941,
0.591895631314964,
0.439719782398025,
-0.694395867101582,
0.232725006379815,
-0.244618513563686,
-0.890784740468397,
0.480498991134081,
-1.12082725772469,
0.235067270392597,
-0.438431571449216,
-0.735344280453936,
-0.430951064042095,
-0.0586547376279503,
-0.844172291986960,
-0.462622879410199,
-0.831366913539734,
-0.243323113593500,
-0.417099039250643,
-0.0414307384407867,
0.212202316033906,
-0.718837741205656,
0.819520624151331,
-1.08935795242007,
1.76087480915933,
-0.523382467785355,
0.225352185041945,
-0.680957847879824,
0.565892027870021,
0.491229603118296,
-0.0640750825843729,
-1.08804778268859,
1.06097435542734,
-0.371327105896735,
-1.11336166224470,
-0.481724903895927,
-0.536153744905235,
0.603063785085587,
-0.606101530905329,
0.354497324965918,
0.770946096475952,
0.397118756230064,
-0.0767618076212074,
-0.0156063132651479,
0.134084194265592,
-0.195741893243567,
1.23258971124710,
0.0948702676789591,
0.917491237666679,
0.109450886557828,
0.384639310218405,
0.0751285431947380,
0.0625274260609506,
-0.272792317813403,
0.785607676782728,
0.125968460550104,
0.124828130929066,
0.0191269905271761,
-0.640268090273963,
0.587083634013026,
0.123378697748344,
0.0637689467981091,
0.102001594976821,
-0.0716275608851764,
0.255294546110342,
-0.266090852026153,
1.64004272175271,
-0.734736289894056,
0.0378609403821442,
0.623080784891200,
-0.673601440926124,
-0.670188104435667,
0.126420894062798,
0.517137735719853,
-0.921909002921536,
-0.663106422615636,
0.243439568590492,
-0.0567528128172555,
0.555395615986023,
0.828969896279267,
-0.0627462849593948,
0.606359134574356,
1.97165460875424,
-0.100223566163189,
0.637632319580036,
-0.801699049216914,
-0.495991588171378,
0.466607034187599,
0.430373658107585,
-0.201222204871203,
-0.213211522410742,
0.661993527174460,
0.445285862079465,
1.12323877693900,
0.906525200827125,
-1.10570166467131,
0.842720932703861,
1.64451623041182,
-0.390872713875209,
-0.689615273324395,
0.382284100270301,
1.37128779196383,
-0.381213301536042,
-0.124397414012156,
0.491246360567746,
-1.19784233116444,
-0.882448108657766,
-0.923246678200080,
-0.370702879565700,
-0.471127692923549,
-0.966116143987589,
0.642691867487516,
0.244632153999927,
-0.971632515523306,
-0.801647937906932,
0.750661544133516,
0.711706191808652,
0.608385635811024,
0.841767037330427,
-0.306723302651954,
-0.0307247391617808,
0.284963346623411,
0.975642404327462,
1.63446397098208,
0.767006277774085,
-1.27828517646379,
0.376754967287097,
0.752734164500740,
-0.469210453364905,
0.421341466831651,
0.976689585263951,
-0.561116964271535,
0.219383259186671,
0.288777516980006,
-0.540118959097044,
0.143861122855511,
1.09667471444643,
0.436418504459814,
-0.103425084657582,
2.25334468352085,
-0.789123198750640,
-0.831339927063681,
-0.0471267459051191,
0.191110388015342,
-0.192453531277555,
-0.150528121126224,
-1.53176037537319,
0.879787900468526,
0.281252786785200,
0.561245132078552,
0.658625127432285,
0.228958463932532,
-0.0263223636526478,
0.881204876199878,
-0.159028768580112,
0.657297531537628,
-0.540368957934377,
0.173618833783931,
-0.163174049105275,
1.24808452716938,
0.0963439119917425,
-0.779017186912349,
0.539019668825205,
0.264370985668422,
-0.954897975549220,
0.425336112689161,
-0.647564047179875,
0.455761169074257,
-1.16372054058834,
-0.0644081343971191,
0.398351864870546,
-1.06504449150473,
0.0607327004427149,
-0.967815689732565,
-0.584870316899795,
-0.485983926647144,
-1.05154775379679,
-0.180738075795708,
0.0392302181526338,
-0.0656223321208970,
0.801841831087893,
-1.48851001164414,
-1.05713467105908,
-1.11835922363558,
0.0358225850614973,
-0.151141027541505,
-0.520493616630495,
0.406615599722090,
-0.387290793330733,
-0.578437137700161,
0.131518644606172,
-0.357276824596996,
-0.00200901239653731,
-1.64399666563831,
-0.401971283284961,
0.968252824615893,
-0.764074458340953,
-1.01700115279721,
-0.765015166307167,
-0.0692448801093799,
0.517088697896320,
-0.727783608270565,
0.730437787489515,
-0.0534576236990308,
1.05463408187315,
-0.198266321156779,
0.272564159940994,
-1.40962175067714,
0.737045546412002,
-0.541875884474528,
-1.22421170663510,
-0.203432714825178,
-0.196289628976679,
-0.590024713478552,
-0.752120699344058,
0.203306424577813,
-0.976758897818845,
0.549089856851047,
0.220861977945867,
0.974519406505987,
0.426771241562940,
1.09886564875854,
0.284904612020994,
0.573197661045852,
-1.25377189475260,
0.829182256942538,
-0.0412648058774218,
0.928172048753389,
0.804226482456285,
-0.519879656826713,
-0.0164635772368169,
0.0266474340840897,
-0.232011973056084,
0.635522580637577,
0.720949089821078,
0.0559428716175347,
-0.910241281826413,
0.575150758562174,
0.654234488705244,
-1.09847671583385,
-1.89129273602989,
0.0756071174453773,
0.0898156641290967,
0.364442986130790,
-0.622402891352098,
1.18775346424155,
-0.799598723723619,
-0.161277955329819,
-0.616732442552853,
-0.209696014058853,
-0.483830028173646,
-0.176714475984850,
0.0940608770888718,
0.878964371629317,
0.209413914067162,
-0.100132568560682,
0.385370439610649,
-0.593969878364083,
0.142891001997570,
-0.210630886218358,
0.219749473584610,
1.05103954223817,
-1.22199415034510,
0.125611639785305,
-0.328638862480770,
-0.315830765897763,
0.139547361309574,
0.611921651552738,
-0.426122945460380,
-0.727661117205773,
-0.228344639102517,
-0.0260517763644171,
0.596525028978880,
-0.134735461647565,
0.645847346756117,
0.325322720077782,
0.404936720494096,
-0.565794767549988,
-0.112316120235320,
0.461174022405873,
-0.195174321160293,
0.559803934654732,
-0.446737982987447,
0.00190510594000705,
-0.317023719712986,
0.649142845813730,
0.112907812520336,
0.116957499151522,
1.35711820891455,
1.19499206187594,
0.665619658546796,
-0.214601760624828,
1.00536153159295,
-0.897298773167194,
0.792993934185734,
0.0781456560003246,
-1.07557819198286,
0.182630639578481,
1.08863839424181,
0.886739119951835,
0.725262727097709,
-0.0491996786413168,
0.179168993933628,
0.383157414670373,
0.0763503222108779,
1.53520738928074,
0.000725648035207490,
-0.436174288097557,
-1.72437770556840,
0.202306515656026,
-0.662845192616749,
0.572467538283789,
-0.777354642163136,
-0.307697021005361,
0.831066003085957,
-0.570242819896071,
0.0470163687104244,
1.08805881905325,
-0.802396958789248,
-1.06822803657171,
-1.31047701189301,
0.211887689446881,
1.03956244883439,
0.0793247560061336,
-0.263148667392807,
-0.146458568652002,
-1.78758311575396,
-0.693800892430219,
-0.103631466603273,
0.0160661360439248,
-1.65078944512244,
-0.780778443980318,
0.0310354826186242,
0.145187702600403,
-0.395227561918498,
0.597197896312957,
-0.721930937788321,
-1.00245136901856,
0.845918351311076,
-0.864622792946507,
0.830402374824596,
-0.460028042094356,
-0.427182309090276,
0.161536690217290,
1.71795617601644,
-1.11956880576717,
0.458703684246834,
-0.654079818905161,
-0.190514426506041,
0.127385976043314,
0.290877784182391,
0.569344833765068,
-0.735532344856467,
0.152872830624326,
-0.535374470816454,
0.456381750270028,
0.193846891123224,
0.318204006654693,
-0.253969379158953,
-0.0818827929294203,
0.261969506628117,
0.901572373298692,
0.300891518536391,
-0.907825506606589,
1.57244097837537,
-0.509657669441156,
0.831108436361930,
0.0233061169456353,
0.917435463211589,
-0.844616697781047,
0.123986019378556,
-0.421007590300291,
0.745354292489494,
0.470046394359502,
0.670166448833476,
0.197526171489545,
0.646040386346653,
-0.628443063482446,
0.862819435006122,
-8.74696738452372,
-1.17484427597601,
0.947498830033932,
1.08865588618523,
0.0960235655634081,
-0.762876684536320,
-0.210169555674572,
0.277854658577733,
0.0637480669194168,
-0.295023270522777,
-0.385581325161889,
-1.02808565923705,
-0.938054371486536,
-1.06275622360726,
-0.415007920316077,
-1.12888883646279,
0.426556318436444,
-0.206620617149937,
0.776326376506816,
0.345799162559678,
0.450461813519799,
-0.437107733861068,
-1.12586943155971,
1.04530828694034,
-0.332649336268441,
-0.232510067736882,
0.470616033338655,
0.267850293392489,
0.458422475076793,
0.0359581347324831,
1.11302484278830,
0.880096357727837,
-0.756098702200370,
-0.221514008375376,
-0.641769505728471,
0.0324604809600676,
-1.73912558100678,
-0.278696533751646,
0.0681185194460042,
-1.17439753855652,
-0.0690883267575629,
-0.822261057252897,
-0.167125408211608,
-0.146021401320919,
0.668451672984092,
-0.0900777933517872,
0.664180574771187,
0.657510040770121,
0.717545248580262,
-0.168074145364125,
-0.351903036249387,
1.02168916854810,
-0.0769299528955686,
0.296397351035810,
-0.363188433218351,
-1.00760421226785,
-0.968424661384852,
0.0709166648933235,
0.611070501035641,
-0.310846888111559,
-0.257191024084496,
-1.10639494161232,
-0.284335582400374,
-0.170258649034893,
-1.02047983424032,
-0.381326828287651,
-0.604818675722136,
0.394576457101444,
-0.560069267140811,
0.0882789445919951,
-0.387070652965328,
0.815986501923209,
-0.0622019085854573,
0.877749825238486,
-0.485677617255922,
0.985231558389043,
-0.140514948840759,
0.489153007073527,
0.470995938955830,
-0.818441411049962,
0.143674283710817,
0.350933300403069,
0.372945564977699,
1.43753668231537,
-0.744009543621455,
-0.205869383815844,
0.289974747910848,
-0.588148521230299,
-0.792203051025346,
-0.498066419481106,
-0.200701582786080,
0.880151494312953,
0.0732658522980708,
0.145229972200970,
-0.0718995317445651,
-0.411616859481824,
0.518441998525902,
-0.542039020356582,
1.15797938698033,
-1.01683824837976,
0.125592509339640,
-1.79660496804767,
0.153662451040163,
1.34436619365331,
-0.0758075058897966,
0.374813724300562,
-0.118233416960207,
-0.158676493804284,
-0.221663346289288,
-0.117842442509916,
-0.510725673197054,
-0.259153124210021,
0.914252172917511,
-0.655665056242396,
-0.965948157258233,
-0.695389366448402,
-0.909457517270489,
0.622228698069262,
0.186505157885978,
1.01833579884316,
-0.664220287452452,
0.580151643326460,
-0.345153759282727,
-0.635388765997191,
-0.807108541906105,
-0.395032655677560,
0.909576185788827,
-1.08363014029014,
-0.764639854711928,
-0.651462291022660,
0.763159890880385,
-0.612967762525307,
-0.0368740791735560,
-0.635802520925575,
-0.229256076104548,
-0.569011453205481,
-0.151647842930734,
0.616843331518004,
-0.733986118624261,
0.194151940618490,
0.554133093940476,
1.17395814324371,
-1.50132166666632,
0.248501763549710,
-1.09225626491988,
1.67002969281555,
0.199000221989991,
-0.0463840602125683,
-0.359356738100462,
-0.387708366626735,
-1.11843102947878,
0.0426591534433428,
-0.804489269859224,
0.472468137402196,
-0.118242447050846,
0.502339331725854,
0.0885204273055279,
-0.962532644132716,
-1.10224505476594,
0.851076500563121,
0.195015108972941,
-0.356585606589434,
-0.362375204526407,
0.451270425005562,
0.829694392487661,
-0.399211644646559,
-0.525151882217044,
-0.0590824540169571,
-1.26181936553669,
0.00566781020590540,
-1.58362843136608,
1.01337528007072,
-0.0936825763105971,
-0.105035936168920,
-0.928390207510070,
-0.464764069308907,
-0.484402002621010,
-0.0974057121623637,
1.13594738282654,
-0.542628029308747,
-0.185003477383356,
1.01529246976944,
-0.328617093330728,
2.56871285925460,
0.659745656571801,
0.267256715043534,
-0.568400286032327,
-0.945590888056443,
-0.796262854722846,
0.235682106273826,
-0.805571464401609,
0.885485878650533,
-0.701813368131052,
-0.745053122207652,
-0.763331412234682,
0.241372519041919,
-1.00538301269018,
0.888321080697560,
0.445453523355651,
-0.227678453406544,
0.547672755728529,
-0.0230032035118990,
-0.00391563805808867,
0.743844950717834,
0.0803473380561557,
1.03196298315171,
0.317259227276308,
-0.587410185502608,
-0.778673930083039,
0.533667960076525,
-0.329200162663813,
-1.22954160300073,
-0.0401631635950038,
0.0165172358218558,
0.638469442008418,
0.839603332610817,
0.633981121617343,
0.966434495508708,
-0.915549897650643,
-0.428191328118949,
-0.0703469139311573,
0.300699703469693,
0.361714509344243,
0.796748539316411,
0.378887423201399,
0.410990774596202,
-0.00193142340817773,
1.12645966951458,
0.376782819087092,
-0.151545002167651,
0.624754221956243,
-0.337583203566337,
0.152770336174978,
0.369268726899625,
0.905605027296568,
0.306792109516928,
-0.576865015779334,
0.311644368867271,
-0.106122748005617,
-0.885224027410879,
0.287736865859138,
0.618774668624794,
0.252304204540644,
-0.378638669275424,
0.0916806237853136,
0.567623521214804,
-0.737288367644403,
-0.242532876519371,
0.793370392978626,
-0.0713269815777257,
0.495052384769500,
0.253063005286751,
0.000133932374530177,
-0.520982844833627,
-0.0603198453545645,
-0.650158843556031,
-1.70561549899166,
-0.335502666826729,
0.507651066909955,
0.317134941060241,
0.121080985399998,
0.321392327224158,
0.958737665227962,
-0.160213049266955,
0.497184059381885,
-0.420170554512188,
-0.926595673940042,
-0.653622827181498,
0.611719565644821,
0.902129222806261,
1.62055671929651,
-0.200543988639698,
0.842632105933397,
1.18017024583325,
0.304607884981380,
-1.17947864478499,
0.770298745805117,
-1.02018391439259,
0.242882667506097,
-1.82604222795785,
-0.302761419877907,
-0.0973693319507018,
-0.468228283964638,
-0.902266900016793,
-0.197156457515646,
-0.257577669476562,
-0.0280248664502060,
0.223757580517560,
-2.03824201576210,
0.289873107927880,
-0.370847417066604,
0.105619687054849,
-1.23752505044924,
0.194958549783370,
-0.885170488512738,
0.140693465747781,
-0.435193682404253,
0.442190437242957,
-0.0290912185270337,
-0.990262333171309,
0.109374254102580,
-1.04593376571422,
-0.129465731317402,
0.529518474842797,
0.307698965130839,
1.25452340494311,
0.203713073414107,
0.540689039336243,
-0.211563754119757,
-0.834140458575285,
0.235649579805834,
-1.03262629637918,
0.0654487372682241,
0.403386213568720,
0.587140125131145,
-0.677879011623170,
-0.214261560620680,
-0.435960385875053,
0.364638997191450,
-0.195637616730522,
-0.645358583240889,
-1.30092680292608,
0.305190287169943,
0.497347149129944,
-0.548050389552694,
0.582983473843011,
0.396886855101303,
0.577570654035860,
0.760507080992621,
0.724832436670976,
0.0549966895251475,
-0.672977540628044,
0.0854786480195618,
-0.440395806572068,
0.284772176462092,
-0.792816312210935,
0.475185272537025,
0.407144572258976,
0.742245903339307,
-0.0778883927355795,
0.493555834310446,
-1.01218620047696,
0.0286771682744123,
0.470922359084702,
-0.240706556584139,
0.887714610739222,
-0.472500178476714,
-0.345280640073253,
-0.157282332438408,
-0.403536548773204,
-1.10583426872262,
0.0940151398339239,
0.0168786722671054,
-0.200196124666890,
-0.726101749821758,
-0.601441205020177,
0.359513413302763,
0.192495946402636,
-0.410616686594988,
1.27220360487545,
0.563122334261856,
0.0805232269611223,
-0.298231434023128,
-1.64662050870717,
0.376474512295901,
1.02560850417186,
0.402648478527417,
-0.866897184862894,
0.325961861161843,
0.195865138586653,
-0.105652125543592,
0.230363956076589,
0.532028917285630,
1.02886295952141,
0.771916579774948,
-0.242461112582478,
0.887121213105511,
1.17317177099972,
-0.338897016291694,
0.280247845522942,
0.186498961643877,
-0.314915950187299,
-0.190067572703540,
-0.141111057242230,
-0.388631194140795,
-0.272655233724988,
-1.16697934108356,
-0.729807636116411,
-0.262703754997327,
-0.580138666372133,
0.973875678732022,
0.0246992639212868,
0.0372676201685179,
0.0505481055083158,
-0.341927019795858,
0.931895671318484,
0.330436529349030,
1.08213409428969,
-1.19923605547829,
-1.04653815581633,
0.945283746878019,
-0.554461214827306,
-0.301516152008893,
-0.419642379247454,
-0.193309929811229,
-0.0844007295723251,
0.582489846493107,
-0.458209663818570,
0.151855079717961,
0.387453737672277,
-1.09547154535307,
-1.32990373360418,
-0.0664444308865089,
1.22437240164797,
0.450202583445600,
-0.781752796984992,
-0.0842733385152180,
1.38108642367699,
-0.540886305990304,
-0.263268839470067,
1.08464751009826,
-0.116065631294527,
0.0560065704097888,
-0.0900641763847519,
0.123688953673169,
-0.567696080633503,
-0.538380910094605,
-0.277924319404566,
-1.65028984009620,
0.393552241957968,
0.373380938004308,
-0.153318144210571,
-0.171182224494571,
0.995470109416790,
-0.0971108794127126,
0.395558546845366,
0.643324793637011,
-0.812250045449581,
0.695376369390960,
-0.508226248731589,
-0.485741615100061,
-0.213445322795359,
0.880934414194403,
0.636226493052806,
-0.766685619087832,
-1.08440194391942,
-1.46039911321753,
0.123846981358111,
0.826580550981770,
0.183573386039998,
-2.11537514912030,
-0.792160954148981,
-0.0746720541139748,
0.967915117722632,
-0.345292517009238,
0.382934486903534,
-0.185806011665126,
0.689187841967036,
0.705169441313361,
-0.861193858802504,
-0.654644746847920,
0.0502659572346158,
0.820608769514732,
1.46621205569171,
0.102449525608084,
-0.188397421878380,
-0.993947451820815,
-1.09076704733133,
0.223126865993340,
-2.21362088732904,
-1.01738790353062,
-0.0331369494133085,
-0.318167436007913,
-0.0744763812491043,
1.03336194708275,
-1.05469828950145,
0.430819709557342,
0.0822997652180411,
-0.858215247956570,
0.677117294889850,
0.292268161685896,
0.198009408832202,
-0.783896148599382,
0.493851013116796,
1.14089500739430,
0.881445860355991,
-0.209562115500185,
-1.46459573950676,
0.772453811592541,
0.639880811538554,
-0.627753382197876,
0.544293588811972,
1.00387446719748,
0.0393802966259506,
-0.0361458579380188,
-0.102152983558642,
0.574320402187695,
-0.307098522642448,
0.444615623061795,
-1.09227229124749,
-0.115140684472021,
1.18806490377161,
-0.840756904157681,
-0.346523039561838,
-0.399577294536269,
0.309590373354376,
0.766641581787361,
0.604456934025456,
0.576090489751035,
-0.905891981176647,
-0.305226320802679,
-0.657027546837840,
0.539256847715105,
0.547329554285181,
-1.10864413988039,
-1.38884062347587,
-0.307487277405522,
-0.250934631784121,
-0.658105966378672,
-0.0200815665566112,
-1.09339905391728,
0.117099818206292,
-0.0300221076075282,
-1.05528131880893,
0.553880857500120,
-0.233880494020479,
0.699688906683717,
-0.680439893862116,
0.438738454247596,
-0.940469544841704,
-0.829119469160230,
0.0447376641687174,
-0.460530419806725,
1.04581950254609,
0.866050728604027,
0.133565274221458,
0.877766792555499,
-0.879877258884914,
0.351801830398650,
0.318290149841018,
0.238680024933814,
0.293388633398773,
0.367765480236808,
-0.149971643861932,
-0.0744628559238070,
0.0268596940376927,
0.0758437727113138,
-0.621054732283398,
-0.201668078138504,
-1.00368461163710,
0.528233554742900,
-0.328936509478438,
-0.418784301909426,
0.980327315412522,
-0.261893119100958,
0.314320983618986,
-0.977454572459005,
0.526251830849303,
-0.0833032199800291,
0.204956640692758,
0.0341498619095767,
-0.354053397634355,
0.116189168104371,
-0.565244922288802,
-0.422380029986685,
-0.316815017826382,
-0.119733787972619,
-0.927543654260311,
0.186373421092245,
0.861078670142615,
-0.496793489621256,
-0.267957439874134,
-0.738341503653608,
0.752333520049740,
0.383893214942900,
1.59336848825237,
-0.661962596400611,
0.902300233291948,
-0.572317532868772,
0.865204660328501,
-1.47123626675908,
-0.770384744268699,
-0.971634212201060,
0.324024265022781,
0.142932605357700,
-1.10832172623253,
0.915687086571000,
0.871908395899480,
0.534038350376706,
-0.782469154053674,
1.32602635516158,
2.02314713460800,
0.917613091541819,
-0.112920649844368,
0.575108203978385,
0.208667550200735,
-0.635534122507992,
-0.118282916165137,
1.16385880259695,
-0.156334921348247,
-0.987757491958579,
-0.325765126114733,
0.144184922176036,
0.622892914516317,
-0.735778168538137,
0.0490533621445043,
0.491664973235176,
1.19546606220601,
2.03362469865864,
-0.734777559275636,
0.511435115029546,
0.251437898326338,
-0.237479904914417,
-0.141189933039932,
0.774369303032908,
1.04925272356604,
0.350560802281071,
-0.115932500047966,
-0.486360937089182,
-0.609077860343873,
0.0895109393976444,
0.517560750237286,
0.671817030185171,
-0.0225113742020769,
0.697768877453407,
0.303069858856252,
1.58003069492869,
-1.07667059888686,
1.71876613347807,
-1.05853980808700,
1.02074479622326,
-0.785482572735675,
-0.600158490638942,
0.0649513841496030,
-0.827613814522314,
0.587875503901291,
-0.326510488747436,
0.724331875365867,
-0.0912388558053917,
-0.300023613921317,
-0.336034615176935,
-0.702349881170122,
-0.995360886290259,
-0.992049539342773,
-0.605890547624532,
-0.649132065647103,
-1.67309726528493,
0.193132150906169,
0.100255026522549,
-1.00747957519718,
-1.23914516584177,
-0.641072445664956,
-0.513288261182728,
0.606316774868832,
0.823853582657103,
0.393424979408726,
-0.191065732792554,
-0.190875123291555,
0.470705670506776,
0.0356257755174292,
-0.415213687281245,
0.326128856606044,
-0.0947861171726399,
0.761126104065992,
1.04215164167237,
-0.573937548005128,
-0.167418460759924,
0.788685938567328,
0.652554064896924,
-0.403124311230514,
0.490221045654546,
-1.59174333249887,
-0.324832122437752,
-0.120506176273341,
-0.681336922974184,
0.0328640915071243,
1.35197411030735,
-0.0111551901362433,
-0.0442855044102662,
0.363899332300618,
-0.0784236194869469,
0.885175262053614,
-0.283761285732428,
0.0887856806016222,
-0.292523895217595,
-0.111217468805479,
0.0614717498613023,
-0.0787667906329509,
-0.389757403171142,
-0.293988503245158,
0.618622943466029,
0.708999438508402,
0.204205204212029,
-0.0388128881205765,
0.0115513784142396,
-0.139223065359588,
0.692284995075294,
-0.641781337512450,
0.787077840250737,
-0.370052166759924,
-0.0698133715391319,
-0.260109456518825,
0.575741728768213,
-0.555381253402355,
0.507908656717327,
-0.226909975705657,
-0.912358960544942,
0.385876351299965,
-0.896000944088396,
0.0172016419276263,
0.954519265242646,
-0.577028563240818,
-0.757845404899509,
0.281184424070007,
-0.330575114409669,
-0.916037454252528,
0.851674154802219,
-0.358451208917989,
-0.389883804597848,
0.238539413657748,
0.0651337894390808,
-0.101855109302631,
0.129536001940786,
0.506132424446897,
-1.09731909696867,
1.43812351326826,
-0.768058965576020,
0.0147396238436181,
-0.0606251164486970,
-0.313170437753354,
-0.704599333330950,
-0.414703930067385,
-1.08149162775889,
1.58319217795651,
-0.447278575964008,
-0.465231878055104,
0.827559458796920,
1.50157126811165,
-0.420928052467386,
1.11605953060779,
0.448219981215906,
-0.783015345675232,
0.677862087694963,
-0.350764767570603,
0.211934693767562,
0.00128207179564096,
0.660314988592239,
0.859444167181200,
0.0818154327482600,
0.113144695382993,
-1.04168574145058,
-1.00637887615933,
-0.185428362453672,
0.792693649510872,
-0.622325452805334,
-0.919459093045600,
0.0444928788199684,
0.242408324819346,
0.864751668531750,
0.508900049618586,
-0.0179198990012447,
-0.725657355679261,
-0.330091604217528,
0.174493536630838,
0.111883263729833,
0.749064198274497,
1.42119443010623,
-0.728163987314749,
1.45641955954977,
1.13641270002873,
0.451872269045532,
0.0895131464816765,
0.221734148636019,
0.399932889605607,
0.935000820332441,
-0.527239479888487,
0.245250001396838,
-0.328077479369832,
-1.60381053311415,
0.668546828463217,
0.773844592382559,
0.729475593173617,
-0.786976338083492,
-0.816621537367077,
0.603626183074240,
1.30747066015949,
1.11809417949922,
0.336551253236005,
-1.02574112464335,
0.272610438760659,
-0.0341141442323952,
-0.164559257467654,
0.215744488415726,
0.319465874873549,
0.707506589008046,
-0.616229133327849,
-0.136211349557950,
-1.34540907172017,
0.916790053080131,
-1.27700966483411,
0.606544523880806,
-0.238687120445037,
-1.07324429597667,
-0.448499040304506,
0.337024426590168,
0.537848768999489,
0.815214209711343,
-0.110150954873882,
1.10868535806534,
0.241048064029069,
-0.772632342533453,
0.249575321555994,
0.265215086078957,
0.539638678365386,
-1.47101844728631,
1.08368858095490,
0.290058946131001,
0.343971672077572,
0.372566557025572,
-0.244952504204623,
-0.325230809653511,
0.00930648974786016,
-0.548785720725967,
0.690454837825673,
0.0610107338779134,
-1.21423886786435,
-1.27382070480215,
0.0887663072206169,
-0.395544602799973,
0.0100131009896683,
0.331537008588227,
-0.0396469263028519,
-1.65267600032961,
-0.622184877164538,
0.570944454001792,
-0.362553828927045,
-0.292539956070908,
0.523025286113160,
0.537961098927387,
0.0691539574768754,
0.0907746311304603,
0.537497106834297,
0.0742357139430813,
-0.199376973349925,
0.201555921635185,
0.797377780814585,
-0.582117429506946,
-0.934843008768151,
0.212881333345899,
-0.0696630139645318,
0.275281360194992,
0.617856876557219,
1.29239082934072,
-0.334871856389925,
-0.638090282936718,
0.546660433724109,
-0.143934498125968,
-0.467074333099562,
0.445665041444530,
-0.442763344414458,
0.0400734802798289,
0.0579490383736761,
-0.0557509197526029,
0.391246292142955,
-0.803810852886867,
-1.05434550593681,
0.131527983301684,
-0.526572797184949,
0.319535114197048,
-0.249366878173905,
-0.913081195818913,
0.400826353706190,
0.448573854150636,
-0.0780829992946576,
0.139250370388418,
-0.0958273685318240,
-0.236535600380966,
1.39959596929180,
-0.129274425302167,