0.942091267261351,
-0.898644160181296,
-0.429677941852767,
1.06337621401991,
0.919951733413058,
-0.0164790072269112,
-0.881778586011251,
1.28092320413916,
0.0803940969458837,
1.28220653531916,
0.430608101324612,
-0.397769553062671,
-0.286088890912244,
-0.202459032346270,
-0.199933304322853,
0.638149536820700,
-1.61989351849880,
-0.532829705045785,
-0.178493768041835,
-0.399170400218748,
0.469611041653743,
-0.425045890192585,
0.714175492237937,
-0.863311193604420,
-1.06918900748337,
-0.789415232685823,
0.842564338668875,
-0.677538066469304,
-0.857368969111937,
0.308560360231846,
0.347417300846197,
0.131242875826307,
0.721467512054549,
-0.132750821570894,
-0.272958235838384,
1.39801327384921,
-1.20371321022577,
0.993642032440651,
0.0851999021392740,
-0.112003802249487,
0.308376689272874,
0.0762253909356685,
0.835782412079476,
-0.433170404213992,
0.833688206300613,
0.357501946849343,
1.00549307599144,
1.61430847672971,
-1.60355870340544,
0.912456898865983,
-0.112358221382097,
-0.123023088875230,
-0.0229797554631129,
-0.298230370224373,
0.735734425202971,
-0.172530548926734,
-0.0235499024698293,
-0.157677648703478,
1.29572597732761,
-0.288081543600702,
-0.0759895009707857,
-0.806054789764860,
-0.552297676823077,
-0.935477290549733,
-1.15134302840232,
1.64758690860317,
-0.418701741392574,
-0.935108991668532,
2.26682391172976,
-0.706472770440935,
0.114744847259934,
-0.0750721030436545,
0.375118887546827,
-0.106084460529604,
1.96906931709202,
-0.528506734614435,
-1.70292277918926,
-0.644353792568850,
0.246027896968174,
0.878617303834874,
-1.09674435374516,
-1.85262956669409,
0.414298414585741,
0.950963908973260,
0.557537630189017,
-0.170461745348624,
-0.761484745263802,
0.134315161080802,
0.169094134248053,
-0.149965328049596,
-0.0880223255770489,
-1.26191359756520,
0.613175087478988,
-0.368001637266281,
0.325019857609803,
0.387966322255313,
1.37685699549515,
-0.585362283999990,
0.00547797180318011,
0.393378786581765,
-1.40574653773573,
0.0314236248183435,
-0.679499200691987,
0.129318066061831,
0.875314052073078,
1.04512246248756,
0.649851666711438,
0.651960871236544,
-2.26891893105712,
-0.119875383971043,
-0.437734933195532,
0.361902032329522,
-1.42891272148914,
0.0615387693902419,
-0.672616504286985,
0.679784110648094,
-0.177233805673187,
0.142870882829228,
0.924198702987550,
-0.232284695304929,
-0.854114895097240,
0.431936859678923,
-0.491985388828978,
0.182824909583375,
-0.380409751246351,
-0.690091027699497,
-0.820690141844244,
-1.36726041640270,
-0.961718926701588,
-1.72670702995703,
0.626452734227164,
-0.764472811209659,
1.43641552191545,
0.123840297047845,
0.0517018385049587,
-0.334974008436289,
-0.253508285833059,
0.646202953345260,
0.221417805352747,
-0.290391590204491,
0.564798442863225,
0.370682641344102,
0.109753052618924,
1.24292286963464,
-0.980463058180804,
8.91491142701069,
-4.55477094087002,
-0.411690848960178,
-0.0218932153457696,
-0.372893485496875,
-0.597535519645607,
-0.0648787630017490,
-0.780212373213073,
0.611050455676617,
-0.724340341152430,
0.816748296277799,
1.11106106483404,
-0.425566781279093,
-1.19719348623001,
0.135389067020061,
-0.527373551123486,
-1.32871749403343,
0.891891667295468,
0.780689842551496,
-0.837885279496108,
-0.137821888599153,
-0.0640495564051917,
0.0832010183705009,
-0.677965463689037,
0.0320600561909298,
-0.0194227505939344,
-0.173279347738859,
0.353312744034060,
0.464137958877230,
0.211105993124163,
-0.340580922376493,
0.970150659087427,
-0.620544918382499,
-0.410451341005567,
-0.317421098707890,
0.293377867054845,
0.334717598013733,
-0.221862538064238,
0.317939690253096,
-0.656887360283172,
-0.942494172360637,
0.0861374393075198,
0.518030090563885,
0.640687946693863,
0.0139590487657989,
0.0715097948265253,
0.368711480690622,
0.919599340279532,
1.51678999379031,
-0.774885637369175,
-0.824988863401697,
1.00739714361584,
-0.0956951947858711,
0.342857670504667,
0.873212790229362,
0.0421559842391642,
-1.72052561498479,
-0.373515210436504,
-0.351801787756214,
-0.373708902096140,
0.679695037438072,
-0.399178577105624,
0.985973842110719,
-0.0937703146141773,
0.0274250780584509,
0.691109601040291,
0.0830843465248227,
1.63260019034622,
-0.622865196237226,
-0.759003107878860,
0.682740852047402,
0.738133601552741,
-0.603627714984940,
0.339554124422648,
-0.242539219645352,
-0.0724810842345201,
0.190473955479034,
0.0216143313992096,
-0.467444364394026,
-0.522765474332037,
1.03464600656053,
-0.0819566837618875,
0.0127135958673725,
-0.372320834220900,
0.378266840527557,
-0.127388530165834,
0.888865157598553,
-0.131522813057200,
0.190120480365453,
-1.19639253120260,
-0.737930182843506,
-0.457794099949315,
-0.178962103781286,
0.520493188796605,
-0.139079912868363,
0.612535682905691,
0.843864235856338,
-0.220074206823354,
0.204345012059263,
-0.905722703527005,
-0.595645858925618,
0.363684341486419,
-0.358268854640297,
1.13853642677306,
-0.403831499540865,
0.896413802397919,
0.311628122990966,
0.740177954069921,
-0.284129557551005,
0.618748163097422,
1.35375254243458,
0.438451419221745,
-0.991141451659223,
0.326873494507375,
-0.140052628009571,
0.225225433565450,
-0.442165365528363,
-0.449810258287741,
-0.0359763077915347,
-0.00283438821783013,
-0.409626425330276,
0.444928865213674,
-0.240920164043688,
0.436064788090681,
-1.00800858411637,
1.02647129350449,
1.09525462787478,
-0.317561922310132,
0.173032763098434,
-0.642815743467773,
-1.20559154369991,
-0.536012789991688,
0.137292550871720,
-0.585783860718849,
-0.617414908988075,
-0.608112560905342,
-0.00368171208803871,
1.53150809367493,
-0.448120666883968,
-1.24016883175715,
0.282546608027347,
0.298227188815345,
0.154530748710299,
-0.337406502501264,
-0.373787419788142,
0.435593597585549,
1.91685833598885,
0.243588803760972,
0.838485227679772,
0.139089540573064,
-1.79711624675954,
-0.536724088199101,
0.984070785512423,
1.13610621806296,
-1.18779853756995,
-0.0473397610319901,
1.50102278437716,
-0.600219894089293,
-1.09793605774232,
-0.719105714203914,
0.853334525214356,
0.0242891032091992,
0.376954663152979,
-0.197286005013136,
-0.154854054299801,
-0.158078091814099,
-0.155350607573898,
0.696153623413859,
-0.241708445767581,
0.137550473982337,
-1.31452113871069,
0.383811599779674,
1.31001710197090,
0.874535371344297,
-0.406102022669838,
0.217749051634386,
-0.260918592899982,
1.19212267237839,
0.295527533678189,
0.822048089160803,
1.29838725652220,
0.837430382753805,
-0.187107720244521,
0.720525360130725,
0.926873005620090,
0.00582175968269951,
0.489464736294976,
-0.0126581646032529,
-0.324375527066892,
0.0604399884154670,
-0.140930812189850,
0.104493638078356,
0.185592103568073,
0.860884843766181,
0.934782325901923,
0.277297727543576,
-0.0733841259502289,
-0.247063547982483,
-1.24313855863932,
0.206125673655855,
-0.265475696743420,
0.730272978679636,
-0.781479019476608,
-0.138191688637271,
1.97703096171702,
1.15495453681530,
1.52948045900433,
-0.799003289608960,
0.603189860268526,
-0.0863617393221922,
0.284518501939788,
-0.0827550072608457,
-0.127270193671086,
-0.401160153447551,
0.0983477743328502,
0.923263878296128,
0.320704832648788,
1.17228805171358,
-0.760787536812442,
-0.208480952602236,
0.534057085629390,
0.136479000310523,
0.512172359440260,
-0.338389332004806,
0.133082384661029,
-0.693512387368348,
0.505003726301663,
-0.655817257393278,
-0.177756953339807,
-0.309889850026805,
-1.04998479786365,
0.552579240396606,
-0.287476270306792,
1.20248003355484,
-0.0905460935053163,
0.0345205731786827,
-0.352125303460209,
-0.308414287406603,
-1.24921482142531,
-0.246674596357366,
-0.129083930602202,
0.600129351997778,
1.15128808250388,
-0.981706227297552,
-0.0708982858217140,
0.681126832853638,
0.532336215183988,
0.143552651314077,
-0.236365477710147,
0.0170507139204909,
-0.323501150575468,
0.380121639614995,
0.740629896191375,
-1.88382331105373,
0.659182980260069,
0.114376842601208,
0.401906316879917,
-0.731065452799436,
-0.0861959339396163,
0.460113664142630,
0.417888345006189,
-0.125908871436724,
-0.358143631079626,
-0.593233461241524,
0.729619434753147,
-0.219220433688989,
-0.871560292376898,
0.310885788273681,
0.180932035757166,
-0.531419546864519,
-0.806126446368391,
0.364183490322262,
0.126146898709647,
-1.46609177071328,
-0.148309270197018,
0.327647151332065,
0.975092075345581,
-0.110965914364808,
-0.427929622713619,
0.926929602413289,
-0.286042851201088,
0.214871365749885,
-0.435289370899985,
0.172153575376983,
-0.301000823835794,
-0.0986573187325078,
0.422630094635416,
-1.94489183640586,
0.257265299018290,
0.576983514427979,
-0.729984006073056,
-0.461589743022165,
-0.100492029384716,
-0.0995080981736341,
0.0540880260469458,
2.25964894125060,
-0.443004286231933,
0.140087721553693,
1.61219273057479,
0.453214713487382,
0.936672857893560,
-0.573842462452028,
-0.681297933043222,
0.0270635635185463,
0.654087815132377,
0.0448384967542947,
-0.313965587904027,
0.424167904600358,
1.17398605949163,
-0.350674506047800,
0.352029186398755,
0.869884489010492,
0.389722935185722,
-0.323274778464307,
0.147627303688127,
-0.559916143827590,
-0.442418202894261,
0.0543668825359143,
-0.184386988013669,
0.101244735692153,
1.87982877394752,
-0.263821934389315,
0.153524809557691,
-0.762872736582046,
0.836499963073853,
-0.419640253241109,
0.125985583002375,
-0.650394539282700,
-0.138860188005195,
0.778506988872823,
-0.744561251915475,
-0.0606596016890450,
-0.952716287131154,
0.369750715492976,
-1.31033810364236,
-0.485738319721382,
1.05392210623736,
-0.274403222352314,
-0.444474036462033,
-0.0572371652257264,
0.156024149186066,
-0.174880609350126,
-1.28068967819972,
-0.799182037406186,
-0.0438801716315010,
0.552013090737183,
0.0280908087456614,
0.419291398116970,
0.855441940537228,
-0.941374650736605,
0.780308663931055,
-0.453332560576189,
0.449311817590754,
0.268495045795692,
-0.715080506856516,
-0.887505725937704,
-0.539003697669152,
-1.04903968214054,
0.0885265362787099,
0.252249828447901,
0.848186102484038,
-0.0537667546111219,
0.607509605706407,
0.0632598073758136,
-1.30156837930925,
-0.0338350613170949,
-0.182400462967290,
-0.327830390123523,
-0.538901351144846,
-1.21432548155994,
0.256122007532466,
-0.294941920617735,
-0.501635213377260,
-0.181831460423272,
-0.371715917663472,
-0.825219377972939,
-0.737635763980555,
1.33935155207267,
-0.0644391580432347,
0.407369429920043,
-0.470652614205518,
-0.318612576881859,
-0.264371300189963,
-0.369228217038022,
-0.828665098093819,
-0.0819004148494732,
0.114679828963919,
-1.17792594241149,
-0.551884881901410,
1.13975438638123,
0.129102993219066,
-0.596636801142459,
0.378610468051297,
0.287354344311633,
-0.378869981966891,
0.763405380665792,
-0.565674920253469,
1.10310419290020,
1.03644093582946,
-0.837740266583649,
-0.132846213094489,
0.0499480175233614,
1.09437281983578,
-0.754674290190667,
1.82698996922157,
-0.430108770032647,
-0.500669373977758,
0.965022649403259,
0.00475624130195552,
0.330302437263362,
0.749773671900888,
1.40316554725705,
1.12562294175848,
-0.610553170008059,
-0.813692733526895,
-0.645863889894605,
0.627913744390521,
0.635694144435461,
-1.17772900619807,
-0.599056730032122,
-1.11430669879553,
-0.579197894819389,
-0.497848409924505,
-0.548924246237764,
0.343712512581604,
-0.232779022353296,
1.45609465262075,
0.396942851487243,
0.269653023641701,
-0.00475659915905917,
0.341557688064043,
-0.642450187800414,
0.245938816812624,
0.618417061540415,
0.0489860377690347,
-1.02559705282163,
0.187163857172850,
-0.116952052727671,
-0.434146230246575,
-0.174925443222440,
-0.254427577987106,
0.155097618139621,
0.808283479252624,
0.350067139225531,
0.169334770168395,
-0.445370211944052,
1.14616954447921,
0.243848379870159,
0.359326721506673,
0.241954122887278,
0.500977386410687,
1.50842293320871,
-0.294696533556512,
0.349216116201818,
0.987576945853425,
-0.188052471688339,
-0.426059307440036,
0.387917294045651,
0.282996439467582,
0.591039240250577,
0.256667615771490,
0.537046262249900,
-0.824778840079847,
-0.518911721356170,
-0.0471881387772933,
0.579724834481273,
-0.979784943408668,
0.692143595536312,
0.807298250173870,
0.367460764004046,
0.0484599250117224,
-1.38603672974349,
1.43422351875701,
-0.656522185690940,
0.946755353262248,
0.462002340743965,
0.0352257982165543,
-0.981639469598184,
-0.905831482328397,
-0.666295532552407,
-0.519412376629858,
-0.354929569467527,
-1.63208543064813,
-0.0788093182303681,
1.05921944508882,
0.0476311364799454,
0.124747873522382,
-0.0341962858583899,
1.47292851189527,
0.242198856140845,
0.566026892829004,
-0.366585764295998,
-0.473668420945709,
0.320440639260031,
0.259237149437898,
-0.556139145997573,
0.0175378290648093,
-0.536982829125788,
-0.170426401727425,
-0.488312150787348,
2.15092990524802,
0.274887921442251,
-0.368272507352213,
-0.676307692383438,
-1.29443245060403,
-0.697144325027278,
0.533036627073714,
-0.580850793653231,
-0.0574251280802847,
-8.64348522582356e-05,
0.512591307724137,
-0.329338787186032,
0.190413311244984,
-0.117124052682221,
-0.181972198158648,
0.533061678441765,
0.225859448734634,
-0.845015868659610,
-0.0425191324751759,
-0.189747067273405,
-0.200635371739796,
0.907755344192314,
1.01207630050168,
0.140303030652459,
1.39768277129161,
0.421378865496694,
-0.0323997276630744,
0.315987529225683,
0.158750336357101,
-2.17470709710373,
0.0192346167539255,
0.554045503380818,
-0.824942608566529,
-0.383067673883288,
0.873714072609071,
0.437666330744906,
-0.701739905862450,
-0.227441661128143,
0.644722490630255,
-0.0374802118424133,
0.688935209634657,
-0.489112990923724,
-0.0147072076663789,
1.12126860393757,
0.133363743966169,
1.46562515225788,
0.00585578498094549,
0.536482273320249,
0.674559888718263,
0.412949791205707,
1.07632490345595,
0.861872887608151,
-1.18186035773328,
0.680064479234325,
-0.161087132055022,
0.993781193208144,
-0.168506336244655,
-0.167999408830413,
0.280745224218576,
-0.244358858537275,
0.834212013271952,
-0.362956028832204,
-1.00300691575935,
-0.370554460600687,
-0.214122005802170,
-0.252968736649859,
0.183958553792836,
0.513247275413398,
-0.0983626749633036,
0.726332712202180,
-0.503824415075279,
-1.49018045750412,
-0.0563998669556663,
-0.103621616958886,
-0.508114125868734,
-0.0351984980243281,
-0.549407364192690,
0.0124126459695163,
0.589513473597223,
-1.52616855916970,
0.270704514457792,
-0.0844161310405330,
-0.860731289254664,
-0.510073718744415,
-0.240318364227162,
-0.428324680764407,
1.07808791628868,
0.230274676872401,
-0.0982338719924684,
1.08867225092385,
-0.649796887013019,
1.24016806779173,
-0.797501850683516,
-1.41322774225452,
-0.0747460269443428,
-0.508144254678382,
-1.06639959216905,
-0.732872093104402,
0.554400083135175,
-0.324069191670800,
0.892391147423323,
-0.251610281106769,
1.41553454575000,
-0.835235374239132,
-0.174347233367436,
-0.813821622565401,
0.588593496867402,
-0.548302741593412,
0.529726323700771,
0.949701139450259,
1.04583777010006,
-1.24672208626717,
-0.509520336985247,
0.122186203944477,
-0.651298781326745,
0.312951395210656,
1.33926116127959,
0.781235317482239,
0.296351246260165,
0.564292439726554,
0.202167542161221,
1.22136108158689,
0.190259302571148,
-0.348872454749821,
0.161706516852291,
-0.0805841924110986,
-0.691878151391052,
-0.898600909895965,
1.03157136947442,
-0.394213159575380,
-0.265741324087180,
0.0559859567081112,
0.701315669554015,
-1.32104847940701,
-1.89107422921769,
0.368521229486844,
-0.439243705145682,
0.176200853340205,
0.329848478059421,
-0.560283386139032,
-0.824686197083640,
-0.569330606716520,
0.250350526663301,
0.289722289989649,
-0.670576636804772,
0.816596316839734,
0.0790984350788985,
0.348280919915843,
0.227360465634249,
1.46011550705067,
0.996216718335173,
0.237188776473471,
0.296087924868715,
-0.531509353752539,
-0.318629805272420,
0.611048270506065,
-0.0742333137340584,
-0.430507550259035,
-0.0986725646404389,
-0.0137462689858721,
0.594411980389654,
-1.02866826445045,
-0.151804154733819,
0.637592561480728,
-2.72902614771552,
0.0136443567600629,
1.29308519079682,
0.157473730267907,
-0.236127655011730,
0.447310877773318,
0.595278225471603,
0.342144250269723,
0.640979155193315,
0.194307694288805,
0.478360346354416,
-0.332057397090011,
-0.0547866648385736,
-0.211324008182505,
0.0407476816359674,
1.37914800567451,
-0.993007582904499,
-0.821925310888433,
0.558314216070731,
-1.53652297587560,
0.571993741235191,
-0.912598954327318,
-1.12844275684377,
0.585990359773521,
-0.162122043616261,
0.146474188696754,
0.103420397537137,
0.262327630691351,
-0.622411688912043,
-0.173111732273746,
-0.137277817403298,
0.0214234801028077,
0.264039519616627,
0.674167059838831,
-0.378877360493175,
0.0263701716193041,
-0.582510491211071,
0.322585969021476,
0.400235761638823,
-0.637768644489957,
0.0325556523701780,
-0.372593847089658,
1.05118891512408,
-0.0277331015579809,
0.610467966817187,
0.944355132815532,
0.435133488177586,
-0.311517776407723,
0.203716782564843,
0.0838098491754691,
0.577687317069951,
0.505818976007612,
-0.871667702564016,
0.571345129629892,
0.466797511373319,
-0.299131540569981,
-1.39318007002994,
-1.43611898721835,
0.311285057409647,
0.0660399102869326,
0.545531100689973,
0.393127474528983,
-0.221732987343941,
0.239406007846004,
-0.225293317599619,
0.120834716899447,
-0.345962140345710,
-1.25535368152460,
0.0527906503323489,
-0.0832943936695232,
0.818538134777356,
-1.01026112640867,
0.0656945006748041,
0.782128866381065,
-0.923572675946431,
1.30258484753871,
0.562619739861407,
0.521281637146881,
-0.261529630983695,
-0.441292864818203,
-0.345861567902440,
-0.159385458237899,
-0.568548587476143,
-0.942245408922212,
1.14904179144915,
-1.02624065883019,
-0.575854978265360,
0.616261734894789,
0.0805108713382544,
0.536646367659199,
0.707519748488288,
-0.353729122527055,
-0.555114323755562,
2.71109967638180,
-0.618792802390859,
0.335470684693800,
0.0986668900704874,
-1.30677936704151,
-1.52383632945788,
0.389936009597668,
0.270767296087088,
0.720437775398353,
-0.0448719952286267,
1.15932489013537,
-0.876554226796533,
-1.84207550939628,
0.239681046338949,
-0.855218192905846,
0.809667984473920,
-0.831052324439521,
-0.178615621285008,
-0.816530038758962,
0.747886585056457,
-0.619161085221196,
0.199474113509134,
0.343752922684477,
-0.560215157091665,
-1.20972099261327,
-0.236662104881300,
-0.864361184640176,
-0.0722893976289918,
-0.588990500153496,
-0.128009537044799,
-0.134559508706284,
1.80910845040776,
0.780732572298000,
0.0149079445414851,
0.188058293830590,
1.13473548192440,
0.625939278612736,
0.733478206683733,
0.723988302910886,
-0.686060477105038,
0.997236903603528,
-0.804977790380563,
0.702874610725916,
0.134802989513639,
-1.31067000712454,
-0.0615024002380261,
-1.51584510939208,
0.186796355185601,
0.227978961042358,
0.670283068599130,
0.896604110198555,
-0.0881285214282718,
0.0485836721730480,
1.17986757958583,
1.10475295889105,
1.04383679150827,
0.0884686687651465,
0.520815185470596,
-0.0202317359355633,
1.14256308277570,
0.552436615244163,
-0.167054297223144,
-1.11042765305400,
-0.566599813725688,
0.115107972403402,
0.941384408304925,
-0.758339410307670,
-0.0754698968937016,
0.357903661680500,
0.472108002904527,
0.0117198453280597,
-0.828409185287274,
-0.777647337994893,
0.182604268596027,
0.251716430950903,
-0.148636304511480,
-0.926205234871482,
-0.460902747122280,
0.507525439950392,
0.653590571822232,
0.823614101025661,
-0.932790469526549,
-0.0341665504768735,
-0.100561892921448,
0.229287885143833,
0.176067551307847,
-0.318537466346391,
1.09233051311342,
1.19489369093746,
0.462411968839846,
0.183146972236485,
-0.0385469237989520,
2.68336409595404,
-0.801563286558617,
-0.230124111638916,
0.315603482626318,
0.608222058833231,
0.654092421091666,
-0.445564576289650,
-0.434968949895214,
-0.160700907108200,
1.52106641079469,
0.828703967530810,
-0.239370200747597,
0.198221829338854,
-0.106239280687561,
1.04057112189795,
-0.743286071681531,
-0.767739710234825,
-1.19126950456375,
0.745209466768881,
0.186063416524573,
-0.273593853763384,
0.394698328087377,
0.125103243411365,
0.796325577912456,
0.720818731076648,
0.752461196025433,
-0.557747493607432,
-0.448123658727900,
0.0300191290852838,
-0.0526666917752272,
-0.210962673343972,
-0.537924974311988,
0.0315569452833703,
-0.427653463894396,
0.938627294742298,
0.215479789688617,
0.189527072585233,
-0.177971032797386,
0.537899340341090,
0.0982030254421991,
-1.54370427026020,
-0.947695256314377,
-1.43453834901222,
0.0217924776850450,
-0.228132624184163,
0.403396164919772,
-0.132757138076716,
-0.570524783359814,
0.838378807204086,
-0.912750419354631,
-0.0349883786079739,
0.776964865044871,
-0.136362731694517,
-0.985759686104222,
-0.560213744752057,
-0.278374466990110,
0.629651496615089,
0.630664940417918,
0.784400187491642,
-1.21878036085087,
-0.369205533608904,
0.239485308674594,
1.01038274714939,
-0.162794366143621,
0.249726605185908,
0.0916120426571628,
0.234207671211248,
0.974631636175430,
0.410717132791052,
0.264714862590495,
-0.883244137965199,
0.693492102091132,
0.507365584339689,
-1.13028063086361,
0.692135444501270,
-0.685122479360011,
-0.248780266234545,
0.578089331217586,
-0.908514521840194,
0.252184525447938,
0.0136594186146637,
1.24798037783265,
0.529259456559949,
0.475602528286559,
-0.0304939212454056,
0.474510907676376,
0.592636540762470,
-0.196264685901421,
-0.799100896482166,
-0.0297077203591232,
-0.574140284803144,
-0.322745930587710,
1.18889830035889,
0.796230430238546,
0.283555153843561,
-0.184088429956930,
0.138724758792113,
0.339808008342292,
0.567662767511618,
0.813304256791252,
-0.217342098251563,
0.362940003221351,
-0.700475225532338,
0.618457160675893,
-0.369257359615790,
0.0358959221774787,
-0.915499484392809,
0.682690866955228,
-0.690775916987778,
0.776218924978238,
-0.0656675427813361,
-0.158525450941958,
1.16449903258305,
-0.246410949581989,
0.0269729579856741,
-0.453105332891806,
0.192312054284121,
-0.812482249410430,
0.931472055704077,
-1.06320223504856,
0.689625134972166,
-0.345736821934779,
1.56624583294028,
0.148478440494345,
0.508134853150251,
-0.649393728747244,
-0.568510617967871,
0.340976528880698,
-0.0523752144011547,
0.603590427156478,
-0.724484145325389,
0.293349357187406,
-0.405900923308835,
0.0988517969091298,
0.213996363913436,
-0.299541948694328,
-1.60556794536546,
-0.140526449407630,
-0.998740276847257,
0.644669291727221,
-0.958245426129486,
-0.387935298338993,
-1.37446875207243,
-0.443209552777811,
-0.105322648071499,
-0.696284656751740,
-1.06653042190559,
0.169969508019298,
-0.0378114453311958,
-0.734214702510717,
-1.42058072023681,
-0.617873814377858,
-1.03337619438750,
0.139410389101515,
0.812857959059800,
-0.820112149064584,
0.179003930590133,
-0.171723915066586,
-1.76080055536311,
-0.926234497593749,
0.286232017804101,
-1.77968494325065,
1.31773635868518,
-0.0552671843718566,
0.0724085468699551,
0.00818216688205478,
-0.784417291433480,
1.04414586179981,
-1.07726091783902,
0.284083328131437,
1.19277807847830,
0.643071572596647,
0.436960030227616,
-0.201318396541110,
4.28237215425542,
-2.79986746187118,
-1.13330684096481,
0.308353949057425,
-0.709947972400748,
-0.938934843822899,
-0.449567216732866,
-0.336926240418719,
0.913333998356070,
-0.356983851845435,
0.538272498208993,
0.439961871537439,
0.298279031727047,
-1.20758873422773,
0.355029735893149,
-0.144035942307342,
1.66502475061199,
-0.781243291007788,
0.467665624813396,
0.716606482945060,
0.826570641200528,
-0.493457666832022,
-0.200852138692046,
0.564026076983064,
-0.302939111406606,
0.506152165830277,
-0.781601092592407,
0.770874887095380,
0.861549353697231,
-0.120137794004725,
0.678611607296858,
-0.210547972390308,
-0.280885487165699,
-0.774210454914298,
-0.603765451865957,
-0.0536968742115756,
-0.153725381537703,
-0.0680481298548252,
1.27259428779060,
0.321753025519825,
0.520213742327202,
-0.685386833820415,
0.687252689270719,
0.111993924697506,
0.0379656527412742,
-0.0925792271893102,
-0.196244862583510,
-0.746359423972519,
1.08493536923650,
-0.00539471758792161,
-0.100859369526770,
-0.438946786435922,
1.74312589534803,
-0.197730874291610,
0.773173682118761,
-0.476280233582310,
0.574513008756223,
0.263055530484332,
-0.796522861058872,
-0.629736990668501,
-0.369774252874205,
0.244156468367887,
0.162259885286803,
-0.772556956285681,
0.373698856174501,
-0.598933182249011,
-0.312533649544507,
0.630060775390827,
1.80170120892606,
1.05819224343028,
-0.954331152897178,
-0.590737011484008,
1.00433000993693,
0.270331165535278,
-1.08011322941562,
-0.0782749120663332,
0.226381706778218,
-0.313906721580919,
0.354468981011313,
-0.570346672444770,
-0.781993361744835,
-1.26932524147874,
0.701313383693943,
0.142059047295689,
-0.113603939795456,
0.281282070603088,
0.223346617682012,
-0.987852816552158,
-0.142239888817174,
-0.254869441272224,
1.14351402983351,
-0.329554779120496,
-1.33602021407367,
-0.648637558663720,
-0.474816822795701,
-0.00846851020557969,
0.596383639547658,
-0.161697652683522,
0.242808562889951,
0.337206465864213,
1.28715146764282,
0.423070926195041,
-0.377740575894224,
0.661686838415236,
-0.0904057603298425,
-0.229605421938496,
1.47171187506217,
0.518387938562221,
-0.00136495844745741,
1.06185773724527,
0.354755431247946,
-0.710691965675407,
-0.946373316795169,
-0.436195684669097,
0.393342362466620,
-0.267494378680869,
0.267489749564676,
0.143588827699123,
0.312475681265192,
0.0662466098412488,
-0.215558565197976,
0.927438841801739,
0.779199423794300,
0.508822810310904,
-0.783498970257094,
0.361292335379913,
-0.555615906636138,
0.840539690404160,
0.0361068295743654,
-1.30747121441669,
0.0986710910864435,
0.389671342040896,
-0.662999906248051,
-0.685490240294298,
-0.834031215768013,
-1.03207598500672,
-0.0942545424535081,
0.0800174562267317,
-0.0603155798481716,
-0.404393715346522,
-0.0690982106789887,
-0.825849859836189,
-0.856522528567397,
-0.644829320191680,
-0.979033059134711,
0.0409942987869122,
0.0703561367893933,
-0.660403019654929,
0.159368592907596,
0.249972400111835,
0.223777662728562,
-0.194618454415799,
0.466479833378743,
0.631813214615267,
0.119473474313700,
0.849579385739874,
0.158699639776409,
0.0518296389601003,
-0.309126569354807,
0.838390931403538,
-1.19315485337570,
0.138535446170661,
0.220418085857277,
-0.337300455549995,
0.103634995809191,
-0.369725705745232,
-0.731225125692001,
0.387060744777791,
0.702577914268961,
0.460869835813955,
-0.362784015981520,
-0.662158997305527,
-0.0440748648478318,
-0.680124528244792,
0.568594182647739,
0.261618528511630,
-0.469807590048747,
-0.305738705003369,
-0.229466700022859,
-0.193685121851132,
-0.796299240471259,
0.0958157209186025,
0.333538743634290,
0.534371603474756,
1.08217074449886,
0.121862779238468,
0.331912988017773,
0.122385106178980,
0.172708527306546,
0.523209344776652,
0.750390547334427,
-0.0204429531578566,
-0.599002731700666,
0.658536065280542,
0.774970874269923,
-1.53795117074724,
0.963646987907063,
-1.38662509065815,
1.08381047920906,
-0.0229926598960252,
-0.669356540787196,
0.0172145336049871,
-0.588602903772007,
0.672406526383263,
-0.565242697695343,
0.600267572357431,
0.176244671179374,
0.450569107485003,
0.789251333380348,
0.514144464372553,
1.01306238220798,
0.165357660848663,
-0.227466509041693,
-0.340793833121657,
-0.549348299888972,
-0.253129367509019,
-0.373701100019903,
-0.388508771932521,
-0.0220942213305567,
-0.0970909253581268,
-0.589113031170158,
0.145045674947882,
-0.496787133945170,
-0.373836276751933,
-0.397355039367298,
0.417230375401544,
0.139046725237455,
-0.0472354748462716,
0.337085292800452,
-1.06507143259209,
-0.0291564736306204,
-0.119442961397560,
-1.09052897992687,
0.100757917820256,
-0.662356635218559,
-0.969775967435697,
-0.320960197316059,
1.30874787924798,
-0.398357111145337,
-0.443804427722444,
-0.155454773010209,
0.691377110984098,
1.35339090855760,
-1.04029472104374,
0.393258925251462,
-0.550262085758110,
0.00849334182794914,
-0.817993460670306,
0.606452552479863,
-0.841733815856736,
-0.547893733220618,
-0.512256093884357,
0.898295344720053,
-0.826893694000512,
0.0820831689364020,
0.828003122096861,
-0.0581709644236299,
1.41322301679678,
0.426769215532508,
-0.0477599393990679,
0.903794344348633,
-0.0137416007622425,
-0.777372964455495,
0.778440578862025,
-0.445016269122717,
0.925252666788964,
-0.632145072775520,
1.26781938851416,
0.524031582183714,
-1.24978340168756,
-0.470948002559817,
-0.0425982393936835,
-0.929873493787811,
1.10183900434762,
-0.137579261147742,
-0.752314989110079,
0.717530100725708,
-1.32751078381155,
-0.579896071638667,
-0.115709792316377,
-0.843176159160919,
1.38503662210839,
-0.800719680392156,
0.174129162020916,
-0.105370086204581,
-1.60722958217833,
-1.56248483310280,
-0.532157202258797,
-0.656662588252785,
0.0938859384977856,
0.0705956499399962,
-0.669027418925906,
-0.222403985554782,
0.623131693365723,
0.115667647407850,
0.341743439624421,
-0.143268176152213,
-0.381042410107246,
0.106757453026069,
-0.739981377633133,
0.871983062414271,
-0.848522420008386,
-0.931228256436456,
-1.11913058314069,
0.587260447883805,
0.156711120526947,
0.0968249984672157,
1.12931465203744,
-0.580411616660302,
0.332494026903615,
0.257175061731325,
-0.700029145569357,
-0.256679953488706,
-0.630055037927597,
-0.228927505354152,
1.72198223467732,
0.492312667066840,
2.10193863047215,
0.230520157301362,
-0.305946506467974,
0.252308362701982,
0.484587985141189,
0.341520299569940,
-0.157876410203280,
0.695836655885002,
-0.0796092032485816,
1.18826480586999,
1.38041877231733,
0.138155768182761,
1.44855763410772,
0.926107529060826,
-0.754095367344931,
-0.739510176147727,
-0.198162202890030,
-0.135006665006881,
-0.379805349197457,
0.573334160153994,
-0.525954333856590,
1.53233080111548,
-0.781658729375682,
0.0791179809379899,
0.140718608047654,
0.945559963041693,
0.146386611961363,
1.50218874439505,
0.0229472155706490,
-0.353651878828622,
0.0118499208414249,
0.799982365737174,
0.521910634702106,
0.749091984007410,
0.0101116950821011,
-0.288418490046857,
-0.569010316822351,
0.667774218440367,
0.975071410415677,
0.617779158396996,
-0.978898592244807,
0.517602716623222,
-0.521621624420356,
0.487897886688784,
0.126705567208526,
0.452594977157411,
0.787314093845178,
0.191729636319215,
-0.0165378298034913,
0.685210559040622,
1.17190493710313,
-0.930198842475491,
0.209873794139403,
0.520572634061945,
-0.790631357849007,
-0.799069168792542,
0.349868374248988,
0.0700448945781956,
-0.670637494768197,
0.355157963223004,
-0.569083749125613,
-0.442274974756422,
1.05087880575179,
-0.0262388661074661,
-0.00130304470252413,
-0.0100761238880625,
-0.552202520451217,
-0.446359869348894,
-1.41224646708839,
-0.552648692599828,
-0.377970000618840,
-1.25875115287135,
-1.05606281148089,
-0.126294254576380,
-0.780516106969495,
0.592732314058581,
-0.390038279804195,
0.405651729461978,
-0.503994990200144,
-0.977624806029665,
0.536465152983893,
0.394682630704171,
-1.12019590799679,
-0.698631999189102,
-0.283093829289643,
1.01025658512450,
0.689192582818590,
-0.961315205416206,
0.319650043612410,
0.815698102906087,
0.416934807392529,
0.0975100945994396,
1.02422776288786,
-1.93926465581443,
0.188668133229481,
0.711299699316907,
-1.12645243177167,
0.513333359720000,
-0.968960788331655,
0.0903096307004439,
1.26438927449034,
-0.117426699982042,
-0.620202479254383,
0.0852166400583581,
0.948620442545924,
-0.230524933939436,
0.989851090316271,
-0.603139503685311,
0.664486808813084,
-0.0706761870693713,
-0.0994013290959023,
1.22925795983311,
0.713751672695706,
0.974094149337496,
-0.0890060430485604,
-0.649982585280290,
-0.660879545728003,
-0.296054668735424,
0.471502433775991,
-0.0299284383340911,
-0.170932426897457,
0.0758513624503957,
-0.425854828570353,
0.100507245752136,
-0.323709325550863,
0.0486370494926868,
-0.311946812412204,
0.0865988499284404,
-0.190216667367251,
-0.202974183544976,
-0.621876702801555,
0.126837412125288,
-0.248797240926274,
0.404442698534358,
-0.0883887205302055,
1.20818546363748,
0.110563971106209,
0.870884034611522,
-0.619290944579141,
0.0449605162809213,
-0.00629035726761829,
-0.218259752517286,
0.458106703016222,
1.59608150413828,
1.26171882262750,
-0.191780006181687,
-0.211870097894333,
-0.213540029926577,
-0.153617066653928,
0.103986151754573,
-0.306115179175431,
0.682788806600139,
0.618320079063013,
-0.363537868390244,
1.02392975886099,
-0.473527677500988,
0.421915629934517,
-0.240218498337974,
-0.994794635460267,
-0.114358808084166,
-0.00101881362610758,
-0.177143435594175,
-0.488062798032730,
0.522643360243126,
-0.306191262711855,
-1.04773763132663,
-0.239021449001165,
0.598053432536224,
-0.637808745848705,
0.436476394032088,
0.103203076594698,
-0.657924319863197,
1.21205213569464,
-0.623153475586559,
0.411770996449945,
0.676328829887000,
-0.895983034767830,
-0.0546345224854737,
-0.471453897443801,
1.29073865292767,
0.165130332961497,
-1.38027742654359,
0.198598579233153,
-0.286919026103746,
-0.691068263067364,
-0.598993258616976,
2.38185140643379,
-0.0240740832504273,
-0.363260118288565,
0.445602662713900,
-0.0401689986565068,
0.593653199591208,
0.0841510305600087,
-1.17969188389409,
0.586377087204451,
0.273386185784887,
-0.707422345817700,
-0.134000296809383,
-0.128772304888636,
-1.71739696261073,
0.285442308306161,
-1.43986007417132,
-0.451738947367930,
-0.366967255805199,
-0.152450995265983,
1.40005482266870,
-0.443753206111354,
0.840640351721050,
0.302315726975722,
-0.897847737069717,
1.20381670422993,
1.48304012215951,
-0.333831553008937,
-0.585661538911047,
-0.394795580127834,
-0.620599928672440,
0.473439092273692,
1.44004114543221,
0.0499475946323808,
-1.37499350467811,
-0.571054831652060,
-0.185096954599447,
0.0821293289559704,
-1.09767445351760,
0.376969329673937,
1.04031705111331,
-0.259122445930255,
-1.02590260732769,
0.541909328847188,
-0.328314619520811,
0.529764588531961,
0.675144857316171,
-0.539249132084258,
-0.000482743846247072,
-0.430635153665472,
0.612983576758142,
0.521589434633984,
-0.639178232138079,
0.221016174364568,
0.171104090793869,
0.438123609419122,
-0.128477992636687,
0.482443697098335,
1.06056770108682,
1.51402688050214,
-1.18563607857097,
0.0488505394866987,
0.644254526875930,
0.439773527451919,
-1.24581632419164,
0.596858083811866,
0.187147088139418,
-0.192063224934357,
-0.0730211421006644,
-0.174446671750371,
-1.43969526460445,
1.85120707630644,
-0.886671006151887,
-0.239575099054914,
0.537391205370504,
-0.221596570263239,
-0.731246076757803,
-0.477669022012216,
0.926048526758363,
0.521415208739942,
-0.910181739747191,
-0.484466512147907,
1.22695176214143,
0.909833139478829,
0.0466964970546902,
0.932083375365204,
0.950524677629303,
-0.603611564656879,
-0.194040496896777,
0.0981213219664365,
0.290742481825882,
-0.0758619206808517,
0.126106714944021,
-0.892880000245627,
-0.354401225454231,
0.167675404316214,
-0.837729339789926,
0.783032897538819,
-0.653106269975203,
-1.25538221579050,
-0.0427157900809171,
1.69750966128259,
1.03482928038693,
1.28638069505645,
0.845512049831548,
-0.460237111431608,
1.02322136078755,
-1.56143165731007,
-0.605645673224988,
1.23172296129809,
0.363921058990112,
-0.859864869000709,
0.155346380831730,
-0.920951439204321,
0.861170844927738,
0.0800632261516626,
-0.00141738174448521,
-0.0386759544696330,
1.60201914870756,
0.549801849106529,
0.720680829411155,
-1.10851654468889,
0.950712070975885,
0.477257694078724,
-0.270191041410779,
-1.60920817539078,
-0.391479960093947,
-0.830198459620514,
0.614189442783028,
-0.703824790205754,
-0.431698104451246,
-0.747717850505769,
0.134424380029011,
-0.431548739334312,
1.38352773693417,
-0.500855551813866,
-0.893323615002587,
0.907008774456243,
0.731081142879032,
0.309593790554635,
-0.112037873184857,
0.475852140056027,
0.136009578814310,
0.00926013655054016,
0.0481842617363028,
0.107967258035452,
-0.896148913830005,
0.456070443898797,
-0.725227297906939,
0.141967198212024,
0.186944778870152,
-1.20916461565815,
0.268527457449011,
-0.0248019403317640,
0.199993647638879,
-0.707329789089415,
-0.0224708457460007,
0.392570527057823,
0.200318111356124,
-0.601267028355954,
0.902313740683300,
2.08882033956069,
0.786513402274957,
0.176094662096167,
-0.294648845548167,
0.0125843429609134,
-0.259933020585128,
-0.123796316783091,
-0.430502501082477,
-0.780794769338933,
-0.459650129810290,
0.936597261730555,
-0.670219148866368,
0.597644889985146,
0.594407551649560,
-0.0732484783864574,
1.66988858615699,
1.00282789761272,
1.22158771599626,
1.66918890443752,
-0.371158027193364,
0.521447061893544,
-0.306478604360144,
-0.653872466586928,
0.743418210093435,
0.953842193060886,
-1.36850053049932,
0.648263173117875,
-0.676836110069870,
-1.13966675018320,
-0.372885408118848,
0.442655745066240,
-0.155314368967384,
1.01938993479165,
0.472566058321813,
-0.445286532488983,
-0.913544143656565,
0.555238501245807,
-0.304055723176753,
-0.981569133890329,
-0.0151034301659422,
-0.0358460066821225,
-0.300770988503725,
0.974473188794299,
-0.156474010677053,
0.230267687384645,
-0.186077002441107,
-0.446448839193808,
0.865220864743695,
-0.415302244303550,
0.470162372300200,
0.0139575393381904,
-0.618754281800706,
1.19263317962914,
0.374554565321232,
-0.985000288441124,
0.604410125810972,
1.46741754817549,
-0.552109091084903,
0.844480495378486,
-1.18517812434637,
0.668264420548808,
0.253089374296672,
0.929844415265941,
0.328650123575095,
-0.622316345246107,
-1.02136645276748,
-0.235197212490386,
-0.0627603997881872,
0.275031687605157,
0.0161230589817263,
-1.30951788596338,
-0.684631676428936,
-0.729211867473355,
-0.470183130799549,
0.504470447156201,
0.389192795985986,
0.133851316781937,
0.728713834230604,
0.230502117785931,
-0.0361147314965747,
-1.32787104725711,
0.703106851021794,
-0.523695888549725,
-0.873739453459332,
0.0793172568547274,
0.284745143146738,
-0.427951785438305,
-0.250730800835670,
0.182063847668325,
-0.602563005225644,
0.101813170480375,
-0.122709891299906,
0.626832324825379,
-0.145940999544721,
-0.959726185436528,
0.604308751427944,
-0.257240511920074,
-0.393485301605687,
-1.56485834590394,
-0.364850909712173,
0.000800878371623722,
1.05010537667304,
-0.0128224336255966,
-0.691500936544596,
0.905209100854388,
-0.733082288243982,
-1.25343430105795,
0.133501700838965,
0.254281109645272,
-1.07981566366456,
-0.561750799861421,
0.636746455747813,
-0.688951368517436,
-0.0169202414415142,
0.418275353660639,
1.50179556956841,
0.111148669773025,
1.37330848579263,
-1.54604917472252,
-1.23175973181728,
-1.60948549582011,
0.826453598164192,
0.137186908678730,
0.656060500454204,
-0.710564699305191,
-0.423037799157388,
-0.930305100537666,
1.17867214797658,
0.150374109271753,
0.630349259789541,
0.642936553986421,
1.31153316257208,
0.645128394956997,
-0.0105828356444097,
-0.418583026208787,
0.383137528509182,
0.735111507174293,
0.359345948937183,
-1.03062688883851,
-0.814954731798217,
-0.0449844963992843,
0.472730993308040,
-0.121862603477918,
0.906786495075677,
0.516173352293870,
-0.923704881307081,
0.888149657838191,
-0.165660348316765,
0.0425071875525164,
0.235372735108375,
0.685960488618840,
-0.514852724665451,
0.764020933249150,
0.536089285233636,
0.774101506971586,
0.946120623158257,
-1.09232176491947,
-0.424560239880674,
-0.345967524068496,
0.186582503139315,
0.578196427045961,
-0.588835087518095,
-0.453995998374710,
0.349934491314070,
1.12815002302500,
0.127166979143607,
-0.0367952701202888,
-1.82650698684497,
-0.0282736119966298,
-4.64049373382748e-05,
1.78522034746675,
1.49019725575093,
-0.222148984895673,
0.208949986993668,
0.0642295552952891,
0.914340044752504,
0.916012095632804,
1.18154147168463,
0.803679412653536,
-0.831028729638679,
-0.624482321786420,
0.334521295586068,
1.18719466234380,
0.509898851591640,
0.398850165394124,
1.34109743433270,
-0.449445164273425,
-0.405761402640294,
-0.559455930605012,
0.507382177542115,
-0.597573360935712,
0.829108208522086,
1.00523796547265,
0.726379847973487,
-1.02360033482523,
0.522492616155381,
0.499892807257676,
-0.328233481046471,
0.0458962122609580,
-0.487430446058860,
-0.322843922186944,
0.418409199826042,
-0.000650306490352826,
-0.124376401211321,
-0.786790873756494,
-1.15245642564669,
-0.709157371373077,
-0.727451573059109,
1.13312103645050,
0.661727883413126,
-1.03094860631508,
-1.70382747517141,
-0.429610371578471,
-0.0661093118137931,
-0.843896423054303,
-0.000527079737005293,
1.61908670274575,
-1.20093669992240,
-1.72287015388367,
-0.756908859738077,
1.56935229755188,
-0.0953001598819682,
0.501174932964259,
0.332969496195490,
1.38738449450756,
-0.142096483170600,
-0.142187199247190,
0.527047580814375,
-1.12343005634070,
0.372051804672213,
-0.344516855465041,
0.0488284170283702,
-1.03308156715002,
-0.995643481542819,
-0.240326779599886,
-1.55003916404881,
-0.370947601639551,
0.209518649491437,
1.02513348766260,
0.799232850048466,
0.107580534452163,
-0.0971568802781792,
-0.656812738858378,
-0.121774044652454,
-0.522918459582637,
-0.837291965845820,
0.734281604481706,
-0.664706841385085,
-0.852678384414174,
0.891170037068649,
-0.218063511303781,
0.161561803950714,
0.866269905142061,
-0.548956315927188,
-0.284769578775987,
-0.244177869848966,
-0.291855328340089,
-0.512150614700271,
-0.253266338648292,
-0.172121277375337,
-1.02426982594537,
-0.859288119426001,
0.126727445509304,
-0.0223520567061240,
0.447367168975785,
0.889302459030980,
1.38482200552996,
0.500091162401523,
-1.34841918991856,
-0.578848133963848,
-0.727592030459978,
0.629695792370890,
0.127259479493529,
-0.388834568223380,
0.151006282297351,
1.70079573682567,
0.113456298259238,
0.804391665859431,
-0.814798172201994,
-0.621656742706769,
-0.873611257262142,
1.02172141356319,
-1.23881119878450,
-0.629999602123349,
0.335317615911214,
-0.848174816430194,
-0.915563671931102,
0.642110670733187,
-0.00736932906126424,
-0.305160699605812,
-1.18132644657904,
0.862306584260566,
0.147731720436031,
0.340538733923890,
-0.412187251291118,
0.0690625987415377,
-0.00791540842436311,
-0.511932930192541,
-0.663607678895031,
0.0760838617489682,
0.415825098557350,
2.07379175776908,
-0.144930503943898,
-0.936761354635241,
0.00431005685538111,
-1.07250466977357,
0.141032621035238,
0.341505538948912,
0.385782836528109,
-0.678460086459322,
-0.154380480429321,
-0.621508908343522,
0.511606945892559,
-0.245907291962321,
0.161228795656662,
0.462338794458645,
-0.628615071866170,
-0.649789277172256,
-0.0143184024173817,
-0.769206623983826,
-1.35712832074731,
0.826245920559151,
0.358013063672551,
0.422360711025681,
-0.323400637268972,
-0.820966792290777,
0.328372154494491,
-0.0771008256376516,
-0.319567253644668,
-2.26898980166122,
0.0600129601199551,
-0.523496248670788,
-0.112307904178601,
-0.459297751534406,
0.465421077644936,
-1.34568235197895,
0.267009231242503,
1.47759355232020,
-0.0866190278571089,
-1.13943837542017,
1.18599391043796,
-0.499667440949629,
0.945429697548938,
0.584604261510338,
0.0392432784310560,
1.13547154884346,
-0.794646509819531,
1.08424783831065,
0.0228012551244593,
-0.739974875082552,
1.26499116259536,
-0.153327987150935,
0.586122150758848,
0.489947534327709,
1.08502074650586,
-0.770944967426529,
1.40470193868995,
0.184955187237168,
-0.479568583570158,
0.395140013721309,
-0.730484931625000,
-5.63724171800821,
2.97057007445537,
-6.18420263166279,
-0.127138809790832,
-0.310649675529087,
-1.35376231199965,
0.518869790287659,
-0.488722099535743,
-0.0663933888660460,
-0.153986191240201,
-0.143727070209359,
-0.889693640203243,
-0.636197656560127,
1.22966424069275,
0.0935185434958721,
-1.13834240774638,
-0.945236041196773,
-0.600168149200553,
-1.59213286851829,
0.229329846461355,
0.677388275481112,
-0.736284038450625,
-0.291458654191112,
-0.551004632243376,
-1.27500985610214,
-0.409270152374599,
0.699689788635530,
-0.491259006603785,
-0.604509564236742,
-0.518733117794688,
-1.05602695914431,
0.285205856120478,
-0.156420031473159,
-0.324184888632729,
0.268120681901834,
0.860198631537105,
1.31016229302350,
0.540200378760381,
1.06330954041709,
1.45211382685945,
0.307957205533988,
1.92359082120192,
0.166718737252187,
-0.0967959332503470,
0.909048790984744,
-0.0569117408733245,
0.169026623060358,
0.363747919817041,
0.513999165441065,
-0.990587918032874,
-0.251213392239487,
-0.629096736240020,
-0.416740644905278,
-0.681840429385328,
-0.377677015209164,
0.0377545021968419,
0.161881939740812,
1.49672666213648,
0.298537020321030,
-0.516803788151092,
0.900387122119251,
-0.480811448483718,
-0.543401346940608,
0.266529506419662,
1.08472636709450,
-0.589642654278581,
-0.257380312473852,
-0.367847025934413,
1.31557346555930,
0.285130068913799,
0.634252407227254,
0.568769699152174,
0.639901707054864,
0.0994500063541580,
-0.305647690650758,
0.312044612543693,
-0.677425173403669,
0.707060547621838,
1.63532950402235,
0.453707683553236,
0.206299075228993,
1.02991361258276,
-0.629819195839959,
0.600291110643435,
0.677860830167587,
0.185990426594553,
0.702970355017886,
-0.381183720071183,
-0.547982746037312,
-1.30160759586831,
-0.802246519859043,
1.25087709253505,
0.468558743685833,
0.426169098520563,
-0.644648307172070,
-0.211299502896019,
-0.321963671694898,
0.861457692534204,
-1.51337812910777,
-0.502593335088300,
-0.192115584685518,
-1.31069926371294,
-0.286817962055942,
-0.208865517146533,
0.975733999822816,
1.49915708714138,
1.18776585397599,
0.296600123404774,
-1.16675900391586,
-0.0193492076057945,
-0.872355836121505,
-1.31150240953373,
-0.00913187574216395,
-0.490181039784402,
-0.903540088514259,
0.672804235882156,
0.350329812870528,
-0.00788022013430877,
0.557312943685426,
0.604393004995405,
-0.520198257424897,
-0.561395908362475,
-0.637491748475577,
-0.328367778861412,
1.20662868067712,
-1.07047408603297,
0.788429744567967,
-0.402011201263132,
0.227842214240675,
0.968772072758591,
-0.496459230924522,
-0.389842830952974,
0.450153790701695,
-0.336490691234105,
-0.161533429602974,
0.260158470101312,
-0.0866694413593668,
0.949859759258602,
0.577394338196024,
-0.762032284245856,
-0.146641500803991,
-0.0848342466622287,
-0.00605603839339579,
-1.76029508944326,
0.252795135530493,
-0.228776008037800,
-0.630481093776840,
-0.0943073974360908,
-1.77892907860193,
-0.572566568063919,
0.0981963751343107,
0.414873012907029,
0.611477514127773,
-0.172106037747445,
-0.120221454970389,
-0.787142163209179,
-1.18658876494298,
-0.524359117222970,
0.158318862361472,
0.0998939244614596,
0.466699690466959,
-0.0812131831666333,
0.824190255251019,
0.172205824395010,
0.805186203467128,
-0.000539827919220707,
-1.08394495944740,
-0.139363748806559,
-0.535890217821743,
-0.480021899820843,
-0.834870610582851,
-0.311855345561047,
0.0474315658683523,
0.465505303613771,
-0.313410302110480,
0.0181862353844721,
-0.975958678094645,
0.727628413353363,
0.590560543503705,
1.12692303370160,
-0.674072939530256,
0.458051532943516,
0.526149550894751,
0.100142939877426,
-1.21070154070196,
-0.522530281855828,
-0.783679829681267,
-0.130231312990151,
0.174073324115131,
-0.100002076350485,
-0.750959568433909,
0.486985600480898,
0.124500028701379,
-0.0890835202934382,
0.426240677230794,
0.685424630864612,
-0.388265492977881,
0.597959223721023,
-0.824385057204677,
-1.22628700590496,
-1.05863909500808,
0.196955852996569,
0.537404043496009,
0.172697498781377,
-0.687803330187069,
0.00160806159672843,
-0.169783378777412,
-0.642277938276695,
0.530938727707426,
0.836559368300582,
-0.958684807380133,
-0.305008167912962,
-1.46315998338917,
-0.338319970968754,
-0.852883559103144,
0.450822661200536,
-1.20749913828009,
-0.211382332023230,
-0.165814086868311,
2.02636454385643,
0.663841894611095,
-0.837654323664606,
0.727970969453376,
-0.392607714792414,
0.154550614581856,
-1.53051927010109,
-0.985218803400409,
0.687209046402034,
-0.639345027468989,
-0.378545555567234,
-0.398239213622006,
0.524151857655733,
-0.285833411999930,
-0.292128045732096,
1.01786766030522,
-0.929845977939437,
-0.325114521562537,
0.0100338950638771,
0.336705998247398,
-0.432807452808237,
0.177707374925889,
-1.19799684995499,
0.421025828673741,
0.0635210671876445,
-0.800285176402504,
-0.381218932612693,
-0.498877541217618,
-1.21092015338200,
1.29472451123544,
-0.236198163179751,
-0.0437510138813550,
-0.258811094923608,
0.489651410698664,
-1.50011207587370,
-0.495024516583558,
-0.105323575328845,
-0.322854395747100,
0.909661296113970,
-0.244178149496124,
0.455668494933594,
-0.894599662555669,
-1.06835178534015,
0.00743252758845305,
-0.253119882803698,
-1.22906619824400,
-0.156024520858291,
-0.226538988770493,
0.155716280865030,
0.580740228270959,
1.29820064117706,
-0.480486925544935,
0.547770762268481,
-0.797099817589627,
0.721083304394561,
1.27982425658648,
-0.247038516269086,
-0.417632502464465,
0.0912362386853055,
0.219524492221540,
0.688218762467961,
0.0635099952679261,
0.212686179379736,
-0.796475019007790,
0.930555604199441,
0.708086851049755,
0.341185110133113,
0.0150712380944655,
-0.178540399313903,
-0.0608052607673571,
-0.657207592294761,
-1.11408821604467,
-0.336501012451000,
-0.384482209562476,
-1.32104305330134,
0.0892555435037875,
-0.108354212366504,
-0.937805428776606,
0.909040587861712,
-1.06717199312901,
-0.429696183925454,
0.613359690730098,
0.233972159807389,
1.69549424832471,
-0.183504738571559,
0.535232916703497,
-1.50307699273408,
-0.718588237856559,
0.0614268434733594,
-0.316309652645748,
-0.950073824416489,
-0.201915273303271,
-0.120519630690460,
0.0525980411549034,
-0.0434097640834226,
1.09186093114014,
1.05652261503172,
0.496749582202807,
-0.958683092839179,
0.118093214476505,
-0.446686552144828,
-0.675616317545929,
0.215520773257791,
0.379941043799511,
0.343411578479999,
-0.578080269539764,
-0.889763584940232,
-0.492562568828387,
0.0123101253685213,
-0.823869686620133,
-0.146920061722556,
0.538949919472035,
0.557792173384406,
-1.06232432511036,
-0.0915131511023621,
0.914901702629122,
0.258185058362142,
0.115542915430403,
0.416577128757276,
-0.699815868614214,
0.215445255902531,
-0.723318202099882,
-1.04703639794081,
-0.0920044647981777,
-0.563927895715045,
-0.274082346037344,
0.256301302738811,
-0.315627337091755,
0.613788526716471,
0.621550775254444,
-0.185132984718737,
-1.42014480954068,
0.363546208968146,
-0.902593116791481,
-0.282137971272811,
0.221362654125814,
-1.02532611566759,
-0.193918952661122,
-1.03433857361598,
1.85472428899699,
-0.421178742829805,
0.456291969282987,
-0.00704566330818485,
1.43277538606135,
0.184754646479347,
0.561526282240225,
-0.472540885953412,
0.965629097258227,
-0.463068456709233,
-0.437741473093546,
0.655249388722165,
0.872761411603762,
0.660243054059932,
0.00722208357887703,
-0.639955232550915,
-0.293213510399629,
0.106509336030337,
0.0166780809829523,
-1.83366513150108,
0.366174042488982,
-1.61028785469901,
-0.532438972903770,
0.0177512312958274,
-0.323485068898735,
-0.461100402553172,
-0.218740296957176,
-0.0151147572021959,
1.32238141690564,
0.00470032593027816,
0.228373758894961,
-0.429310242269005,
0.00264475839173545,
-0.483518810433867,
-0.0926213408075558,
0.420561563992154,
0.143371166545064,
0.483818136682402,
0.00305177455152462,
-0.450257646348015,
-0.0918629411954799,
0.664571618274890,
-0.0186576692195100,
1.06933377333573,
-0.348333909209331,
1.42702953645395,
0.715562116075265,
-0.246859152108697,
-1.02737640651042,
0.418234500493477,
-0.223350649989095,
0.993008596271655,
-0.0695291779676105,
0.260363899070012,
-1.89421321569770,
-1.11595460655849,
-0.00874909517246890,
-1.33821686725641,
0.0182142183901903,
0.516322526129931,
0.970135652271777,
0.919917753056812,
-0.152006085662848,
0.0624028189987488,
-1.30846385717391,
-2.05914566696240,
0.156716541819862,
0.322813455882200,
0.0347931496415560,
-0.724181267672478,
0.716273756602799,
-0.686257744090211,
1.02193320292959,
-1.04586804026336,
1.34234203854182,
-0.358397280703254,
-0.134564503189780,
0.555346718634617,
1.24334911181417,
-1.34337987606413,
-0.316101069524137,
0.442336540157584,
1.90480758364356,
-0.580978478110451,
-0.226653633559994,
-0.0113873907635708,
0.800959488993808,
0.272996329083745,
0.428054428884390,
0.837119802968640,
0.328511245144226,
-0.726998650576327,
0.0698479178180041,
-1.15442842976608,
0.357304055664283,
0.508409993957534,
1.54662176537326,
0.533407641998123,
0.408593952061130,
-1.33128782946117,
0.858168338718212,
0.749556443896183,
0.154121913665382,
-0.120104077734915,
-0.260710530364924,
1.32800123020635,
-0.0376417785509395,
0.245739607353102,
0.131586185430642,
0.0940167531374324,
-0.832104218712054,
1.02366299899684,
-0.330964305120471,
-0.718821900093083,
0.185558383602912,
-0.874426135218138,
0.312107103534487,
0.134384531734913,
-0.727077570221265,
-1.09066833377967,
-1.12807289610911,
-1.00697354565229,
0.121164124279021,
-0.0866330271489090,
0.462935175544729,
0.684570764286820,
-0.579639111727712,
0.140971063501220,
-0.588793688771967,
0.611511143182586,
-0.440070435589870,
-0.397242299505883,
-1.35205607420482,
-0.737340330676476,
-0.766892757274991,
-0.480693494528175,
1.14500496265776,
-0.0775057035950652,
-0.712203254254897,
0.265005820253399,
-0.797544459093274,
0.130339248354136,
-1.42343048715332,
0.0327443073727991,
0.374080992899915,
1.77188325110316,
-0.564457628841532,
-0.779277967482078,
-0.457598962709339,
-0.244654221785596,
-0.259056721956066,
-1.42108653443463,
0.753998226554443,
-0.610677371627894,
1.34745304210102,
-0.135248332606662,
-1.05471003724041,
0.591637481417888,
0.0888395933040324,
-1.35997454389438,
-0.999213830392438,
-0.862617848783687,
1.10175624749425,
-0.152790661883238,
0.102386066431424,
0.0937444570304681,
0.241249630163848,
-0.167025992956708,
-1.34482145469758,
0.831293470508302,
-0.521585685057374,
-0.698300637042866,
0.227045061510449,
1.00191846769822,
-0.432672881930226,
-1.27167783441607,
0.432854964529939,
-0.313408428731717,
0.630610648571032,
0.534602303854724,
-0.0317128167793739,
-0.542635063873764,
-1.35710395551039,
-0.339714616584324,
1.18584121707717,
-0.755531406908226,
-1.35521517057986,
0.147268342585900,
0.473989732979067,
-0.0897740369875904,
0.359768373722866,
-0.118161959737766,
-0.838336105728282,
-0.754531320880564,
0.273386667847740,
0.428128256234898,
1.56529048031437,
0.203129063904328,
0.306690324476844,
0.212496756051567,
-2.03464875029556,
1.03488822212519,
-0.233328480614207,
0.636199267905255,
-0.584705883213923,
-0.0232767010138285,
0.540252877838102,
-0.575609142224153,
-0.571482936050689,
0.972462932495000,
0.831836994061957,
0.679836891849102,
-0.390406181375471,
-0.462930645102686,
-0.898402071638771,
-0.143943928333113,
-0.304526100407761,
-0.325938224119841,
-0.219983903991259,
1.09429639075299,
0.374774404699882,
0.988761294970449,
0.340145812692329,
-0.115472292341814,
-1.71473068032821,
-0.143019326982504,
0.834891809533110,
-0.639750210722702,
-0.581738717159320,
0.788755209594377,
0.505248688659938,
-0.580367619003413,
0.437126671741173,
0.00418212590329316,
0.241933397073329,
-0.175243727344553,
0.338772008609935,
-0.187946858616027,
0.317923605034385,
-0.516751439763297,
-0.906629012945638,
0.400181375554662,
1.22429345894724,
-0.808427555848875,
-1.40507667069910,
0.427183849901311,
0.120807673932484,
0.183731407060972,
-0.313697825599619,
-0.152264353284459,
1.33983696394011,
0.181648512210578,
-1.88457678152455,
-0.947844320288280,
0.0914546365587166,
0.139185225122621,
-0.564344269312136,
0.380914235810088,
0.411375736024968,
0.0488862129901942,
1.05361772032378,
0.0407591071280272,
0.412901394862494,
0.859285867263162,
0.110485354865872,
-0.442779083869385,
0.857777456337257,
-0.331937265366627,
1.21713488070600,
-1.03613561265645,
0.910427526533115,
-1.10485046308709,
0.962154827229745,
0.766613859637429,
-0.421733994209406,
0.513220476384909,
-0.736384915931766,
-0.321855269823903,
0.268918697978041,
0.904188761301786,
-1.15756360289500,
0.235212691496911,
0.819645279377106,
-0.186658054199391,
0.0221063063653861,
0.544981953854582,
0.495111975765135,
0.215854878226004,
0.489362526968385,
-0.518696695350897,
0.00811080591665584,
-0.467720876291967,
-0.540409963285351,
1.03740044535741,
-1.04866981560539,
0.0271802052355711,
-0.167660523514823,
-0.456159106766901,
0.192615947259235,
-0.280202143910124,
1.19465353309814,
0.494615313329752,
-1.32238650987015,
-0.358846678454590,
1.07784640129190,
1.22304099511553,
0.529297458389819,
-0.211216272212619,
-1.31302369180938,
0.292484443510487,
-0.406688007263058,
-0.313993346365100,
-0.121651353821178,
-0.367335456703420,
-0.608875747134745,
-0.292845981705103,
-0.285175240725249,
-1.36579638085777,
-0.244961996320891,
-0.404739653580465,
1.28952274087292,
-1.52975112581214,
-0.0288973601576540,
0.496728852900902,
-0.102136257833236,
0.000546285571581742,
0.422361340268161,
0.665455777464359,
-0.642266534415565,
-0.301237671942444,
0.306202765454404,
1.17592497414080,
-0.282809091345958,
-1.02952219555210,
-0.554253188172989,
0.0406755444079145,
-0.273154421151993,
-0.573109472932539,
-0.973315672812858,
-0.145175002064715,
-0.456187334438229,
0.291001115611694,
1.04761991883765,
-0.224816337516233,
-0.217477123488211,
-0.105693873539272,
0.0981491696657759,
-1.03195331138230,
0.915352392136987,
0.916459145037793,
0.918624977898842,
0.0620724944043837,
-0.280807288323026,
-0.632468200849094,
-0.298832845182688,
0.470490100235014,
-0.977734405106606,
0.889246242832191,
1.10627207977965,
0.463885297497713,
0.0761639023054359,
-0.326862642280280,
0.217514187622918,
0.448158576738652,
-1.50580205362244,
-0.693073542176879,
0.0619387597426134,
-0.856767641179800,
0.316874471741950,
0.185966202012786,
-0.387848626009811,
-0.374438700228908,
0.686790234926066,
0.547890087993970,
0.583524632529408,
-0.678726570429311,
-0.115922648626130,
0.346342590603445,
0.584135610368949,
-0.00917155645190083,
-0.998721488264835,
0.482716601610313,
-0.0317713931819733,
0.738907433884818,
1.17626911097453,
-0.350121574863574,
-0.224653796833733,
-0.157962732623355,
0.253969938356988,
-0.941625398212887,
0.209951481180454,
-0.243040968733635,
0.113009561596420,
1.06871100221807,
2.46541401713112,
0.0545615640460815,
-0.586936364055484,
-0.146145020362535,
2.26728264896092,
-0.301035236051966,
0.942321662926811,
-0.116262324970142,
-0.796954298490435,
0.382775615181164,
-0.366494051108229,
-1.39202756026288,
-0.433200832955470,
0.227455109095481,
-0.00132408008876541,
0.594990388675075,
-0.522276298630902,
-0.748196407833862,
-0.109506383022534,
-0.173381909937349,
0.844770793898653,
0.631581552732768,
-0.380379391568744,
-0.280248603510566,
0.882589942426700,
-0.580834225250840,
-0.00169236335958688,
-0.222583493829457,
-0.649564818217668,
0.134462369640574,
0.732334965032783,
0.802620475157963,
-0.0398890590163428,
0.169396193997357,
-0.272924560588381,
1.38017346454854,
0.108134463900868,
0.0755395483429718,
-1.07197448786778,
0.0156791932407530,
-0.673167275806951,
-0.205516802878050,
0.401572658996705,
-0.129349243305772,
0.679176140952350,
-0.486144039156099,
0.909393431571480,
-0.319297334973610,
-0.358360788779600,
1.72222145696752,
0.449830057082927,
0.519608764353429,
-0.953133901778586,
-0.850960582249110,
1.29729441407235,
0.00429167780573600,
-0.780031684585065,
0.567685770569275,
0.695093639570562,
0.553155872699070,
1.03015349441797,
-0.646908239338863,
-0.224099525761406,
1.00691799959538,
-0.648683496239776,
-1.75689267686658,
-0.268834390666051,
0.980551368921697,
0.207650941285877,
0.195627359699589,
0.795582178584297,
0.496305216910723,
0.398616263006498,
0.209871147164196,
-0.425606009169308,
0.562760431396112,
-0.833876681457571,
0.476086105864947,
0.422282638719699,
0.209966684098862,
-0.177929362088509,
0.590422467297799,
0.455029082325819,
1.17476054827521,
1.71989839351933,
0.183401524744531,
0.219097345652583,
-0.196463757754264,
-0.176244152710306,
0.532433299074503,
-0.106541457315734,
0.701581614523957,
-0.372040823926279,
-0.695864916056363,
-1.24326188973187,
0.855912742739552,
-0.724016382477160,
0.722129818626212,
0.0143522262297206,
-0.530789295898802,
0.621606486291364,
0.464210134652341,
-0.413535814886354,
0.0499016247867749,
-0.421349743486289,
1.12535579736600,
0.116347082490422,
-0.756435946640464,
0.729950303607475,
0.246263535454529,
-0.0529579835580156,
-0.270189337624281,
0.251152515360293,
0.264786850899663,
0.313141863898401,
-0.382260322046598,
0.0433271844406473,
0.234341974269378,
1.17072506568661,
-0.829297143403114,
-0.465170888131419,
0.572620808955265,
-0.556694501561295,
-0.679795875137038,
0.148770173329716,
0.398218969531014,
-0.561699371200563,
-0.0269800994503870,