0.146611084516224,
-0.967386736143074,
1.02932697855904,
0.695172308487721,
-0.538471960524706,
0.0356295051709148,
-0.280402947939727,
1.03907468186221,
-0.827202366246257,
-0.488594389571121,
0.0863580441986122,
-1.41617522973931,
0.179053842727891,
1.10322079520527,
0.521649116667340,
-0.132194144009314,
-0.510255951425375,
0.000386278995707631,
0.329305278979615,
-0.704787372906921,
0.497243472766072,
0.713487265507719,
0.538552023306580,
0.368976640592654,
-0.517641865797002,
0.237910563474696,
0.702056106169256,
-0.341775868026049,
-0.0865904314460271,
1.23741212484594,
1.19901858614839,
0.0115186243623387,
0.362103267137404,
1.32274206466212,
0.253425056594852,
-0.411356208331824,
-0.0882637803052432,
0.179262408690484,
0.0834252452291289,
0.592278963871496,
-0.519138700713175,
0.199485293242610,
1.39598774647840,
0.712950399717764,
0.934459699624535,
-0.340166344099467,
-0.958837144652151,
-0.172235269491039,
-0.578333131037821,
0.265333646038818,
-0.244575810441330,
-0.443276400186879,
-0.427789852587302,
0.618267225011954,
-0.281824996356672,
0.966405692154559,
0.575579168576623,
1.44355859903331,
-0.743627502960769,
-0.234504169780750,
-0.336747802884897,
0.767644475823389,
-0.0601664106702028,
0.143127299001373,
-0.960035472543251,
0.121859022879211,
-0.0491369814499432,
0.705107537018990,
0.238548857087779,
-0.733833861381077,
0.606776013523654,
0.326911911364348,
-0.0421557539496578,
-1.40438332611187,
-0.238389953778274,
0.104060701201905,
0.807356260369328,
0.0432130223270370,
-0.373537144262320,
-0.270753869887413,
-1.58284345753781,
0.0716290979676998,
-0.939269943105539,
0.339760752552001,
0.740928383956066,
-0.764215043878146,
-0.0239405735566476,
-0.307229909969156,
1.31906764335072,
0.187048454953023,
-0.102183853246359,
0.0252280419238672,
-0.550880151526495,
1.29812080762670,
0.461791542497369,
0.746359471558119,
0.575666001798383,
-1.76190804063340,
-0.628202547440949,
-0.755826785492905,
-1.58343338691821,
0.945817191811091,
-0.293716880151353,
0.701349819652392,
0.885931780797523,
-0.323979161711244,
0.0220490103148344,
-0.150644169005825,
-0.522441551607252,
0.629305757153079,
-0.846841528952288,
2.13823803753335,
-0.298287827296783,
0.117625494040965,
-0.147878895830514,
0.198029329473121,
0.814242833391290,
-0.266365142366067,
-0.286959939999233,
-0.540014906178397,
0.519392564984475,
0.216667431359986,
0.400776314504976,
-0.875243746862494,
-0.0872736147223413,
0.861704140721943,
-0.0478372376929700,
1.19185945793098,
-1.03285701167311,
-0.360612875361376,
0.300414564358238,
-0.504736919159527,
-0.848867860111953,
1.13117752897437,
0.775471720550792,
0.374224815330736,
-0.724928668087575,
0.410660064959136,
-0.00845389952542923,
0.108881793397000,
-0.839167170401181,
1.28244195752850,
0.393136274431872,
-0.347694888087430,
-6.00432075018519,
-8.28550745501654,
2.51865125253796,
1.02102584564224,
0.112921224598743,
-0.795652767054522,
0.116259913781594,
-0.320052608829448,
-0.105608046457969,
0.514450078059918,
1.02657497467486,
0.282983823604536,
0.737063466164034,
-0.368139610061154,
0.915234544968441,
-0.586173001204834,
0.247312703840983,
-1.14938304281739,
0.495338688688680,
1.02014538009214,
0.957494360610115,
-0.163856232606859,
0.501505052151382,
0.394427161866774,
-0.00590547983211582,
0.212835305340252,
-0.633624116778518,
1.20358739184974,
0.264560929622712,
-0.0679822951318623,
0.808313148992981,
0.0342545916632102,
-1.32521673555377,
-0.297888350111190,
-1.06887462353835,
-0.365250507000244,
-0.454567036644149,
0.391377764190243,
1.08333471348169,
0.377524155430514,
-0.193989743416343,
-0.850612817477435,
-0.0431256116082542,
0.545948761598947,
0.503606016728194,
-0.650985462861746,
-0.553989243703977,
0.265656471036044,
1.40346147895967,
0.0182397331152351,
0.597624671865501,
0.308376674007522,
-0.201642233410202,
-0.538878608775918,
0.717969460213559,
0.752035853161660,
0.838466829401225,
-1.30974686676769,
1.03751428432682,
0.143039068234070,
0.976400087469220,
-0.0913207320861871,
-0.213588531143258,
0.368036822109461,
1.42489810972383,
-0.343882506885261,
-0.00507731679503115,
0.423980573290928,
0.820113382149695,
0.0942249258108056,
-1.65821738965508,
-0.678167676731878,
0.566977527970787,
0.243158011383776,
-0.866169292011856,
0.415689668216386,
-1.65627907549590,
-0.131290747205378,
-1.46602361932935,
0.497879318866826,
-0.191528661039621,
-0.670131825537411,
0.172345857512945,
-0.339972632628003,
1.09747149082459,
1.26350086999163,
-0.285333594915075,
0.376133028028065,
0.591441896722775,
-0.275709936463640,
-0.190317678480705,
-1.41127612799404,
-0.772010092110950,
-1.27911302178889,
1.28172918243879,
-0.810335957191354,
-0.173239986690348,
-0.133884594813945,
0.390940486495037,
-0.428281033520154,
0.359294687192181,
-0.670161376571168,
-0.132782057403647,
0.622722929127422,
0.184588583352775,
-0.746930791998883,
-0.484321888939049,
-0.362119372840230,
-0.147827434732997,
-0.0528190106715098,
0.331438310909645,
0.224364058681125,
-0.210211495397017,
0.645865639113008,
-0.360916622416778,
-0.372045588335617,
-0.963444775245544,
-1.54069910085543,
0.634304086020410,
-1.12857583499986,
0.372654543129469,
0.262348656155193,
0.447276682300287,
0.0207642785041057,
-0.413328739897536,
-1.17205053877854,
0.813823625203398,
-0.287759735910325,
-0.561754244404456,
-1.19728972620423,
0.621871453713293,
-0.0422802141453158,
-0.178588031966098,
0.000825778347979560,
0.213142109053387,
-0.952129027119755,
-0.439308924882561,
0.908272146455467,
-0.374859871641349,
0.189713394518568,
0.163710577845154,
0.353401942424069,
0.185491453888333,
-1.26347325365681,
-0.782388331569586,
1.32531792440005,
0.562521925429423,
0.00240264442623572,
0.394431594543618,
0.197965774983301,
-0.481035243483898,
-0.0342018749310983,
0.943904312758258,
1.31368288742769,
-0.415960555635012,
-1.83162704972194,
-0.179210522128425,
-1.24961173487473,
-0.827261634253041,
-0.0387586238049878,
0.0525558424823888,
-0.655046957435776,
1.59429734361910,
1.65925309469036,
0.116932698839504,
-0.592376702944613,
-0.302434408463258,
-0.625836177162769,
0.316285145398673,
-0.224887757423855,
0.560407128464645,
-0.0280870712447624,
-0.0886806976999869,
-0.285891024179681,
-0.0314915703745367,
-1.21109128580721,
0.516812648540290,
-0.484334462308522,
-0.727111280700667,
0.679971287856914,
-0.207709827109471,
-0.914051066851715,
-1.18717969444770,
0.101449854433817,
0.348984441337262,
-0.493973280616960,
0.624480015766134,
-1.21723359351476,
0.428721154894053,
0.198856035384392,
0.554989970240992,
-0.260524203653528,
-0.574578198677879,
-1.09407743104685,
0.628483074878055,
-0.260141103202697,
1.38385551979598,
-0.0188228359597439,
-0.323713527828800,
0.790276662176928,
-0.843394062912127,
-0.947619895759796,
0.850485744221227,
0.00699572115404406,
-0.777935354785209,
0.679957040584050,
-0.543548008785799,
0.783923823743956,
-0.0674994791212084,
-0.240067386839633,
-0.340929196864500,
-1.14540988870721,
-0.551766594408875,
0.518860698199551,
-0.206369989916469,
-1.27016800956916,
-0.208456494420594,
-0.0702160727649886,
0.0483995871107985,
0.444536351785559,
0.927659750733078,
1.60453723864089,
0.656277410553075,
0.234026861692540,
0.450857240769889,
0.970313129087444,
-0.0475575781248003,
-0.192917550755606,
-0.302894653033177,
0.135357708682050,
0.635995965290111,
0.312787345717097,
-0.398189351853241,
-0.938144780058728,
-1.17414302578059,
-0.287379109382539,
0.283798563753271,
0.0204064464185109,
-0.349260127679165,
-0.672648528587866,
0.316652835651247,
-0.464042195532755,
1.64855642063086,
0.634557630397784,
-0.327896679299812,
0.378287998300767,
0.524681224649538,
0.0493887084568170,
0.106875195395246,
-0.394193583880145,
0.216453563424455,
-0.264905195795919,
-0.104175857245861,
0.201680749711588,
0.185531690050738,
0.990174696037449,
0.698302313432891,
-0.0878203644365931,
0.150033232707827,
-0.0141849221108422,
0.0404047027290606,
-0.366422871735574,
-0.318513728978872,
0.332680193378893,
-1.11860702007174,
0.219830903338420,
0.261142017378732,
0.462366158617751,
-0.327467072736390,
-0.164731191924168,
-0.0129223168813671,
0.113301401384775,
0.359936620989476,
-0.838170282130576,
0.606005893884516,
-0.277479942199879,
-0.306709614299630,
0.540308285706417,
1.08524864294805,
-0.0318074771720908,
-1.13491346823677,
0.935353199291982,
0.528604460535062,
-0.496297723820497,
-0.196301777620789,
0.237259018379246,
0.633746323310200,
-0.135063028997493,
-0.486352612523366,
1.51034084531087,
0.649951512520853,
0.982081058963701,
0.739656773294170,
-0.0479125663826468,
-0.838918469660770,
0.949420367386463,
-0.104103650732298,
-0.229504647912950,
0.747226616965239,
0.950969700571456,
0.985724300280462,
1.44117607339997,
0.211962002129104,
-0.717848741580567,
0.0568580085875315,
1.09784362443348,
-0.277344758747899,
-0.827628167584599,
0.143495810876321,
0.794223383817193,
-0.739488361912907,
0.263418175569453,
0.541079524687548,
-0.601504475736664,
0.179536377152180,
1.10422105057338,
-0.415206522319762,
-0.0260276579166062,
-0.0901523138306878,
-0.397715478150856,
-0.343998520333063,
0.542741652539092,
0.319303987015394,
0.124436175843513,
0.152115811093720,
0.142998783810653,
0.580351689874596,
-0.268783264300584,
0.437903894437535,
0.742389801793740,
-0.780202404684480,
-0.0332117309304529,
-0.537409460733182,
0.773887219465359,
-0.197942045529203,
0.243537622515990,
-0.788358096046366,
0.823515678132147,
0.976647752434096,
-0.181180827883754,
-0.245950634236412,
-0.119761456331084,
0.533431373406449,
-0.224280252094045,
-1.04362782174202,
-0.115188130280345,
0.690182563570356,
0.324230603372101,
0.174780461271434,
-0.213598093272053,
-0.0311999984274459,
-0.669372247654589,
0.611569066240722,
0.240335542402674,
1.13711789034634,
0.702014548614409,
0.674588142766030,
-0.410755218070845,
-0.103691386334336,
0.0748161915303947,
0.658135291089219,
-0.222216907538128,
-0.850741133817065,
-1.01817196008783,
-0.850986230364165,
1.32482060519348,
-0.415912273959089,
0.494640358656896,
-0.484215329317128,
1.81049296816502,
0.843293559350327,
0.432248899705918,
-0.577460226894884,
-0.0649744078282507,
0.487794631608050,
0.0534807987423018,
-1.58415304532010,
0.287267488222837,
0.428309975730359,
-0.469496731409974,
-0.578172771746531,
0.322662765575440,
0.331833583639146,
0.458613956503795,
-0.579108319050486,
0.106994978970186,
-0.594713647864031,
1.07690202848014,
-1.03042066964363,
-0.950084724631958,
0.347949821717005,
-0.303880468061520,
-1.47904180129236,
-0.207961991135511,
-0.246395567125747,
-0.160408925744247,
0.390139495624380,
1.15918828261398,
-0.304118159818112,
1.18609520912217,
-0.607225831857439,
-0.807177344463884,
0.267817990761165,
-0.0923005352760706,
0.454989524481679,
-0.474337083881544,
0.591156244889249,
-1.28763475927296,
-0.256782892694399,
1.22025147192782,
0.361503030372247,
0.665594593890782,
0.218716734105840,
-0.127781953945746,
1.25693112458948,
-0.168839999599774,
0.577520503636500,
0.287416907803507,
1.53597693220164,
-0.622126876425583,
-1.53503025054479,
0.594079793660692,
-1.16285466860674,
-0.795109333260821,
-0.587927636647703,
-0.930804302861986,
-0.275762000273687,
-0.800235075528547,
-0.208308060563987,
-0.156163205907666,
1.08989713573357,
-0.227529689790307,
-0.993288403778560,
-0.0166582437448139,
-0.164851413015697,
-0.974957321488318,
1.53691269745280,
0.456714669533141,
-0.338585353169487,
1.05175174952104,
0.00385814384728487,
-0.680109126572087,
-0.121749689825807,
0.291723119126564,
-0.136909577375925,
-0.692677564524596,
-0.730449321159116,
-0.177625200170108,
0.468174675442943,
-0.349660182595170,
0.0677959425458220,
-0.555241375301201,
0.190755621756700,
0.0374566524423071,
-0.216825159788503,
-0.0941323863459842,
0.469721290461559,
0.0250053351257691,
-0.456692061689195,
0.527018297856235,
0.0604547831016115,
0.552706816147608,
0.219624589003846,
0.804220934442470,
-0.157623843072238,
-0.531527289201252,
1.24703729057055,
-1.05471800478824,
0.301075549735135,
0.283924921304230,
-0.250243756412040,
-1.21558218562165,
-1.23527331591976,
-0.802435904490497,
-0.602081813530541,
-1.54189550740328,
-0.198415419023027,
-1.08996817996288,
-0.808020871059765,
-0.310268586266553,
-0.0855127561488245,
0.890110191806586,
-0.313396208447407,
-0.281394613483579,
-0.549409768653318,
0.600716519173272,
0.946067414625063,
-0.224317118163277,
0.765789291695859,
-0.292577933195269,
-0.817962082292923,
-0.659756193572222,
0.461254012357067,
-0.493187379253967,
0.0375613783443126,
-1.78344880885921,
-0.463173695265567,
-0.287662273077143,
0.0976098119583792,
-0.208961607688870,
1.27541484529699,
-0.730396575466063,
-0.231772927663118,
0.851215338623803,
-0.161689120157663,
0.597460945096817,
-0.382470270288858,
0.200810937757637,
0.199134333760535,
-0.499654503740065,
0.865264270392245,
-0.0951174797273222,
-0.606880323322628,
0.0183775397104616,
0.905819203513584,
0.0952988301146843,
-0.148278870531684,
0.497504457760697,
1.34530111368320,
0.873711640469462,
0.0392750205481578,
-0.109467512449301,
-0.586341891241687,
-0.278867593727871,
-0.911713772335291,
0.471273096432620,
1.03101330333312,
0.528273506695680,
0.908770968603628,
-0.226126543888258,
-0.143987770789735,
0.927810167268921,
-0.289812792061246,
-0.194545781197067,
-0.550491084030440,
-0.552043157334956,
0.688105529109909,
0.312499748228341,
0.272612266642031,
-0.637564167031975,
-0.558981592127367,
0.234964717854803,
0.592139129089497,
-0.323635846630876,
0.290098947553874,
0.0313852367187407,
1.94465166881242,
0.772063109461661,
0.791956392720673,
0.781048574452093,
0.633581898286530,
-0.0123895354001390,
-0.369633913668354,
-0.00442385022300912,
0.266340651259783,
0.695852076780165,
-0.111087046684969,
-0.214026676597967,
-0.702072650443185,
0.0667858000495407,
0.890647605192174,
1.66692716710502,
-1.25896319927385,
0.247854953951334,
-0.494389530589745,
-0.553367993961542,
-0.880797439827632,
1.46470656163088,
0.465622715227731,
-0.249762601392974,
0.214661330037718,
0.748938551600817,
0.692638131848827,
0.153949430487793,
-0.241655874754681,
-0.266693857533397,
0.636780858437082,
0.116954328898804,
-1.18591425951560,
-0.321000842677218,
0.270474802984374,
0.0174295050324056,
-0.440152534219459,
0.571018464453072,
0.590051961815004,
-0.189639642152906,
-0.204801758281857,
-0.742486168008662,
-0.565790657013507,
-0.806909698117005,
0.525043421329321,
0.454893225146022,
-0.534119211951776,
0.326713834972824,
-0.406340762357231,
-0.586986581018759,
0.813661391522869,
-0.405509381127317,
1.66115091071956,
1.03267413859138,
-0.541754804825244,
-0.889481674436215,
1.36358319883561,
0.510760714697963,
-0.173524549643937,
0.258645330952089,
-0.250249603134915,
1.49126105732246,
0.824992925254808,
0.823687948020207,
-0.925151898610153,
-0.718261492984450,
0.144558824214354,
0.837428940049552,
0.321642052174098,
-0.619072836442739,
-1.33391834514184,
-0.399417729169341,
0.0614480462816440,
-1.01935022639099,
-0.0901380382560994,
-0.311365987877676,
-0.929984988675062,
0.642983968974846,
0.477440659055736,
1.12840380788905,
-0.250518441671654,
-1.09449745396647,
-0.184354382011871,
0.441066694940328,
1.01535557534014,
-0.423905781509874,
-1.15365877691648,
0.515589956045216,
-0.0274021490143424,
-0.147559727532737,
0.983755924570648,
-0.617620611342928,
-0.602054440020222,
0.557341435541123,
0.0174803668122740,
2.02797661318209,
0.186793236450404,
1.17891294119237,
0.119171372382587,
1.38085817675325,
-0.582204442036848,
0.479567477011034,
0.279619821957268,
-0.505577110399787,
-1.29379499548948,
0.524783762829764,
-0.0692048308531485,
-0.219182254261092,
-1.07669177367965,
-0.360039915839230,
1.13299355269108,
0.380724232426573,
-0.0323229301482072,
-0.250863886331035,
0.0362483854331572,
-0.704241455819753,
0.122688136394862,
0.305383295472920,
-0.391215340413542,
0.990289524532709,
-0.325239116485679,
-0.00330145640229947,
-1.05976323561280,
0.465672557579568,
-1.39273340222123,
0.662413084926506,
-0.856649708368053,
0.139594141159466,
1.00234760827719,
0.252519152041966,
-0.407967784706458,
-0.426935296731101,
0.363504973227466,
0.215290003044164,
-0.220950263333846,
0.144250130548408,
0.676081448167831,
0.115619395103165,
0.00142822144403309,
-0.150025130110267,
-2.06887430162420,
0.0743755911473506,
0.0373453217642111,
1.02801259841782,
-0.653171223549538,
-0.766555490838271,
1.30437236226035,
-0.163252831194153,
1.09728488742678,
0.587850981395073,
-1.12602833158111,
1.21466940733272,
-1.16746602171621,
0.0869365351922684,
-0.812440416529928,
-0.736805522142931,
0.463594975467727,
0.784779935095475,
-0.204865709326446,
0.250818255198104,
-1.78745609933589,
0.644277248192564,
-0.339166231889116,
0.119761807829165,
0.516218323070649,
-0.111103832879547,
-0.266817167637381,
-0.0423544500690634,
0.197088994673929,
0.532173385166323,
0.148705033180679,
-1.07427394133135,
-1.19315042774274,
0.549219992566362,
-0.902428226829526,
0.685514056954078,
0.284703099448514,
-0.725840666123135,
0.137943858150766,
0.708751362009110,
-1.09485328379157,
-0.915747840993424,
0.856121283850050,
0.502432210744975,
-0.648948846153081,
0.415634625251304,
0.0520352933362758,
0.325951462505375,
-0.839696588120509,
-0.659767593366925,
-0.319058079203608,
-0.105651007437923,
-0.354274945305017,
-0.596009259692108,
0.0845144385842030,
0.894336758917497,
-0.281199642378160,
-1.20539571681764,
-0.158037950378652,
-0.895887750691797,
0.153747786846315,
0.0339707674146666,
0.565931282934490,
-0.204932801585515,
-0.501007832363208,
0.281333003542168,
0.343743633629928,
-0.154715730922424,
-0.685340131345587,
0.281459514820445,
-1.17077918649134,
-0.710046289520920,
-0.0718478376805939,
0.995055573164899,
0.451562792432933,
0.271274727994246,
0.380001981733336,
-0.682420260677117,
0.0991832813106118,
0.519035930505475,
0.235706912680293,
0.344378059395902,
0.567240079687811,
0.0152276264418675,
-1.86795438869878,
0.331605105356731,
-0.683423873026723,
0.430174152862720,
-0.539561093832991,
-0.574857885762102,
0.834350784902717,
-0.635566022959136,
-1.29322347157914,
0.230786213759338,
0.725074105672569,
1.31072044279398,
0.422007437203216,
-1.17209914541672,
0.758753761256828,
-0.292805994362090,
0.350948297354759,
0.0423504597216611,
0.640809556133190,
0.806526768435226,
-0.481811193482379,
-0.828705783325167,
0.192824253559518,
0.242110570606028,
0.997912579043867,
-0.518132241734043,
-1.45305977870879,
-0.886265398041377,
-1.63144348411341,
-0.0746089855319281,
0.421507436221981,
-0.365327045985687,
1.17045259356122,
-0.499851728623502,
-0.0875560747561252,
0.954588820713432,
-1.13297480357733,
1.10361150127116,
1.18984012920252,
1.09080155831902,
0.808825884600057,
-0.564813340106887,
-0.326767888369313,
0.178999458625277,
0.619727254820637,
1.20127982022573,
-0.894720539645585,
-0.887498929232601,
1.18058892799982,
0.993998556002149,
-0.542599283969706,
-0.901426543574251,
-0.509648829787768,
0.825165278209263,
-0.951894948449484,
-0.280350054203154,
-0.570107575480347,
-0.534015813655409,
0.106412123218937,
1.33478561727663,
-0.0785561769719082,
0.665987539919749,
-0.534563743765352,
0.850329657617407,
0.641117393413004,
0.199819448382918,
0.134935269774756,
0.866149484557519,
0.551518974087167,
0.258270582855581,
-0.673809224683230,
-0.338358346712709,
1.07855430784799,
0.163830142665793,
-0.0552142205723321,
-0.220056919743078,
-0.910977024218346,
0.794913801278740,
-0.647557959217494,
0.698459649298964,
0.125509586078584,
1.54677425473801,
-0.212531678474804,
0.175004153263711,
0.0173164425192881,
0.976685939149613,
0.610141726937501,
-0.416866263627142,
0.373878139083936,
1.07870904965094,
0.674575574425779,
-0.678732679765320,
0.449490971368981,
0.467190506523413,
0.234533456170499,
-1.00094768590907,
0.786048475110595,
-0.0523068105376706,
-0.222779648332777,
0.711146792606770,
-1.21747633171387,
0.831212075171206,
1.32677148016613,
-2.09395392314570,
0.225852491610793,
-0.329237147537269,
-0.318509617562872,
0.700744940883903,
0.305137134358266,
-0.890459108169864,
-0.828214045092705,
0.797854272883396,
-0.183364243072757,
-0.429939429580446,
0.479811494465136,
0.446076201739268,
0.698712555756422,
-1.61535934559903,
0.216521705405219,
0.283692703995904,
0.404731113907798,
-0.205870503928065,
-1.61886527738296,
0.824053280573424,
0.500608738640933,
0.201225397025323,
-0.359668957677332,
-0.0210290959751838,
-1.06870205555638,
0.594278595872299,
0.697291652591917,
2.53601291388235,
-0.724936266348102,
0.0162586099210452,
-0.144765714504983,
0.0176516030782585,
-0.224415701437683,
0.163574943403547,
-0.244838984916541,
-0.297284720335962,
0.801372412604933,
-0.786018380866058,
-0.343341427890685,
0.0684695712238711,
-0.375944570911772,
-0.315208705513704,
-0.189193593551649,
0.728387442265718,
1.14250233257071,
0.183707021595077,
0.303109095451650,
-0.309399640320885,
0.162880076727767,
-0.532064391697275,
0.00834160468044569,
0.473037508447972,
0.157588346961827,
-0.0534403979921774,
-0.255588451956687,
0.865659323882828,
-0.176511163652589,
0.329265156645090,
0.227213232246694,
0.570185164833886,
0.862262440235929,
-0.678408375348964,
0.193509385566065,
-0.671479486618794,
0.211510121084713,
0.185870332484293,
-0.350466488480113,
1.13818102722980,
-1.04748131534677,
-1.81924344133090,
0.561302167363242,
0.645274651476796,
0.871445391567464,
-0.0238859299213687,
0.0697864762066872,
-0.299530015811452,
0.0841137112925715,
-0.0275212037773570,
-0.00580648674196618,
0.0555376297030605,
0.0625349236006954,
1.77315644448056,
-1.43836994510344,
1.02294913851784,
0.0801631491399603,
0.961730228581182,
-0.481959071354391,
-1.35386770883523,
-0.316050632448004,
-0.942594834197204,
-0.629337266504260,
-0.989521726171129,
-1.19693092191610,
0.252439559762776,
0.0219165283575320,
0.408656163501125,
-0.799700986452008,
-0.516871070325296,
0.822551205552970,
-0.149948364417081,
1.53848225787811,
0.738737061037332,
0.0613507455654784,
0.0963480205669775,
1.06711182514634,
1.02364506941060,
-0.711491002352628,
-1.07046904233171,
-0.874221069991234,
0.496905797281736,
-0.563660032925331,
-0.488872177079589,
-0.333708443479744,
0.496146609629679,
0.298153835589633,
0.280184191869277,
0.0506182907815606,
-0.197183170705399,
-0.410814409533699,
0.358770679999156,
0.848077346512751,
-0.106258506230839,
-0.938917688628808,
-0.278402422608387,
-0.0886553426000573,
-0.359671534666261,
0.185008110155929,
-0.884495748415276,
-0.115898330056997,
-0.721455142405017,
-1.22678167332864,
-0.243464556730303,
-0.351917385536214,
-1.21309670023808,
0.708784449802218,
-0.419767084854798,
0.0992051661447955,
0.889042809142453,
0.867993017922346,
0.986712585258350,
-0.519143384237175,
-0.742232360650178,
-0.831998977293674,
-0.879628219419092,
-0.699899902395926,
0.480180562920837,
-0.242590883760590,
0.0758711533582843,
0.288320332490305,
-0.947666133650075,
0.949004196333011,
-6.78298986646659,
6.54006529655704,
0.158577966722145,
0.841532443551450,
1.04772893201833,
-0.896034196044029,
1.40456100424785,
-0.626961224534847,
-1.28949055817349,
-1.09407422244768,
-0.722713795183441,
-0.932374191238056,
-0.540302705783832,
0.243247324665677,
0.587711168160072,
1.00277370498932,
-0.114745523018959,
0.450970725759873,
-0.100838881445383,
-1.09449256499785,
-0.542076819641229,
-0.403974562224444,
-1.00886854664360,
-1.40574305748039,
-1.11595244722261,
-0.367877822188313,
-0.0883249172269112,
-0.151181024872976,
0.479881556815038,
-1.18717117215912,
-0.528519470243018,
0.471270110670299,
0.242881154175736,
0.455764012059560,
0.433555092471001,
-0.723421169107815,
-0.947976925585775,
0.585326498478156,
0.951658609195465,
0.135956354756922,
0.391108031442376,
-0.370036703959664,
1.41583886851108,
-1.02376587871694,
1.69709600658437,
-0.289686311964362,
-0.0104011714183405,
-0.698277910690623,
-0.646720005920973,
0.0244043527586271,
-0.154517235061634,
-0.427602638364700,
-0.411567762239093,
0.535390156598308,
0.991898610241334,
-1.08587151063560,
0.199408201561662,
-0.546772673158408,
-0.197557707031206,
-0.388883227080276,
0.395768027169937,
0.741974153820064,
-1.36333330316723,
-1.16770354943505,
0.578864917388012,
-0.661153933978414,
-0.0186011142206465,
0.296274845619640,
-0.355742332488156,
0.318774996548246,
-0.248557026250514,
-0.566198084516568,
0.263953318311902,
0.621481806067714,
0.673260528755374,
-0.153799714734007,
1.24145571855889,
-0.641212793375356,
-0.217025877290486,
0.760193376643686,
0.928795389047123,
0.531559401829575,
-0.745968421827130,
0.355984058239518,
0.00110300992903931,
-0.397581251704794,
0.285615252446628,
-0.762235577902321,
0.0863520912543889,
-0.0572231120698851,
0.778287088328180,
1.11284038621300,
-1.81066578871759,
0.585177496995435,
0.175904759396612,
0.571131532749024,
0.0869384023846490,
-0.359196101374584,
0.0454667799392721,
-1.23213312146867,
-0.187925499879874,
-0.415938545972123,
-0.102089501783845,
-0.254711975349651,
-0.140668121681244,
0.365126662616102,
-0.199707021702102,
0.00276265451475696,
0.463327652414445,
0.213323452009059,
-0.937813527362152,
-0.699018322386884,
-0.410285727592754,
0.504883137409247,
-1.06978399582485,
-0.250540087058023,
1.21891677130403,
-0.0601791097167211,
0.625066543857692,
0.129461001164171,
0.310724498983232,
0.668187345628516,
-0.413523190259744,
0.0989726133387048,
-0.135713457730390,
-0.706704797415527,
0.226895329619195,
-0.652205871267753,
-0.800322869420729,
0.351694045236858,
0.134871700126152,
0.236818893797669,
0.136088409635824,
-0.997741887862831,
-0.145557911452381,
-0.241512368008721,
-0.317658804394206,
0.455635142670944,
-0.153159106868863,
0.0295220357376486,
-0.447147352607046,
1.70875300804769,
-0.798698057217330,
0.879931744879220,
0.962914243586764,
-0.0320684982588219,
0.191302679766901,
0.382508882147479,
-0.863188933987497,
0.539600335590738,
0.122481069003940,
0.0893701512870760,
0.0302419416788958,
0.833035037493145,
1.20979288244321,
-0.433997056644263,
-0.776360263851798,
0.0603097920119110,
0.792917327715662,
-2.08244612149259,
1.70985656297331,
-0.756829652644145,
0.298182751931993,
-0.0611369543786542,
-1.79282351985765,
0.123070679498426,
-0.984317594710730,
0.966699675199072,
0.0297854173166330,
0.873984277558768,
0.0958333218678424,
-0.0277164869705474,
0.126843290445484,
0.460979879088655,
-1.18590131112349,
-1.55415812955891,
-0.645371765073120,
-0.0528142279698721,
-0.510575545546176,
0.582040255952828,
-0.504991812144888,
1.71248229868764,
-0.410433684147651,
0.608436280478734,
0.758516041001723,
0.368683263478652,
-0.667290820747329,
0.303664602999534,
0.515526877774777,
-1.02311866279688,
0.274787585973799,
0.604512333700756,
0.214598542872466,
-1.12279704363687,
-0.573780669130175,
0.571160915933844,
-0.673716594905319,
-1.37351219832183,
-0.343506382031115,
-0.473236733533031,
0.0810704017283217,
-0.759923207504914,
-1.35718686449016,
-0.196653865296280,
0.380828026790466,
0.216581081692211,
-0.747549841289022,
-0.806193787581558,
-0.925711347545287,
-0.169084933727723,
0.699211614542855,
0.385031448116839,
0.139643005573220,
-0.481325731423316,
0.871171241552941,
-0.510944142735525,
0.670841530755220,
1.15565091648446,
-0.246417615035638,
0.607485065404046,
-0.972768097758449,
-0.912343908824526,
0.537829415340169,
0.196635758221837,
0.142895200015730,
-0.0454253830268197,
0.431290516007666,
0.103797000635992,
-0.643786655886605,
0.416786094766643,
-0.240557960181078,
-0.192964005477356,
0.548683758203066,
-0.0950249050846303,
0.532698504142067,
0.761938404314939,
0.487876412045290,
0.252456420633498,
-1.94827962987758,
-0.755027261042529,
-0.152873049105551,
-0.389525518455120,
-0.429211145408126,
-0.587501850039739,
-0.541028061847885,
-0.304335247910987,
0.904989050850358,
-0.522391699300707,
-0.156354757778651,
0.635263789624701,
-0.428793693185429,
-0.233910800267959,
-0.517129739188035,
0.313164650244271,
0.983271646975337,
1.42635907131569,
-0.530021036212157,
-0.412261357414471,
1.05043686535798,
0.0577363569126580,
1.00008950665012,
-1.05155550083247,
-0.116292158224071,
0.185255951884995,
0.296648745153982,
0.363517812170750,
-0.350683894413160,
0.257025450659657,
0.961991613907700,
-1.56655733877311,
0.0741420257426689,
-0.674373187189880,
1.10866019069312,
-0.797830032272943,
-1.11448838836913,
0.116697632641004,
0.188270407554535,
1.89654811663280,
-0.667541148151823,
-0.604157275053981,
-0.766007562110065,
0.186076255562692,
-0.303167341669154,
0.0186912899354604,
1.22127638177879,
0.807029656451701,
-0.656427057015154,
-0.467709307930489,
-0.514378200115636,
-0.739102808012791,
0.0722154575424070,
-0.134353010484671,
0.857638305373731,
0.923472711255819,
-0.0581088800113566,
0.270505892981081,
-1.64285482151280,
-0.441076579790498,
0.660190854023886,
0.109308985814264,
1.05468672478058,
0.0734289548595553,
1.09540872042392,
1.61922573682299,
0.0543229195777197,
-0.486868186885169,
-0.415187506918869,
0.255067563574486,
0.601235430177624,
-0.139654086669558,
-1.64498510919531,
0.671668103511458,
-0.179457754798766,
0.178806025599924,
1.78865916582004,
0.183319981364408,
-0.499002585704502,
0.216468129953852,
-0.162037370217083,
-0.830402576927222,
1.10001403207666,
0.528362860948603,
1.08618669405602,
1.26485654478166,
-1.03218625177317,
-0.478613981551398,
0.545744826444249,
-0.0258208410173582,
-0.134896779505279,
0.279933402578162,
0.0224199998893199,
0.273477037254994,
-0.132482884979257,
-0.410553610112749,
-0.445780606599943,
0.730685896082171,
-0.0774896277492857,
1.04931580750577,
0.371432245876348,
0.489390317847644,
1.73139124205542,
0.333161000920764,
0.728772928006893,
0.945632363159837,
-0.0975421259179119,
0.274168426589945,
-0.355319420803115,
0.270676630263410,
-0.0507902751145730,
0.141742409934115,
0.510199818706851,
-0.765313012104479,
0.778650207937431,
1.06793777428862,
0.576353408582123,
0.401449158314426,
-0.980453305090350,
0.432788580188097,
-0.871396204489416,
-0.160316671800594,
0.160483217871433,
0.0352987786577311,
0.0514874626121767,
0.640004241197820,
-0.384279434754881,
-0.151829518149105,
-1.24779779791867,
0.627793414628623,
1.36764593860941,
-0.692928793143679,
0.883991078242290,
-0.262102366424074,
0.213762150759699,
-1.05584155285550,
-0.938999747350923,
-0.709606360739695,
1.49054677437681,
0.530040071106042,
0.125800509383030,
-0.213516960741146,
1.08858993377350,
-0.346119309872192,
-0.716430744204967,
0.660427755603372,
-0.146426893823013,
-0.463928202141582,
-0.144818806550870,
0.207826913069259,
-1.14508710871813,
0.0304802423523196,
0.459154626318601,
-0.270120268988398,
0.0563636555872904,
0.601686222163204,
0.722611669847362,
-0.878363926123511,
-0.0207435134015408,
1.11161047730123,
-0.991773915978109,
-0.763212951933555,
-1.59248658179631,
-0.811366619256859,
1.12368949510053,
-0.778681967187054,
-1.19678921429370,
-0.696758860010214,
1.31440685162659,
0.332510221958695,
0.446456915693341,
1.19142443388958,
-0.635101908343692,
0.427707268500669,
0.942083443654720,
1.38612333338885,
0.389594499868489,
1.50965661743416,
-0.314374389458349,
0.0115626925205084,
-0.319493180446232,
-0.101149918788726,
-0.257330646159824,
-0.253869255664393,
0.0297276620503658,
-0.762767881493404,
0.726394974064745,
-0.422862666319313,
0.726992053529978,
-0.845199211178445,
-0.771581684017655,
0.460186105021438,
0.449466216485083,
-0.653073856298530,
0.474763720442799,
-0.411195652246020,
0.131420761424256,
0.559757317443578,
-0.294583235643349,
-0.612276786434590,
0.280594855473937,
-0.697036804784180,
-0.616394975792251,
-0.0595554382191198,
0.102417610353777,
-0.0758793352321867,
1.44169512419125,
0.316238112372943,
-1.27420032561087,
0.0343828973971798,
-0.208900903689617,
-0.159631006894561,
-0.301026044998603,
-1.06970399768233,
0.941463531673355,
-0.185829038262049,
0.876144460487060,
-1.15786816183081,
0.110058592115002,
-0.926960359708060,
-0.791843615479816,
-0.462012284627750,
-0.249944693533971,
-0.744087651931205,
-0.837024802943399,
-0.418701020337499,
-0.430072989052132,
0.111228067913032,
0.495561898526346,
0.511559475940182,
-1.04106436882898,
-0.990139430573201,
-0.516126601305091,
0.258140625890103,
-0.723647085706220,
-0.745601107444351,
-0.335349626250785,
0.324995506893050,
-0.423414243985349,
0.546473280234005,
0.632561912723546,
0.213071624313632,
0.410541815449950,
0.0540188161457934,
-0.588170699706181,
-0.529050452196569,
0.953562838487574,
-0.391307996741186,
-0.226600929050936,
-0.0377096371890069,
-0.783452831903897,
-1.13193032262452,
1.11866547643558,
-0.306624217478772,
-0.418400202677764,
0.170685406797519,
0.483739518452465,
0.415447988363219,
-1.06209262905269,
-0.0682279334188388,
0.253312649546516,
0.605569152411285,
-0.0601533915916335,
0.720515870489720,
0.675888864373631,
-0.646800460571882,
-0.228358791798336,
-0.334258153739392,
1.10498970290071,
-0.472149050609989,
-0.546010848360925,
0.533101181553710,
0.247505479496867,
-0.358737231125231,
-0.0879238782889617,
0.618174397118875,
0.714632917243522,
0.564563296344165,
0.657020249308687,
-0.579072986711822,
-0.201808597894889,
0.150174342495084,
2.30122543283770,
-0.655085488814261,
-1.25709178082115,
0.672655633921569,
-0.615385353339245,
0.439671911901505,
0.353392851274143,
-0.565416887810805,
-0.0814459063072975,
-0.202052290547982,
-0.430465226591002,
0.818033510278040,
0.202689072626784,
-0.806527314881050,
0.00978827585452283,
0.303956999507640,
0.521354486651990,
-0.443218009902298,
-1.66141329673836,
-0.492506015065512,
-0.0848623003743863,
0.988633845598712,
0.119444404135937,
-0.356916888800756,
1.00481703127705,
-0.0596256035496454,
-0.311699940237752,
0.0180174440500593,
0.351552416093253,
0.177691314678049,
0.486357766013779,
-0.737133660687999,
-0.974995704292595,
0.162412530077344,
0.306725307219893,
-0.268873898508719,
-0.406042917647088,
1.51173440454613,
0.268725710395214,
0.400822380555127,
-0.218344819636984,
-0.969570239497748,
-0.382461692454433,
-0.167400497967532,
-0.433432852733137,
-0.737748828651844,
-0.116701249463535,
0.0121163285290759,
-0.850923108575120,
0.614381794677444,
-0.683010283052352,
0.741608287020333,
-1.24752717429455,
-1.24597785670077,
0.877025355032930,
-0.216694054381689,
-1.33704796264971,
-0.0914912720723602,
0.455740234842852,
0.420616301865490,
1.20045986687991,
1.00787550345914,
0.267970339682779,
-0.122828436363041,
0.902953886610609,
0.512576833361053,
1.97807380873362,
0.383950141800987,
1.14142805399796,
-0.704966416251218,
-1.37843436979940,
0.413117500822424,
-0.221853768602634,
1.34139758827096,
-1.30907558220135,
-1.72638213573033,
-1.06936244038685,
-0.452644112360929,
-1.02710275448560,
-0.294683379439090,
-0.457642058200564,
0.0322271318850867,
0.958740235248737,
-0.536281559622395,
1.01093063365087,
0.0292183464964434,
-0.547226807912706,
0.342088320639374,
0.0616519088602094,
-1.12739803651624,
0.0603580098173333,
0.861509511911754,
-0.498513528562693,
0.0432371063712723,
0.553331170282058,
-0.546675487627273,
-0.100170425930296,
0.928393616215762,
-0.222641990415159,
-0.417886656110865,
-0.533535145569613,
-1.01457545180221,
-0.506677335363144,
-0.740748320100038,
-0.809273609868022,
0.502953442056880,
-0.697199587124499,
-0.563929401628276,
0.0158065090201291,
-0.0434912446487077,
-0.295778111142102,
-0.289210762982182,
0.00661231809388055,
-1.21419939521586,
-0.308870959398096,
0.304616708489852,
-0.636467407918428,
-1.06095865688751,
0.128516443624110,
-0.313336018579999,
-0.729141716140411,
0.193800144737805,
0.664695868953794,
0.528048229013890,
-0.247786966707302,
-0.840845988853063,
-0.137649079828439,
-0.0321687578242023,
0.995926368665451,
-0.116961301163115,
-0.0817833357149016,
0.0788344154880711,
0.552835520199513,
0.220085919752832,
-0.937896644517237,
0.325594210836418,
1.40027448298583,
0.121032591170493,
-1.15475185085940,
-0.864775064264160,
0.241815379310822,
-0.738462403816797,
-0.362669814597839,
0.791766523452736,
1.15524301376495,
0.136700145009697,
0.524743299174749,
0.159613088517303,
-0.100304068245037,
-0.328507403798439,
-0.350975093272994,
0.542384682373348,
0.437152978631382,
0.988200818739666,
1.02046241932062,
-0.240042508951614,
-0.169038967916139,
0.979669717335689,
-0.572314514551622,
0.285555420722633,
-0.486612826748183,
-0.568628547426137,
0.0324026840496180,
0.339663054235095,
-1.25457567557097,
1.90358148317102,
-0.408952001483159,
0.769516162538363,
0.0223609964750208,
-0.340999237876416,
-0.555282703472141,
-0.308702091133323,
0.502234057055034,
-0.522677508819227,
-0.427174830669323,
0.799151525009009,
0.392755322773646,
-1.06866315577085,
-0.198913812134878,
-0.188001695784712,
-0.105979717819811,
1.15888643601851,
0.0972489788258387,
0.871191738444018,
-0.788624294085549,
-0.163686115044987,
-0.338324864085837,
0.0399240915353023,
-0.0266067688413658,
-0.468598273315786,
-0.761355398769322,
0.398562293448884,
0.144106793524153,
-0.232304593654304,
0.407480244404011,
0.0304431169671050,
1.48196538092898,
1.45832681183890,
0.843619037621054,
0.320572024647861,
-0.0305241839871487,
0.316154457736351,
-1.14818318546061,
0.331180144692406,
-0.177026252825118,
0.0296360747357542,
1.25890796051792,
0.230556190490213,
-0.299031493610206,
-0.501248450336008,
0.316716340473131,
-0.385116308397389,
-1.44898964881249,
0.658056780404113,
0.0340639276251330,
-0.926984530520495,
2.33680801701633,
0.520129534274041,
-1.25676739686843,
-0.744896102769771,
0.0442970052968124,
0.266249973282816,
0.0844970428643264,
-0.151151860873673,
-0.409008807438940,
-0.308923471700127,
0.128201228425631,
-0.496884009258721,
0.296234269950661,
0.842875872913586,
0.114443255804876,
-0.0863108855317810,
0.181098599092851,
-0.643483930674086,
-0.401112710155924,
0.00801659660230378,
-0.520116658608135,
-0.336280659639901,
0.0582624538781382,
-0.0107643729303119,
0.721813547250837,
2.13395038761042,
0.998720154447297,
-0.399441010923035,
-0.364174925640302,
0.0606210135087065,
0.107519238551664,
-0.305744372750331,
0.168321020842021,
-0.935876128103449,
0.105618958011702,
0.943496165919058,
0.666710459007284,
-0.486404676897416,
0.536744134560151,
0.454489387506203,
0.722230534424340,
1.57268302583534,
-0.834392981241900,
0.349541916931234,
0.285684697970485,
0.938998546010295,
-0.618657882455854,
-0.841550114576227,
-1.39649973658648,
0.678025606827500,
-0.140900325786762,
0.0543720288050497,
-1.09743149326473,
0.369863708302026,
0.745198410108059,
-0.100281379619514,
1.29941109033799,
0.741248167306414,
-0.713400643353914,
1.69471592736010,
-0.529531909993791,
0.546336985165859,
-0.956479712966049,
-0.306129642331269,
1.02607739461318,
0.0648691764836227,
-1.17359330531307,
-0.350100524372643,
-0.713123728818173,
1.20219804643691,
-0.0956681595301565,
0.0562907797845145,
0.175965065880863,
-0.0501059603590899,
-0.754849953769788,
-0.910907097064952,
0.124144927819815,
-0.980245922788325,
-0.235883859835703,
0.113006305737740,
0.931610954430186,
0.0244116982669739,
-1.68446701256634,
0.655626281994409,
-0.489606571554400,
-0.0139644977910150,
0.515676537292722,
-0.755905571507791,
-0.981624686851520,
0.561055292917999,
-0.0767141176930476,
0.298896961001312,
-0.181827426401003,
0.296033679623557,
-0.869583895339667,
0.729261837064816,
-0.304110065203049,
-0.205108279328547,
0.291597327344679,
-0.101789300708783,
-1.35413593318389,
-0.310021356558545,
-0.686370861831043,
-0.565162157291783,
-0.649371003841612,
0.684057162032102,
0.102358113398560,
-1.38791902485672,
0.818553752248860,
-0.544587710608116,
-0.251432024971209,
-0.825540847941063,
-1.57379733335712,
0.534057036647229,
-0.0516609290731336,
-0.703885540544318,
0.201455049818586,
-0.789794055760219,
0.846575359272581,
1.42214318087300,
-0.880751291049260,
-0.706214106815256,
-0.240345963269282,
-0.0844154941795011,
-1.01881530849065,
-0.381097356658049,
-0.544461135461728,
-0.937048593981780,
0.220041715149014,
-1.22738425354768,
1.59995029180667,
0.00297959574996861,
0.503120623015185,
0.609218414187528,
-0.317392408612409,
1.36816521355627,
-0.104985428729170,
-0.212659491949776,
0.300091141133331,
0.960207709593625,
0.200789324846072,
-1.11127891927936,
-0.796453995705748,
0.324501156104911,
0.672398569160990,
-0.817619890033473,
0.300210035703328,
0.455042962209390,
1.41119254270967,
0.386313020263288,
0.0788731688404484,
-0.0250945108967787,
-0.0470176253980638,
-0.200077510853623,
-0.236299049012803,
-1.14213031781797,
-0.797727206133921,
0.537164972845700,
0.702289991894333,
-0.749700079812508,
-0.679976742551977,
0.366594605847479,
-0.451381636656638,
0.229283160772011,
-0.0696609881720235,
0.288667342564715,
0.530713730748250,
-0.310120824172973,
-0.0210384918660553,
0.631951489670004,
-0.553887611202979,
0.957111629985598,
-0.480120972837958,
-0.163974826586681,
0.872073376362896,
-0.430940460894983,
-0.283194012154803,
-0.147276085411163,
0.274259133231610,
0.294916499359482,
0.166271974469892,
0.653522039492530,
1.35610631354943,
0.611115694409231,
0.0856344820631429,
-1.42413474213189,
0.916735780795280,
-0.314729387796482,
0.965417667521368,
0.363508708141977,
-0.368495379179280,
0.857156164612346,
1.76606021176235,
-0.391209047161479,
0.210869282423472,
0.0727675402328016,
0.353761651925824,
0.401747026390034,
1.06637126575516,
0.766483125524732,
0.109126566355474,
-0.388126024921422,
-0.133894897597868,
0.269787592443862,
0.600038439510587,
-0.552885762882984,
-0.0418480725238105,
0.0582744144392499,
-0.0570680576384420,
0.455152503296808,
0.600007194620162,
-0.121882672058987,
-0.620029327754059,
-0.677825369228556,
0.251930964029801,
-0.628970763509805,
0.0811151863069534,
1.16150404880683,
0.0637463321295723,
-0.465639662293074,
-0.931266166754816,
0.210169284154120,
0.0547760618972579,
0.247368931510709,
-1.51442473365396,
1.43582844505913,
0.177988485334769,
-0.304099087210937,
0.0101951349812425,
1.08965620396933,
-0.398336739519349,
-0.0308756592672831,
0.0621027059797314,
1.15434652588586,
-0.287769889786825,
-0.732408707822087,
0.624351017613680,
-0.587829296395742,
-0.900743853877367,
0.914608976920792,
0.814284772683202,
0.478947742893866,
1.37198692772684,
0.707379007462973,
-0.336041577524713,
-0.746768231461874,
-0.541288684947139,
-1.11492372039264,
0.00863696347273916,
-2.37480554595598,
-0.0803910564896905,
0.542685249776353,
-0.265945708275070,
0.441075569012303,
0.178900760223972,
-0.409298202523258,
0.890857682093765,
0.341216909031108,
-0.814761670349348,
-1.23038881427148,
-0.852959520242011,
-0.149538319604683,
-0.658825477647428,
-0.104522646223474,
0.154983103136176,
-0.951840752075720,
-1.01278094795367,
1.36585033682928,
0.428054788950417,
0.617589876692037,
-0.0124309355534913,
-1.39595827456761,
-0.0868075583614186,
-0.313963028149234,
-0.380666663077292,
0.970942010437111,
-0.166622408642302,
-0.682510853650094,
-0.723875760126599,
-0.0422008035272050,
-0.116253896763441,
0.623254704758268,
-0.135567756953631,
-0.281748102014447,
-1.19605316967510,
-0.127050891580882,
-0.198544717101882,
4.03713321671932,
-10.0473622098118,
2.24145495469910,
0.0869980798640423,
1.10227013605209,
-1.68082261126884,
0.624675696567737,
0.548148585617177,
-0.516900494397317,
-0.342563866721065,
-0.0658075075876241,
0.365422845687019,
-1.05485494241913,
0.304998195213577,
-0.0892888554691235,
-0.622349217519700,
0.266496929599490,
-0.241008392290454,
-0.391061004480542,
-1.34842557135740,
-0.387586681289987,
-1.03895786034422,
-0.0389229060396813,
0.195153188770530,
-0.291408780590241,
-0.0620869433691543,
0.719689789976584,
-0.160429414699176,
0.620704599901373,
-0.579862406820656,
-0.685097710090690,
0.258779410994738,
-0.161855361929679,
-0.165826750270971,
0.835849002560870,
-0.769281386739748,
0.147794167509415,
-0.884534154322592,
-0.421834031280244,
-0.299855357358775,
0.187245483821392,
0.961758437236271,
-0.782106105804740,
-0.573653348742090,
0.844076924705840,
-0.737813779908884,
-0.854690323071689,
-0.215093473626669,
-0.352299569732843,
-0.200503015827411,
0.125171946509417,
0.161188764480372,
-0.520069298646001,
1.99586065060397,
-1.49707264993103,
-0.749790429323414,
-0.0709728276107869,
0.640121977096944,
0.167314588202979,
0.587632343347893,
-0.865882503814074,
0.352118485973874,
-0.593442713762979,
0.810971871372670,
-0.215610947631458,
0.0401607582775687,
-0.391139304217302,
0.472781798044754,
1.63647086569306,
-0.210268407533661,
0.506739373877901,
-0.303420452522545,
-0.230304931649067,
-0.433393890572773,
0.967853453550775,
0.0490865076835228,
-0.0833225636816482,
0.249729029248945,
0.496142048192038,
0.0605625140600164,
-1.45396324211626,
0.912086840970199,
-0.282218213497157,
0.758097560901027,
-0.0915239619927453,
0.692669275254117,
0.00687219928689940,
-0.745496560600806,
-0.0106767396633549,
0.596169602540903,
-0.341629450734833,
0.344418835328986,
-0.417938295281367,
-0.00262057548006485,
-0.520876472812628,
-0.365161934535941,
-0.403866537989837,
-0.423641190684882,
-0.859387391024117,
-0.637756332008511,
-0.742878751642365,
1.18198701235368,
0.0501071905334809,
0.258017857547750,
-0.182010361450773,
0.0199575098451721,
-0.221397824417335,
-0.831296517663471,
-1.28687238774404,
-1.00820486421336,
0.0438224709796856,
-0.678457780608682,
0.524192896306588,
0.311576424186262,
-0.0539397955288707,
2.23790944606824,
-0.652529493671719,
-0.218637337308609,
1.58001714611243,
-0.453481314095056,
-1.15051109593343,
-0.612601025358747,
0.389320967267459,
-0.114516885150699,
0.681812571234129,
0.0567722978319654,
0.473147774604846,
-0.521608272027061,
2.15831652399753,
-1.79640760963979,
0.905016232840667,
0.642968884662181,
0.634719734062576,
-0.250108195722019,
-0.536354543954211,
-0.206120758728345,
-0.668095081796488,
0.242519498295174,
-1.30314313052446,
1.08536217223261,
-0.154484575943475,
-0.101098104212451,
0.931271277902437,
0.0724185313853810,
-0.770686911522285,
0.172351377508616,
0.0580077067098307,
-0.661119322575760,
0.271852102297264,
0.545035945194700,
-1.06751422143873,
-0.0421076325348615,
-0.0828593615743656,
0.142318928892158,
0.326348275366440,
-1.08495781296086,
-0.296839880028922,
-0.521600517902453,
-0.0978853304329618,
0.244098388019517,
0.144805045779095,
-0.0159194807328993,
-0.491661563210510,
0.228804991932598,
-1.16097130359753,
1.99483543914463,
0.394844182624571,
0.506760493442802,
1.64117639723442,
0.534664212175433,
0.740144880645663,
0.299784668223537,
0.429290901965566,
0.155297469113706,
0.790064363738113,
-0.0524482651149745,
-1.12141174645359,
-0.766311895485494,
-0.223671642160678,
-1.51805471252552,
-0.526816229894279,
1.05875922556356,
-0.263757390241565,
0.258654671215809,
0.371464392889106,
0.170954995995548,
-0.0260393282225482,
-0.230193640385649,
-0.564718896253113,
-0.388655750989750,
-0.793174240558555,
0.855030734943583,
0.115311771832334,
0.102276890883990,
0.517093704650922,
0.595355713623158,
-0.788660848882363,
0.0610518385938587,
0.435576924518317,
-0.0283613379142915,
-0.909034038164215,
-0.479624007623823,
0.660544562605076,
0.238875413359259,
-0.558059159225600,
-0.614477978777761,
-0.462600181679604,
0.534444223475843,
-0.434578791570357,
0.552071493272858,
-0.895554554034013,
-0.437238159842062,
-0.534781286465350,
-0.156369528433352,
-0.626835874358053,
0.0879684497576545,
-0.0696883616525978,
-0.910901938777058,
0.982039243745552,
-0.0120776726341401,
-0.266504787683822,
0.555359739230052,
-0.868813384662578,
0.739448729776031,
0.194174139180454,
0.462208173156419,
-0.120772241293425,
0.739197931746358,
1.12328528006708,
-1.68240374377392,
0.870254492062671,
-0.171198323394276,
1.45115697203939,
0.727002207289113,
-0.329212334660952,
-0.343143585028892,
0.735429579563221,
-0.214458363620471,
-0.158116149165846,
0.0707679778016202,
0.901756466247284,
-0.106232965969998,
0.218632791378772,
0.481042858006345,
-1.42570119689577,
-0.746427271362475,
0.432739452473857,
-0.995133476643392,
0.390070710337033,
0.300423243827039,
0.0438211102566826,
0.226845795724212,
1.51488518593319,
-0.845018668161641,
0.101926064744096,
-0.556414476140000,
0.316580335237104,
-0.328243316960862,
0.869461309425035,
-0.721022090202585,
0.0605339979522906,
0.715944154709166,
-0.884129387493172,
1.29351865829904,
-0.401892045187425,
-0.771732628578354,
-0.911012733250306,
-0.0499620331805568,
0.415035611218655,
-1.32269865139916,
0.625069562000498,
0.338825988001691,
-0.207529574066300,
0.153624711917661,
0.966561534936840,
-0.602493268921541,
0.250976214824898,
-0.656676408166607,
-0.139306958281585,
2.20677854349374,
0.165660834267741,
0.0125509825817593,
-0.458089359317321,
-0.459363943235656,
0.388016941530437,
-0.141114709379555,
-1.22724593659712,
0.576870789899281,
-0.473770591666945,
0.158516456614411,
0.799516220884240,
-0.362103443742265,
1.01304064246786,
-0.861733453019806,
-0.188541730889684,
-0.0252879386867409,
0.0535704184678566,
-1.57582259548631,
1.26709559079540,
0.947337956953840,
0.313059386800503,
-0.268979757136647,
-0.350146468755554,
-0.558180872664418,
-0.841635282384840,
1.72532488882705,
-1.15651123873211,
-0.391766677434283,
-0.794548807135291,
0.463965566062069,
-0.630789726735928,
0.928541773263359,
0.844641854560341,
0.142833696010530,
0.219502097762993,
0.371088427661391,
-0.796889739558728,
-1.19835595521030,
-0.627183905862941,
-0.131624261788418,
0.692793012410658,
-0.861042436679676,
-0.378655255144903,
0.227594038139983,
0.250224914242348,
0.417039363547852,
-0.349210352393148,
-0.0834980714026580,
0.492253542513541,
1.08184957774680,
-0.254330497491378,
-0.643529332412431,
0.162581128039919,
-1.14282408135896,
0.235517658053078,
0.805478490312051,
1.14913106940135,
-1.04135090918698,
-0.239533066316688,
0.254806920148101,
-0.767320931573723,
-0.339272079029066,
0.798659343327956,
-0.509652783857726,
0.353391664979818,
1.20870914124837,
1.36254505402003,
-0.137694432425307,
-0.711238120844282,
1.65336923432699,
-0.805054225698184,
0.307675546109955,
1.04722141358643,
-0.632524281311626,
1.05823488666305,
-0.523617156651799,
-0.891563154039141,
-0.0229917579905979,
0.257496173619501,
-0.301976203465537,
-0.275380921117580,
0.144920517376235,
-0.109175288800494,
-0.388312718748689,
-0.101410974718799,
0.933731609744423,
-0.723676370404424,
-1.14092182859109,
-0.392720937048528,
-0.635188399673947,
-1.15980716600082,
-0.441796476323018,
-0.0198954448441350,
0.845444771696746,
0.664025382677963,
0.303424758650424,
0.504696866940716,
-0.141036460704237,
-1.04445453432859,
0.800422756282288,
1.02025047575685,
-0.889906822355503,
1.03197705917911,
0.0538912495761524,
0.0776547358489014,
0.117184779402498,
-0.374871053349800,
-0.900052772730631,
1.70183211860878,
0.719278576648158,
-0.566639438080131,
0.191655451583507,
2.44131299977415,
1.38242290500197,
-0.224107849764037,
-0.0228523350611788,
-0.352024974846459,
0.813272380467230,
0.00316463087253317,
1.13935026604051,
1.28164752521801,
-0.437866820685244,
-0.616704752203526,
-0.779262004569359,
-0.299442045432325,
1.08696190829220,
1.75431979832432,
-0.373503807084785,
0.132238571761778,
0.140303081843740,
0.922388889715684,
-0.246942128676109,
0.315258768599163,
-0.0177003412542728,
0.647919153063521,
-0.863067302534438,
-0.749640283503863,
-0.373431869050265,
0.335885254327003,
0.947560041674602,
0.168710771263856,
0.741387949689774,
-0.453575294895547,
-0.586373022385023,
1.37388065586691,
-0.451905630661670,
0.157036688352412,
-0.519578351862768,
0.845109629197405,
0.423625062487595,
-1.21282496144127,
1.18757680715973,
-0.715640912949247,
-1.72862073165065,
-0.929279714268545,
0.108717452676671,
-1.00079587901775,
-0.0990673634868386,
-0.874922562108566,
1.90431269013745,
0.371718217284944,
0.0595472670886216,
-0.529589283168229,
-0.469392876277624,
0.720215407319169,
0.140114639802828,
0.963167469096669,
0.255253458288822,
-0.280863022415785,
-0.770948492734640,
0.460264610726531,
0.324928629541125,
-1.72264523237936,
0.127276889106519,
0.675790997106843,
-0.132585730256585,
-0.229157961969562,
-0.113233159415103,
0.352177487994356,
0.188188737994095,
0.569145403306232,
1.16055152852942,
0.108759195179574,
-0.249888405395675,
-0.307397646453742,
-1.13150391003944,
1.73472246100648,
0.0792422971057284,
-0.781490859642587,
-0.381322949935323,
-0.784203249472237,
0.234384117876399,
-1.61261869925881,
1.43769956288090,
0.749828837909006,
-0.150878232677156,
0.538593218515943,
0.791346908856062,
1.53741364530094,
-0.733000893634760,
0.856011896575968,
0.532046430487277,
0.154647253346373,
0.435305451273182,
-0.153217929052160,
0.769044099301326,
0.102618666430201,
0.0909387387675284,
-0.225969839710475,
1.33943975757949,
0.243465106384809,
-0.696772201942105,
1.14605897346619,
-0.0622039829716117,
0.303083152882932,
-0.231477947042903,
-0.989266763732804,
-0.106858625414810,
0.471828139915727,
0.960038179578203,
-1.45147282898345,
0.555889826234877,
-0.437053316153972,
0.699044716685693,
-1.02157748548910,
0.464219079939051,
0.264230516427605,
0.486907126966591,
0.397945901730997,
0.163650837804184,
0.0922873387295854,
-0.0637136739969717,
0.701304229399099,
-0.109224915972673,
2.67138015014129,
-0.354123064133327,
-0.456447785947309,
0.126271817950666,
0.803596399722179,
-0.222474182013304,
0.0310626409308809,
-0.876334127872045,
-0.0686980046815230,
-0.731863697787136,
0.00825850287445216,
-0.368066692649790,
-0.863373253536729,
0.211766248167275,
-0.326744942245704,
0.786413595091663,
-0.622655127705042,
-0.304170827360907,
-0.335715576772449,
1.36081534488708,
-1.48272094770715,
-1.47214447362426,
0.392701990671979,
-0.535157486427067,
0.0394056898638284,
0.227450520918592,
0.349660914122340,
0.400831812481189,
-0.230727704366297,
0.102833938539872,
-0.0332762585577742,
-0.880322772619974,
-0.850661422486376,
1.31361472164013,
0.143694013044449,
0.0908469536565820,
-1.72965239105335,
-1.01197778882287,
-0.673401555519687,
1.62994619327669,
0.716601475055977,
0.504947157540920,
0.643578737577829,
0.125942281009129,
0.158346251816528,
-0.232654630980310,
-0.330836817019826,
-0.618276578931867,
0.858418858356354,
-0.0277538045302509,
-0.333887804194153,
0.147033214425748,
0.356729484095966,
0.324633891558093,
-0.0488590988967551,
-3.70588256660471e-05,
0.374655227874278,
-0.939005923826880,
-1.46633969193639,
-0.522631011445625,
-1.19013448288061,
-0.440514569875298,
0.0959588576134584,
-0.143483586397977,
0.969310703011125,
-0.892519419142571,
-0.0295852005047589,
0.105412117585416,
-0.220762572750498,
0.742603588498152,
-0.854565669836560,
0.776781033295032,
0.230045101848342,
0.655374635749027,
0.686747293807372,
0.342890653629895,
-0.0622893544124603,
0.346250399421120,
0.919361569112632,
0.922051255680708,
0.475537807950300,
-0.521123038978088,
0.165475052798755,
0.143113096703956,
0.277263850024982,
-0.472943470254260,
0.166357265715706,
-0.602795299751022,
-0.198341729635300,
0.200268971863895,
0.590643754925154,
0.217642818665672,
0.770537557193170,
-0.902069231586305,
-0.0191627655760110,
1.13034797024580,
0.586916808568031,
0.785826663630383,
0.692681828624533,
0.351237057075126,
-0.298249175757470,
-0.0230080134629390,
0.525396363215512,
0.171684032330025,
0.227215313093528,
0.0987196918580887,
-0.0647726009139100,
-1.15121312512626,
-0.490613726585792,
-0.910705011383651,
0.110466430146335,
0.655378371609223,
0.348387906535389,
-0.0362853994954984,
-0.314137266172531,
-0.540834054333917,
0.269949963275371,
0.568577221162041,
0.562831497298054,
0.764258783589713,
-0.435604646230659,
-0.392978824427460,
-0.401830670498133,
0.661774380249493,
-0.416950119566981,
1.60628187694447,
-0.799925309979731,
-0.506709912175229,
-0.388969670631700,
-1.65989477686731,
0.886652913899887,
-0.614333096978723,
-0.0461049929537478,
-1.50852166095512,
0.559874585520856,
-0.0250739276680811,
-0.421900716684397,
0.290304489640599,
0.376954912462134,
0.385334086789508,
-0.550750148132214,
-1.05747962609098,
0.429400919746962,
0.405341025870079,
0.611603935430458,
-1.21009004083873,
0.0194451528349059,
-0.422790467266834,
0.161064818700570,
0.969035647720080,
0.765727742220626,
1.14964896897522,
0.896140263803525,
-1.01220976144430,
0.227948268116888,
-0.107016672000628,
-0.250082432932610,
-1.31901824800320,
1.07637818474173,
0.213127504093901,
-0.0893366115883905,
0.303839100096792,
-1.11008503099104,
1.32595723383321,
-0.501469368155027,
0.0414501358571762,
0.301021318723282,
-1.01987289290894,
0.893652236226449,
0.152598793395994,
-0.296135192246556,
0.409838867574106,
0.698414202765128,
0.270331253365090,
0.180790569211782,
-0.934512780504204,
-0.773319840824238,
-0.771124582614522,
-0.777987114034798,
0.400726147014469,
-0.247407396055318,
0.567099246381643,
0.317267003070655,
0.189785437064876,
0.823119728113379,
1.53602836641186,
-0.0917033999946443,
-0.826833262417869,
-0.809431422618395,
-0.422137275522276,
-1.61851351693969,
0.0329390787531792,
-0.421614018176704,
0.733898582413795,
-0.780128446217819,
-0.387759216075633,
-0.661543557631372,
-0.304155992263731,
1.22071582240984,
-0.173555712958239,
1.09298759300004,
1.67429221764668,
0.395341125442234,
-0.105325886660676,
-0.767155996368905,
0.450255318073089,
0.0836651420753249,
1.22756844859441,
-0.891243158775870,
0.830144618109438,
0.690149885575373,
-0.464252708618595,
-0.741069516631142,
0.561962413137048,
-0.799836298885236,
-0.301080574216090,
1.49394376276929,
0.428016741198652,
-0.257759647005905,
-0.416118087670189,
0.0813316090580527,
0.631226855118592,
0.161955701816548,
1.28114282825684,
-0.503593833087045,
0.681221590505309,
-0.121399546077832,
-0.719928503668235,
-0.217387643356515,
0.761092861873907,
0.236924538444228,
-0.773911424049822,
-1.09010369104530,
-0.113623925425323,
0.517312695976066,
1.34863080674284,
-0.708738720821119,
0.737485721574726,
-0.523313831451272,
0.428281407710283,
-0.124062425523164,
0.0639147000942150,
-0.409964457860870,
-0.484989795215991,
-0.190767872776490,
0.407344348988831,
-0.168486553288859,
-0.460966964714408,
0.480312322286115,
1.22263958191036,
0.0591492192150108,
-0.156933896544021,
0.0680056776694068,
1.11789314583799,
-0.238002314322706,
-0.361270716239482,
0.176203161568383,
-1.39162071761772,
1.47005027286144,
0.342424581272780,
-0.905395395548542,
-0.291535542062412,
-1.17473050908007,
1.58855996894956,
-0.361181083873482,
-1.60573875509881,
0.621526357804952,
-0.995069472559549,
-1.82093301965271,
-0.175415005840955,
-0.918589729648276,
-1.03555377927964,
-0.993237145235133,
-0.732761684275825,
0.240209563643845,
-0.240430465468778,
-0.541303415570613,
0.413888906986652,
-0.0733956068625089,
-0.415541853016296,
0.215276471446072,
0.0812597013219156,
0.812603912854138,
-0.222579218164431,
-0.654212473953546,
-0.218236072907724,
0.820840166436610,
-0.0422111866814864,
1.41685021037059,
-0.258554122525360,
-0.100187056222376,
1.13678995799192,
-0.0550334934552563,
0.532458875343802,
-0.702206786579150,
0.191136746244966,
0.0830809375112860,
0.109747235970545,
0.000813585021724658,
0.402595955456371,
0.0333854504222492,
0.591899135983324,
-0.562572418432973,
-0.425341547597086,
0.157312630197378,
-0.198885212789178,
0.322584836929036,
-0.131015701412378,
0.773938408503433,
0.337123808838657,
0.0697004421123034,
0.109652291555263,
0.508443529772078,
-0.573246037636799,
-0.623852148838050,
-0.170644921880661,
-0.652525205604732,
-1.64532492207025,
-0.921026775603373,
0.254398482460164,
1.10918520966638,
-0.225437094329744,
-0.530895876249118,
-0.595281554992420,
-0.358841329820482,
1.37961360628569,
0.134928354762702,
-1.32287727486724,
-0.485018020867748,
-0.103955847443436,
-1.34675011664149,
-0.593604613827466,
-0.413035086487179,
-0.407707593469109,
1.32103648182822,
0.392944935803276,
-1.71859647913540,
0.276761053943933,
1.77359277753972,
0.0737255454743000,
-0.817934230884869,
-0.643757711714247,
-0.0375534343622364,
-0.468578408289130,
-0.675222868032728,
-0.747117172238578,
-0.383377360872630,
0.250354851294686,
-0.0127146052053404,
0.0963723909459562,
0.546152605309455,
0.169155488609435,
-0.224490357281481,
0.374195893656349,
0.584209195478154,
-0.276851520775138,
0.188997840593430,
0.163696071237250,
0.171252363716677,
-0.0883183692743253,
0.391283233803629,
-0.521706824077254,
0.175125363589907,
0.946798113100719,
0.0655953403093132,
0.505741298664197,