-0.752499724679052,
-0.521216619563952,
-1.36119877705303,
-0.0742913597799591,
0.327174469349097,
-0.0261098001660066,
1.28582881626608,
0.655973022739614,
0.404657186025433,
0.659657060653125,
-0.805158533125707,
1.50116178757096,
0.0692779898812060,
-0.331673790589667,
0.700049634248368,
-1.25667973484228,
-0.375041193077957,
-0.848179961141370,
1.23221173218602,
0.448672796146228,
0.293024935531670,
0.0878741264402394,
-0.273011757666877,
-0.788044984701318,
-0.817535723207646,
1.45501104778873,
-0.149260705855297,
0.209115023383570,
-0.160592598992319,
0.0889441597135582,
-1.76289984943110,
-0.131820488548355,
0.498998475552109,
0.749999261729595,
0.842349873975809,
0.553567475319090,
-0.442281506747625,
1.17740493443516,
0.307647084061131,
0.310446160797883,
0.844372980959148,
0.269337936372988,
0.126141650965529,
0.699797147676195,
-0.641339263617172,
-0.0327106150296632,
-0.465487544251941,
1.00478431193393,
-0.464340694195535,
0.302652652117815,
0.648670322385628,
0.429908887951339,
-0.232177431361251,
0.243311449993473,
0.284869691038568,
-0.667442497153630,
0.131151548236345,
-0.277087223144695,
0.517441682991339,
0.418173993188463,
-1.00146666633134,
-0.0394597991847931,
-0.305707098902797,
0.389416653983527,
-0.582910411220234,
0.144099653569557,
0.0380545722231863,
-0.0212023386104669,
-0.763832418541259,
-0.538192309438464,
1.66347566659320,
1.50521827378536,
0.389135610267173,
-0.599469915735310,
-0.140234483547851,
0.560091926500338,
0.282736126783903,
0.379184469909659,
1.34123933192814,
0.427161543661837,
-0.0630657844520672,
1.32600492478719,
0.0607337059213905,
0.753710442877164,
-0.304377609557528,
-1.04670000194362,
0.650363290767244,
-0.251517024901866,
-0.0472439069207227,
-0.593713699004463,
0.511557872249928,
-0.773500012291467,
-0.735696773963873,
0.125691318468117,
0.945292069921932,
0.209665035313527,
1.37050275835956,
0.561200774601632,
-0.00597291216328505,
0.482608726395573,
0.719017769956277,
0.499525598470714,
-0.0949155059578122,
0.212005684234995,
0.233790338018696,
-0.596606449523584,
-0.0543677984847965,
-0.748497836433164,
-0.634737563324521,
0.487973121525073,
0.178182949282908,
0.00650971180419724,
1.71637635403571,
-0.0207191832403236,
-0.992925982273892,
-0.143595232301940,
1.08354416584720,
-0.0720696967260522,
-0.342619398253330,
0.0514024248364222,
0.272424667650948,
0.114269852812366,
0.404981177721668,
0.116447828623219,
0.172040279702512,
-0.406798261918074,
-1.15877630593134,
-0.0972750788649935,
-0.138824698026529,
-0.209637190910630,
0.167753978303720,
0.628426941384967,
1.19262648837443,
-0.483840943556336,
0.702299977316209,
-1.46914616559626,
-0.204325342742076,
0.379578621067822,
-0.0957924158094622,
-0.644960222186464,
0.105695407461950,
-0.576562614932694,
0.539474136588724,
-0.442143108195296,
-6.25259382879920,
-1.69239065361879,
-1.85701304434755,
-0.824641789798286,
1.17605569999903,
0.0596671514109919,
-1.17935743353026,
-0.209963151717408,
0.623751871625049,
-0.848607130754894,
-1.28225676470006,
-0.528152744342283,
-0.106096174895563,
-0.691645586225071,
1.12759808416295,
-0.0942217556580856,
-1.15459528716889,
-0.270101865731346,
-0.444193727097106,
0.549537466333550,
-1.66411761013986,
1.10612815543021,
0.0942094687901171,
-1.03164205754648,
0.315979650103249,
-0.140113538264676,
-0.894342471072070,
-0.135242711249711,
-1.38869996234645,
-0.401293464157624,
-0.705772979603156,
0.510843142819546,
-0.00463555902518941,
-0.155822707986316,
0.465470022677965,
1.16355186102814,
0.140928111171170,
0.429573397372885,
0.841559933353763,
0.702322304629944,
0.350067739902439,
0.348481543805824,
0.102956078254109,
-0.942435272923586,
0.525608351404908,
-1.83560567823602,
0.108282740810575,
0.465590566711843,
-0.265860786807499,
0.749708706853345,
-1.45546464502299,
0.662700086560878,
-0.453117042814241,
0.134517803213917,
-0.0664023143945468,
0.215350163927025,
-0.819348574814159,
0.695359632210851,
-0.817129995215151,
-0.203575119549402,
-0.743098510482518,
-0.561854024916075,
-0.0921159538517333,
-0.459445912366977,
0.508583250787029,
1.16548060841216,
-1.32851383701739,
0.446069902300936,
-0.622845236932842,
-0.0196608945257616,
0.121382037673960,
-0.270189301487885,
0.739884110815854,
1.04608008466533,
0.460790139132118,
0.00180349444700377,
-0.125469716987939,
-0.0274980404084417,
0.182955232828902,
0.0619826856733680,
-0.0211208885223533,
0.497795542295047,
0.448342920059951,
-0.768314768565555,
-0.530145432578312,
0.0119422493610930,
-0.626948539345864,
0.0908008937472209,
-0.253925111442116,
0.971046108891238,
-1.35106452921012,
0.488327493782127,
0.158437873831502,
1.49993418140633,
-1.02902875153496,
0.371280906675043,
0.115938821449897,
-0.207744859107406,
0.697422620706288,
-1.30400636185273,
0.658114909269371,
0.178278872991621,
-0.493346822913613,
-0.948564532194933,
-0.695607205451907,
1.21557090172950,
0.0575787217936932,
-0.620705499416444,
0.429321575663194,
-1.19520808211034,
0.0563441836115035,
-0.422047328271814,
0.472148991910166,
0.208142161099492,
0.909612296600167,
0.440618405315024,
1.04755172252676,
-0.668476533836351,
0.120773189850107,
0.181115579121636,
0.441601825139352,
0.0606313648639876,
-0.737075444320376,
0.292325590867917,
-0.240224958140470,
0.301510368273267,
0.157106480852014,
-0.322300672144839,
-0.219657482277462,
-0.153527307701102,
0.209124951703525,
-0.289515400481857,
0.143186377767624,
-0.401067834274015,
-0.0579826953600629,
0.928752915422674,
0.606456920941703,
0.688178085329325,
-0.705633548858375,
-0.456574183044708,
0.457745926558331,
0.329328264551224,
0.242129992188485,
0.119878139997750,
-1.01863496687116,
0.181821745920594,
0.148246909049298,
1.16741506001958,
-1.47548418181698,
0.670507534001025,
0.0874324222962437,
-0.736786785893728,
-0.770524576753924,
0.369003990364416,
0.0599037038555669,
-0.0553889189514032,
-1.22232826509427,
-0.566339761366455,
-0.425903707042451,
0.563969401684572,
-1.31406873916649,
0.222850879048086,
-0.280871993623012,
-0.256295964316097,
-0.754200095920877,
0.0972875557758380,
-1.49508951445050,
1.28885229025101,
1.10311461814826,
-1.67454171803930,
1.02635858425926,
-0.906656507247387,
-0.134214857311804,
0.135908135136250,
-1.11256039129611,
0.253093252917234,
1.30474026883170,
-0.738635187380448,
0.290241318151925,
0.256629872702057,
0.113998626598503,
0.219154340956179,
-1.14217952997986,
-1.28775931962998,
0.747915596154517,
0.132051275896533,
-0.521539021777456,
-1.26358502133049,
0.115643131719730,
-0.720549684121950,
0.197406685105737,
0.456525162092654,
0.502600819495360,
-1.31879461743891,
0.0439822001627837,
0.762663562619168,
-0.196808151934922,
0.524623075068632,
-0.114469954716095,
0.212412556262364,
0.332162253233395,
-0.360529550672234,
0.514612877256630,
-0.948518833602501,
-0.506062766814980,
-0.856936207765942,
-0.492327175354055,
-1.07368317098236,
0.0968189307750867,
-0.608814147425331,
-0.267556764458300,
0.218845187157899,
1.06335559282823,
1.15762092068706,
-0.277031093846304,
0.113940471916325,
0.209909338830003,
-0.219399171112411,
-0.0912972273508256,
0.690546846377758,
-0.456683069441701,
-0.267128533260393,
0.639221332054587,
0.376517450918275,
0.127734980162178,
0.712581290861959,
-0.666460361098398,
-0.0582932335014814,
0.918175886427241,
-0.310532783960261,
0.196766854188152,
1.83307660770921,
0.0439384208553557,
-0.223499711828598,
-0.382815392959415,
0.0148756116769817,
-0.122107437373761,
0.131378125807716,
-1.80815629550429,
-1.16135839940462,
0.383487384487047,
0.222234209062164,
-1.61579493287254,
1.38936798696600,
0.694690029332321,
-0.198111021728946,
-0.550050173707561,
0.201775913011959,
-0.281087535619522,
0.105756829111078,
-0.933301255251858,
-0.950392189361624,
0.556435484933971,
-1.19881942922024,
-0.312576825656429,
0.980861175322642,
0.608622198616943,
-1.08630380124788,
0.998634532155564,
0.677621268624877,
-0.311815568917529,
1.09089097276977,
1.37544630544913,
0.888616297403362,
0.738376484638188,
-0.237303301410238,
-0.365849320510598,
-0.276955099841454,
0.753902960264930,
0.0786357296416111,
0.431353909741951,
0.138275277468241,
0.263019270727296,
-0.447762701794711,
0.585467513501395,
-0.0218105275931488,
-0.453097398733092,
0.172381539091816,
-0.417816786619153,
-0.513554133187583,
-0.128208781264672,
0.137625728757085,
0.991212527384076,
-0.424532923294772,
-0.448294450599820,
0.0668966137960581,
0.848956817972113,
-1.51986893422771,
-1.00502820462412,
-0.493284603249844,
-0.141345418630047,
-0.531397299546113,
0.624471924545095,
-0.0661100857887938,
-0.163478090217517,
-0.853826444816635,
0.743236963177224,
0.267169231114001,
-0.955649731406185,
-1.30281193309255,
0.0747793816538827,
-1.27896931251038,
0.546893614227265,
0.465283850303223,
-0.524957604894113,
0.0601359868076960,
-0.883389840850077,
-2.29765476870828,
-0.901469295973527,
-0.615800913733785,
0.0872108259220578,
-0.514276710218466,
1.03234547166740,
-0.367139611840488,
-0.635862231917610,
0.930058793397886,
0.417829889073751,
0.0206691990916201,
0.553550408532314,
-0.619467557589693,
0.595153462906940,
0.291090653746759,
0.613082636403955,
0.489381605696962,
-0.497918247550338,
0.492461258349062,
0.572921578981785,
0.349087825123497,
1.17965621401419,
-0.253722847038537,
-0.149220066838896,
-0.956101324791810,
0.752829219939120,
0.0179662649937660,
-0.529752679397630,
0.547885034038465,
-0.388920759438567,
-1.14787824302018,
0.511360080352968,
-0.393537090486563,
0.141106892903485,
1.19645404601855,
0.613251470406043,
-0.175669192044061,
0.0726075343738209,
-0.492736216992190,
0.796532328522686,
0.116918297065667,
-0.710579436089936,
1.58234289083175,
0.184942099480276,
-0.429802994201095,
0.661100283577726,
0.250931351819142,
1.33663492873506,
0.132453445577026,
0.882019600418463,
-0.172915753998947,
-0.780807687067857,
0.886845078194773,
-0.368407916409850,
-0.600666277922066,
-0.528357945159967,
0.552350883752123,
0.450618541155635,
-0.199716966412013,
0.0128846993875148,
-1.05183532291897,
-1.35702712887702,
0.236874074465757,
0.0337425300764503,
-0.509787607387423,
0.321381257844542,
0.0775808733891154,
-0.0811465040816049,
-0.621362269532025,
-0.789772666934307,
0.120479332035077,
1.14038593845114,
0.186113784630197,
-0.00564300831318446,
-0.356193509608276,
-0.551801434601319,
0.177498713801161,
-0.396012315428807,
-0.121985296501198,
0.458379048718282,
-0.565990266322555,
0.592107672781838,
-1.04096690766255,
0.299642899517630,
-0.745477894998261,
0.657253778240457,
0.0190851873755332,
1.17091870113485,
-0.296642653725390,
-0.520424628253379,
0.862515378437928,
-0.517741392892773,
0.0915931451388868,
-0.323842957549712,
0.941100575202424,
0.173320371838540,
1.11885937754526,
-1.42528916142111,
-0.195022074233865,
0.456369104112129,
-0.102525086060174,
-0.674587091018768,
1.24138471296445,
0.464555737118214,
1.54100067266204,
-0.583574258931154,
-0.382788992178755,
0.0482622953274936,
-0.359998368824723,
0.793156473930908,
0.610389791047109,
0.798775326444661,
0.264450528149776,
-0.190651167764421,
-0.696875043931368,
-0.404097700228501,
-0.510022730493329,
0.194483771986387,
1.28436215039123,
-0.580469805438253,
0.510129088163999,
0.0726507875598451,
0.0498827807615271,
-0.800333462054494,
0.129365496865593,
-0.173184454124899,
-0.370276312233910,
-0.0511105109209780,
0.658085088729158,
0.899745233710611,
0.159115274371817,
-0.132243606710458,
1.62514819657784,
-0.805860475007853,
0.100927987948495,
-1.32927366821875,
0.692756506043225,
-0.0853341974566364,
0.755323066436743,
0.123569467809815,
1.19535146880639,
-0.320558297632227,
0.314511172800466,
0.192990291130621,
-1.15444227232928,
-0.334615156560251,
-0.619965800663563,
-0.418228087380761,
-1.32201091316637,
0.482170865997357,
0.0681785575097301,
-0.371578344667858,
-0.313877887146524,
-0.0115358423216335,
-0.417234342073892,
0.816241822919831,
-1.32745867432928,
-0.408191005080969,
-1.42128049291339,
-0.0162285424480231,
-0.906890430424317,
-0.279222823402753,
0.355712259335107,
-0.0718320922538533,
-0.565441327018726,
2.46660214758794,
-1.50714755706136,
-0.332108657301761,
-0.0452023064209689,
-0.657229722464839,
0.301529975276163,
-0.859071438816388,
-0.0671709024101167,
-0.0998927157382736,
2.02886386484820,
0.181511333153949,
0.0772126088606783,
-0.681379851925128,
0.607435100631752,
0.427430134620179,
0.150711338406293,
-0.735825157547231,
-0.00402011427097895,
-1.50022848900937,
0.899354018985691,
0.350666874577865,
-0.809082937040475,
0.483785060335520,
-1.35520922589342,
-0.231622464586977,
0.228188339137390,
0.716467203565219,
0.00620762041160830,
-0.128532256984284,
-0.218291522506701,
1.25884895234022,
-0.184371698903423,
-1.75191580167094,
0.376796709561127,
1.35569041004865,
0.321341920203629,
-0.434485855826910,
0.973507059712315,
-1.53244306973621,
0.422991805278280,
-0.513979234038378,
0.784504178539674,
-0.165983105290172,
-1.23741229495640,
-0.826163275279656,
0.556338053865987,
-0.730986495041098,
0.0714120635211099,
-1.02710160148314,
-0.980401127685342,
-0.547714890443257,
-0.531096715420733,
0.780061563184421,
0.402510248118931,
-0.577244249248121,
-0.587559243574919,
-0.171717961470801,
-0.377951733414370,
-0.210665574508016,
-0.585849697452934,
-0.206788005669536,
1.45764867994311,
-0.543751509224180,
-0.0453983247403852,
0.461780408258734,
-0.154363127095469,
0.318507688020505,
-0.702237970008347,
0.178238940328363,
0.157697491691524,
0.118067866642205,
-0.604361690768831,
1.08087075470129,
0.000119938586432312,
0.767094190986716,
-0.701432233391808,
0.269808250058391,
-0.159026220891461,
-0.0914502161173901,
1.64865933330353,
-0.105232946706488,
0.148532030281194,
-0.158155377284730,
-0.203114829913248,
0.138918124490860,
-1.18995290289878,
-1.01684374065411,
-0.300424760154131,
0.805523126430682,
1.26081723148740,
0.376276452371002,
-0.100885340074134,
-0.799850993408335,
0.120130732988553,
-0.651734028210509,
0.783150913347780,
-0.849943196217958,
0.0353034007383544,
0.812605070026014,
-0.603271185394096,
-0.729846858691433,
0.717623461229348,
1.27374248105631,
-0.522142917458495,
-0.447013206621006,
1.09958163720910,
-0.697993514496891,
0.453806386063578,
-0.309367989095373,
-1.20662200673614,
0.0949288562153908,
-0.310896299753583,
-1.44960780438813,
0.385195462558207,
-0.0174619803410572,
-0.281021456952897,
-0.361979738220130,
-0.388452435467794,
0.216533981556142,
-0.0235476378393403,
-0.218930051725866,
-0.336411879738678,
0.452592885891233,
-0.182510874883378,
-0.676482830640441,
-0.335573407952821,
-0.210347966265496,
0.453970866518394,
0.282627884026385,
-0.214268992058167,
0.489446429902962,
0.211315758239064,
0.522276223282861,
-0.159688022442039,
0.334174038432791,
0.0461640993191240,
0.0863367277531167,
-0.157053190267881,
0.425929302608990,
0.143570610235909,
0.319043944276020,
-0.0422304469383052,
1.12586711569835,
0.982064487407677,
-0.285713254837368,
-0.656968636588794,
0.346987425552945,
-0.111542632746377,
-0.173081172476686,
1.19259329165085,
-0.184067999807755,
-0.354586732176910,
-1.03164978269841,
-0.475739336506312,
0.750704997792032,
-1.56276366947694,
-0.170951475476544,
0.230179418303364,
0.386851957732878,
-0.940405846076855,
0.324709479919202,
0.459454843669295,
-0.125193824429937,
-0.740486766559594,
1.58007577163925,
0.0179934161477688,
-1.24819495121792,
-0.568222346898758,
0.428924963292032,
-0.279214672520290,
-0.618831301316139,
0.235075462054815,
-0.728462885984648,
-0.672038829715198,
-1.00765410093130,
0.881672981850075,
-0.579155743082134,
0.0717900622233891,
0.374455612347231,
0.308698353741100,
0.292899474653168,
-0.399912583379790,
-0.144626485526011,
1.28576881857548,
0.113638717342295,
-0.304856593173702,
-1.31306640920864,
0.699686483383228,
0.118898297025297,
0.182088887875848,
-0.927035106044063,
-0.0806012318364332,
0.528653410725073,
0.264040980030569,
0.670195406268171,
-0.572866896426669,
-1.24717774809543,
0.927540367281433,
0.0387987984050566,
1.67832536532975,
1.00591827050193,
0.828228542191836,
0.631032308417373,
-0.138831910737325,
0.776087527985340,
0.115649045526912,
1.04280680370379,
-0.0525679059341530,
-0.647039563955760,
0.997901217074007,
1.69539551854840,
0.274101700762370,
0.376640918504234,
-0.688022315787248,
-0.805217921822329,
-0.838386374343046,
-1.38312386936524,
0.823458911112667,
0.358158204414916,
0.451368619629636,
-0.413745847595688,
0.177840010378844,
-0.440168245189414,
-0.135690652394815,
0.115128541945432,
-0.828624630630516,
-0.911069469952557,
0.364522511044435,
0.239313467721848,
-0.201839014455538,
0.190249619351311,
0.915331405591233,
-0.0552195730377552,
-0.121954372277977,
-1.20872847085839,
-0.472176506445890,
0.932994866057895,
0.431109790169656,
-0.451912304799159,
-1.17530885124985,
0.229192217308163,
0.128405818348138,
-0.331013467416816,
0.640312190559576,
-0.185180579455348,
0.390300768315910,
0.275064227268378,
1.30181566008300,
0.411907025179235,
-0.838023981963674,
0.535617920760171,
0.00352870187291391,
0.0708023679631450,
-0.547278834303602,
-0.332539476462876,
-1.04125972651685,
1.18478772685427,
0.124500020418439,
0.882102641492932,
-0.0385095839894091,
0.529944698117089,
0.664135237831240,
-0.902048706709189,
-0.0140153206043279,
0.205288501426733,
0.366731567758728,
0.654779445861552,
-0.322510117577402,
0.107325917977490,
0.592560888098571,
0.113630722356603,
-0.996117578854204,
0.911416263848796,
-0.510808269096850,
0.682720770954994,
-0.877374755657779,
-0.860412531420001,
-0.354890178225768,
-0.0634910144458911,
-0.464157066036364,
-0.869038239877671,
-0.780669645553200,
0.321208022171140,
0.471555240871873,
-1.11589481688188,
0.565627106965019,
-0.954686964280069,
-1.14173928006783,
1.22562849084877,
0.414513198227238,
-0.137549488676792,
-0.921094268669391,
-0.612839894162493,
0.408483400413995,
-0.749137570532961,
-0.268096601203724,
-0.117480648155955,
-0.156308623145730,
0.443514211656308,
-0.0963098086520921,
0.270859149040521,
0.569692556741424,
0.00590373349088921,
0.369167487603917,
-0.980746175800913,
-0.516643860506378,
-0.785486302356669,
1.15686099124844,
1.15904597877647,
0.524173877755142,
0.696093717248514,
0.203162449602556,
-1.33533994683562,
-0.558678633753346,
-0.0946601424604052,
-0.321424011535097,
0.0795126513963751,
-0.941350507325229,
0.542445107377806,
0.712667243388245,
-1.75411486838570,
-0.0547171462976186,
0.0270280181053771,
1.27935950207869,
-0.239217809734550,
-0.0333801411154610,
0.00604066272265656,
1.16555020154511,
1.20849026202089,
-0.341566493118723,
-0.132892029849838,
-0.306621295920207,
-0.447861235482989,
0.242564550754866,
-0.143603755938733,
1.38959396944142,
-0.730523988917742,
0.267779088033307,
0.821831975470564,
-0.357780409106789,
0.155144937813164,
1.71140303891251,
0.950905914259971,
-0.407870761751206,
0.0456478240121206,
-0.828489311582134,
1.32186662252147,
-0.265331299109124,
0.709114911379270,
-0.220805444783898,
-0.532201163076913,
0.186763563475146,
0.181772909210254,
1.40337939275721,
-0.805143459302372,
-0.713539324116714,
0.624417244889121,
-0.815445526150428,
-0.632107197533274,
0.472678811259932,
0.442439604820890,
0.421091590479303,
-0.133449394044717,
0.292212703129029,
0.624253127435937,
0.266819913911660,
0.735321931090017,
0.730868720717093,
-0.790641052439129,
0.592022068504506,
0.252524419125859,
0.416500220181319,
0.464135247593290,
-0.251190596933100,
0.612241421949417,
-0.0684312160447349,
0.567822559364490,
-0.523732912975388,
-0.232959108939716,
0.507893587176596,
-0.641736345486207,
-0.544038332972057,
0.914529090662790,
-0.864125369444911,
0.245858190652851,
-0.0393830226769110,
-1.35871628729906,
0.209365997327240,
0.913860278942520,
0.0850088702414690,
-0.642812400245076,
0.680327276659654,
1.37382368405717,
-0.828946471792663,
1.02632176909033,
0.652770503636339,
0.650790816044475,
-0.259749772786891,
0.489955828211788,
0.647942777747116,
1.02002639940740,
0.425761922253539,
0.0952560452572900,
1.20533949550344,
1.15751673930721,
-0.352031374628630,
-0.456610936497368,
-0.179209083524168,
-0.232647453066779,
-0.0471520600118899,
-0.825203729454118,
0.907583035063438,
1.43599970554621,
0.468009572712378,
0.298657895604277,
-0.735555266181942,
0.356375159163923,
-0.595187464995790,
-0.308606923258196,
0.0647580123700945,
0.194160958822764,
0.249607162013974,
-0.169779982399397,
0.111956938530646,
0.302921274918802,
-0.0325290698358436,
1.57548994823353,
-0.696693012513888,
0.282414670161995,
0.305794919551798,
-0.319977639897025,
-0.848377018891916,
-0.861888883978129,
-0.182431919184263,
1.23388168332158,
0.426839986265566,
0.442823147069277,
0.585515623409695,
0.109861969432559,
0.391293135045711,
-0.154545871340894,
0.186821990736003,
0.309353699869410,
0.547363543875088,
0.594976065443746,
-0.779483848453476,
0.271366178927350,
-1.25913792235945,
0.431855201495251,
0.265853958750471,
-1.02702104456420,
-0.184142630383221,
-0.350463486344961,
1.06775892663095,
-0.896350192405310,
-0.0728194877236097,
0.800014444242315,
0.385038246015200,
-0.618031307145712,
2.15845781456773,
1.13079892319034,
1.39995618583380,
0.909712066165372,
1.20174017520708,
-0.236799748633065,
-0.629526451874650,
-0.669246733930023,
0.436536332476702,
-0.599759614229829,
-0.150674155185949,
0.230010879646561,
-1.03151721348900,
-0.636458672749224,
-0.663331672249890,
0.978087404635425,
0.258337070103585,
-0.281672217728492,
0.138842536734526,
0.0731480672770673,
1.02500712476392,
-1.14287787126049,
-0.214657058518628,
1.11449114967506,
-0.699095383798462,
1.11358516468729,
0.501125166909512,
-0.103810239900960,
-0.704077612793765,
0.0948886289478643,
0.857616088475771,
-1.20349160505025,
0.410316959840245,
0.135758842382182,
0.299247806957880,
0.123499597143901,
-0.0527987675802197,
-0.0322657399595516,
-0.279882504619911,
-0.339556787121218,
0.0849760505398639,
-1.70444604978567,
1.01006637741437,
-0.0281770921636061,
0.840912730767040,
2.31610149945613,
-0.749367932212544,
0.642373845954402,
1.09363743854271,
-0.331365068871749,
-1.15592393358724,
-0.796832274919137,
-0.0872168086080496,
2.10490701518303,
-0.390905884794607,
0.683075219979884,
-0.736944307198123,
-0.128686748100428,
-0.0939095676979295,
0.669874299350206,
0.0138505379605738,
0.149371239275741,
1.65237079817095,
-1.10403105399934,
-0.804481215986222,
-0.410665764376094,
-0.138085743972263,
-0.713718613246857,
-1.05223367523472,
-0.0466642180234430,
-0.722960276738817,
-1.01285083658080,
0.563912490578524,
-0.242669787202854,
-0.480079213163544,
-0.864707933947580,
-0.300094734759556,
-0.0688749764905518,
-0.952329793076278,
-0.187368984020144,
0.588476329692594,
1.07204245131093,
1.15169837502422,
0.182869881656677,
0.291581807846669,
-0.652610821183948,
-0.0948513938487531,
-2.12881326895814,
0.726685036117304,
-0.131602400210060,
-0.550727094013873,
0.860239855739276,
-0.0328336015877271,
2.44112449013756,
-9.92573475532869,
5.64792335021198,
0.443064997446330,
0.128530633686963,
-0.589689317241321,
1.01382949798701,
-1.81506033045323,
0.333445865620830,
0.263031479887764,
-0.234805094578839,
-0.461878200166694,
0.388732229082268,
0.303776214926392,
-0.0707234575413835,
-0.559264931094133,
-0.483682710397470,
-1.13351512898419,
0.114273147208619,
-0.660532685797375,
-0.636798378811645,
-0.427853394986784,
0.225233739883851,
-0.259820026400494,
0.993492593170011,
-0.220995110666587,
-1.78020010822851,
0.269759847565764,
-0.675014357392001,
0.291495061308234,
0.851412086541738,
0.235702510754012,
1.22147884838985,
-0.00990680999764562,
0.0358022727668229,
1.85375224809872,
0.0278828855075686,
0.355272625078879,
-1.16701159265405,
0.584435250315086,
-0.344251000199631,
0.586508472792492,
-0.316579497282974,
0.0423076783831541,
0.774746917571216,
0.776371656442519,
-1.09749463725335,
0.839041295232098,
0.391923302613844,
0.499273576627360,
-0.331380335657196,
0.974281232633931,
-0.0216779557927092,
0.0595035461282657,
0.482445383056517,
-0.516608658718834,
0.540062622429305,
-1.23756044918324,
0.475190234999854,
-0.151833114131293,
-0.132620266259512,
-0.119865449829459,
1.04234357692069,
0.0126713908249583,
-0.502172954551021,
1.27851371919703,
1.81619711082438,
-0.229326859898747,
0.114561433349479,
0.634187325415345,
0.319496357982031,
-0.0453736205402607,
-0.352950203441084,
0.454306300776974,
0.758858386548040,
-0.166484457749553,
0.725455562020960,
0.263342084498754,
-0.358685907922070,
-0.211300968643202,
-0.383467686893352,
-0.816223985228955,
-0.779590213593382,
0.0393957888988297,
-0.687737430892595,
0.156989520465343,
0.374998643939809,
1.62769735851735,
-0.520348683390181,
-1.45164018980459,
0.300296683023620,
-0.232978570723260,
0.141844934118881,
-1.01550629326185,
0.224040154701593,
-0.0392337818367674,
0.685239727379837,
-0.772815623055191,
0.476575704597547,
0.212212599355887,
0.314091270201582,
-0.493155211716115,
-1.00037475174899,
0.266696705486712,
0.817820630344666,
0.235433390210674,
0.454684428083826,
-1.03652499732302,
1.40062614416211,
-1.34714018149753,
0.790272225445736,
1.02691141295926,
-0.274933172715693,
-1.05600020801828,
0.0808518231954209,
0.544813001223296,
-0.767721553916545,
0.329848686636994,
0.0839632871608543,
0.662683441597843,
0.502268899064720,
0.802665717964912,
0.203462987892822,
-0.198977734957690,
0.686912464174672,
0.551048009777420,
0.133172686968287,
0.590695172273115,
0.304271331269909,
-1.02270062219893,
-0.731751167943639,
-0.283141576218188,
0.613354768522525,
0.300446078473802,
0.169275262471929,
-0.441188408353504,
1.61170907994986,
0.696329983250045,
0.0632560200590843,
-0.0505354006593362,
0.765355178850508,
0.712264437885084,
-0.464773813359854,
0.0767722631661497,
-1.06812821090419,
0.512488615491676,
0.0907548479258871,
-0.472223711978823,
-0.418199754257076,
0.457157100053455,
1.34969953573443,
-0.122493130584856,
0.728090081908217,
0.906855473188340,
-0.0960302127964815,
0.599168689246056,
0.385916831740222,
-0.316055754102492,
0.422870832497313,
0.0726184112806312,
-0.565425081056619,
0.0391639780264995,
1.62407848155670,
0.0490640161529019,
-0.234726373766187,
-0.668471957710513,
-0.441523502321389,
-0.0209920237951805,
-1.02443103858653,
0.0874019067106122,
0.647444749178759,
-0.342124844453346,
-0.148935786668739,
-0.330236347650751,
-0.792469395862751,
0.997773058299273,
-0.284266883137841,
-0.859682812468308,
0.788318253139034,
-0.680712794279109,
-0.747052090391325,
0.347418559530746,
-1.31272064633808,
0.969033051125967,
1.11320577066416,
-0.433315412958154,
1.22384838058124,
0.235178220538179,
0.951696156126222,
0.604154553352200,
0.225196283017624,
-0.555089320913212,
0.651670995992788,
0.196458674185199,
-1.09370236719382,
0.471490786281701,
0.204887890448791,
1.14981040410125,
-0.622999886111501,
0.800584499588530,
0.467707807249586,
-0.662312216407438,
0.628208567070259,
0.461093872644818,
0.887453523108116,
0.778086908599400,
0.196455301671494,
-0.519811160309363,
-0.472668791727389,
-0.956461694191972,
-0.622762608067234,
-0.329069517696554,
-0.175174284522008,
-0.0942753011130107,
0.00258422617911221,
-0.689676526778819,
0.0143751576981063,
-1.61637682903537,
0.856092051069145,
0.540743699186956,
-0.200621786656093,
-0.0950559273506889,
0.204061456494521,
0.346395286256420,
-1.13139163674539,
-0.345608065596759,
0.549055252156650,
-0.710889352372148,
0.198581158089591,
-1.06020339457294,
0.0136128562504655,
-0.329240605102990,
-0.829886027349236,
-0.163153101714733,
-0.241178962161495,
-0.403085267213018,
0.576553172049601,
-0.428949990923663,
0.585706748129103,
-0.258044085689378,
-1.05861237394561,
-0.628088796800114,
-0.952061341124722,
-0.432329726931671,
-0.377614978337747,
0.148071166151047,
0.143297116196935,
-0.220461678883955,
0.113712571968146,
0.278426020147737,
0.166307014158663,
0.209538259961200,
-0.198607551062540,
0.693630083292169,
-0.345788622174985,
0.0132676543826089,
-0.0325776779361014,
0.396369517547926,
0.304013933281303,
-0.259013263310129,
-0.101750017622010,
-1.57042236854195,
0.309415342101580,
-0.323247366278002,
0.722535437137125,
0.170611897594842,
0.529420132551788,
-0.332417786001953,
-0.520788921209637,
-0.951960651784106,
-0.608747669561340,
1.26422835290925,
0.534440330650157,
-0.212130408899407,
0.185029318072504,
0.850719544376332,
-0.345991578443458,
-0.0813968830821229,
0.0682199466187822,
0.0839347533969918,
-0.456417719450962,
0.762640144022992,
-0.360665513423857,
-0.425768591574255,
-0.903397762589798,
0.548807368280679,
-0.0719543871839024,
0.270529210556660,
-0.709054832958875,
-0.110342489251507,
0.222592097591707,
1.88332283063271,
-0.281610693352593,
-0.0355299001649258,
0.285580819565025,
-0.108110802217911,
-0.0862982718924300,
-1.01049741691635,
-0.0788117049139819,
0.851146531611643,
1.22625467793317,
0.493869286550544,
0.320637542675165,
-0.659311467071577,
1.03276551859993,
-0.546760405764567,
-0.0673195981836410,
-0.912432281188345,
0.637576926709880,
-0.0481229068616874,
0.786220010200638,
-0.715575002742267,
0.286405590524938,
0.362459957756545,
-1.28416891773501,
0.0506105330832254,
-1.78662673288319,
-1.69019732168693,
1.31467169146594,
0.620798366489524,
0.565272384106750,
-0.0780741785410946,
-0.292324209947155,
0.0849886760586521,
0.131087728876472,
-1.40457593605321,
-0.0141850226882682,
1.30185527963900,
0.806596704930331,
0.213839473421798,
-0.178093009104665,
0.318774471375463,
1.25390782651356,
-0.482160921075258,
0.602382614002686,
0.908337378680886,
0.700694583239037,
0.00307412827500853,
-0.670691769937478,
0.624220983627969,
0.136407122084165,
-0.799029044300068,
0.608013822770502,
-1.40091732986457,
1.42415112592529,
-0.414171206129980,
-0.655863111414669,
-0.453280537217855,
-0.702864981301936,
0.524007807271031,
-1.47737684513761,
0.398234927173598,
0.325616046726674,
0.326678491044584,
1.58071268287040,
0.291491112692308,
0.344114711227151,
1.23563202647379,
-0.338834662133568,
0.686974296112200,
-0.261932066736855,
-1.43987970299680,
0.0549098778202456,
-0.204456986347030,
-1.21391733475942,
-0.500828661288410,
-0.148142853546910,
-1.11207499487889,
-0.257415231130772,
-0.773774047360694,
-1.02769724767744,
0.366559845352000,
0.688093354639291,
-0.438128419770205,
0.0294106475973713,
0.180310028447525,
0.0553471413416602,
0.233038101109135,
-1.87517538008569,
0.0721557542554136,
0.868265164381144,
1.06835150251303,
-0.719867200493456,
0.742956350943771,
0.317011184331188,
0.0893942836544818,
-0.0701505838440076,
-1.18366756676452,
-1.20131358743452,
-0.789192148388808,
-0.173653387706959,
-0.218744449817193,
0.837015639359101,
-1.02244553897625,
-0.0357031636629223,
0.494082343334850,
-0.0701845227794881,
1.44925423917775,
0.758264519727717,
0.133644480735795,
-0.348303379835750,
-0.199655111723245,
-0.124294079614532,
0.0718529645294978,
0.414677216946815,
-0.166144761773203,
-0.868618910857995,
1.02997837895713,
-0.270636261476929,
0.186778132202665,
0.118818721312313,
0.0591720022345024,
-0.424854546474475,
-0.0765107511033672,
-0.193159909439812,
0.795968035749591,
-0.486496223590013,
-1.01503476395933,
-0.0895449286676053,
0.633983762955747,
0.0588367007017587,
0.578232424079238,
-1.04362557887809,
0.696408573806950,
-0.658252125722089,
0.588804107661184,
0.653659260989736,
0.627991963012397,
-0.747149010035072,
1.17722011233077,
-0.997283258325378,
0.209509007691236,
-0.150584581010815,
1.32944093076491,
-0.431769913850430,
-0.101008078437256,
-0.611307240052774,
0.162698706792955,
0.0380796095884573,
-0.0350531882334480,
-1.63486145678752,
0.869726775738797,
-0.364684540499135,
0.378701858169777,
0.303515298020870,
-1.13816180434067,
-1.44071017398666,
0.634856562785085,
-0.0608146327701390,
-0.722879450784351,
-0.672319056803234,
1.01503902931188,
0.112485946083201,
-0.411539312371748,
0.110583876265576,
0.0131322721337923,
0.752814909161046,
0.390112271131149,
-0.0593840229360615,
0.564314102035924,
2.05980928471086,
0.0800525958462748,
0.561772476765893,
0.453804586809837,
0.911286278431994,
-1.11499376074970,
0.0180604278726958,
0.0565472873976625,
1.30112116893581,
-0.843112728640594,
-0.292734187313327,
0.119299009150879,
-0.234142500809023,
0.406224196443610,
-0.682621465999220,
0.494876213226046,
0.487480728418565,
-0.00176936610377240,
0.484729572180170,
-0.218609883951040,
-0.209645603168402,
0.128784294757835,
1.20107418591921,
0.661729970530588,
-0.442001329516978,
-0.724123839838586,
-1.04658073250113,
-0.117238080197989,
-0.902504284585858,
-0.647178484858656,
-0.719235088258567,
1.38461508251758,
0.376446854652803,
0.476267678628700,
-0.138099685281883,
0.553183633882050,
-1.43718306754958,
-0.706212756907385,
-0.610093138877135,
-0.766642320149177,
0.287077070052608,
0.782823559936786,
0.969122692046877,
-0.0157864637263381,
0.746425081380106,
0.191778396722032,
0.406040532763586,
0.997723803413843,
0.975657822271711,
0.676695481315545,
-0.884576635042151,
1.43308981683176,
-0.210993980987044,
0.0909221039108966,
-1.45600694260163,
0.137083769759708,
-0.175134187392798,
0.401160541091031,
0.668423202623434,
-0.384843509686751,
1.36417436343730,
0.0553660276733435,
-0.0137585045131605,
0.997923539409228,
0.628896266851657,
0.358552333002913,
0.869263806035222,
-0.727839586193514,
-0.0139629200391077,
0.618325327165734,
-0.791793931879097,
-0.978033316944332,
0.654495671859493,
2.19277844515902,
0.472612395233257,
-0.368681595867598,
0.840885346743540,
0.0328115564637910,
0.360017969089777,
0.636070118995856,
-1.13564981950935,
-0.0125399418186296,
1.05679277057943,
0.272882026785491,
0.187819395739799,
-0.187858532525933,
-0.322233928992604,
0.652575203974674,
0.915741560336559,
0.0370391400466457,
-0.756282353769777,
0.0888691448963530,
0.00277811282577578,
-1.54732684793650,
-0.354115338254330,
0.0343111666425040,
0.532480719455703,
0.808465445639026,
-0.586772190474711,
-1.59386492333258,
-0.0921641436370323,
0.291252248436439,
-1.49024860019132,
0.729049607197451,
-0.0569852134395919,
1.16354793997311,
-0.995636903249339,
0.653148116774383,
0.0139376214996111,
0.573918366882662,
0.341936146386205,
0.0860945223093567,
0.563474382161670,
-0.0960699587467243,
0.0156889308824500,
0.396800248236024,
0.324443487907799,
-0.274843542221871,
-0.896062160280712,
-0.490832382875047,
-0.136821642923926,
-0.0231486013949284,
0.507141497520908,
0.783308720738889,
0.546422822009651,
1.55597698849028,
0.309394788787886,
-1.36018644719182,
-0.620560231219967,
0.335013842702069,
-0.233451999281429,
-0.415376245347809,
-0.323736418460718,
1.21635691587231,
0.468709437374482,
-0.0832150170659521,
0.372131952010733,
-0.608030639990551,
-0.878013400573792,
0.880737955016493,
-0.934529698331159,
0.213706579547096,
0.446543541189402,
0.297502264147076,
0.0296425901412556,
-0.423175204250874,
0.0589889365843828,
-1.15580285875163,
-0.0935372689077066,
0.835849924407741,
0.445623900093037,
-0.101950016737346,
-0.587219054967884,
0.226476181064774,
-0.422757555409961,
-0.950814517295705,
-0.374761450765381,
-0.353288500713710,
-0.340632475959175,
0.302992777545223,
-0.190063103169213,
0.514648803272111,
-0.354718959512159,
0.399725199030595,
0.0748403970967803,
-0.0660034819256846,
-0.411323732675973,
0.421834801153650,
1.16490601804735,
-0.471710810443172,
-0.525205360692597,
-0.582242231613001,
-0.401895294841364,
-0.0290158704571724,
0.732088151486473,
-1.02689870649317,
0.483176766901340,
0.781653301430024,
0.527027112437172,
-0.777825095287775,
0.177221168153576,
0.257234085015925,
1.09463379270476,
-0.272346338905072,
-0.163123846220822,
-0.201636987755657,
-0.516732613668285,
0.776484194707499,
-0.827919356073021,
-0.467420359776405,
-0.0493083548929632,
-0.339059927127966,
0.284624365465181,
1.15831446438081,
-0.564959580960228,
-1.11036707322362,
-1.46803759922910,
-0.538908402226201,
0.211739610969857,
-0.526720940445702,
0.443818569336383,
-0.0254342123074876,
-0.198765075231930,
-0.451538831818984,
-0.0717925566318613,
0.307681814832624,
0.952953017776270,
0.355442637931748,
-0.186392454064401,
0.284343077434372,
-0.427493223779482,
-1.15129348481464,
-0.846537061019790,
0.431181378841381,
-0.191568313139352,
-0.568967362092034,
-0.00368361931559112,
-0.183689108506918,
-0.343676754380341,
-0.588565318513774,
0.324798400907573,
-0.269289396241371,
-0.657457917044006,
0.516921748568244,
0.686069046886363,
0.0317631177418083,
-0.854221507482060,
-0.766812385222682,
0.585864148320927,
1.68948000771325,
-1.23526056491512,
-0.921795764098893,
-0.572258280650006,
-0.346295330411344,
-0.255420481806290,
-0.863277326700539,
0.366846257567546,
0.120525586794359,
-0.268535648820582,
0.366872040338299,
0.0124355284327274,
-0.585992152643486,
0.760339270456958,
1.10614807431452,
-0.326023733045018,
0.0434143090713382,
0.777419115494011,
-0.128834472527826,
0.321594148067942,
-1.14532985809011,
0.815870640649875,
-0.698544151669319,
-0.431263370053433,
0.238079475153801,
-0.392376672045468,
0.0434824013480174,
-0.917684168125924,
0.831668621940637,
-0.424875447045100,
-1.69375056050190,
0.568535669418578,
-0.339830024386183,
-0.472479206968228,
-0.564098973863709,
-0.625857722832514,
-0.314270089723406,
0.160810420026270,
-0.0626669569631604,
0.477643184811876,
0.721469049793694,
-0.580459668416033,
-0.317131290063447,
0.294117654143365,
-1.39616712082081,
-1.00989122185532,
-1.32420195984216,
0.201258893844781,
0.921277817238454,
0.382434051954386,
1.45126832526474,
0.0448370531541023,
0.0984026850902092,
0.283156975946976,
0.509767780347237,
-1.12518854412501,
-0.0743023162400421,
0.0804377572867231,
-0.173999163984520,
0.107347308803401,
-0.243198716241086,
0.402089376979851,
-0.502395791187650,
0.566637955112314,
0.703863740166051,
-1.05920326171671,
-1.13636631415579,
-1.02310027165589,
0.344548610748234,
0.491466052935765,
1.00260676542340,
0.134584214585751,
-0.906241850087873,
0.0989829762363468,
-0.422088661144099,
0.0499349019858880,
-1.19972530153466,
-0.371471532222565,
0.540263775646346,
-0.157538114863415,
1.04275795879963,
1.72719439465945,
0.503511736409116,
0.656375759074918,
0.434995548936107,
-0.488601768281653,
-0.550934170596745,
-0.535337894322784,
0.870902939769253,
0.128834569211373,
-0.690279498612094,
-0.980400796245756,
-0.630327439421420,
-0.367928311947152,
0.542628057554091,
-1.00665394383056,
-1.79367256767984,
0.0460901429131275,
-0.357376913017727,
-0.649910006646453,
-0.551450561412202,
-0.102943849621515,
-0.313547692522768,
1.17001485630361,
-0.0858780540085576,
0.841356338403189,
-0.466072241660706,
-1.32432888544428,
-0.482319955505960,
0.290309321553358,
-0.833334315201981,
0.157897585820708,
-0.250266813158568,
-0.191132525618031,
-1.14780372324931,
0.307459168972191,
0.109632139574558,
-0.457437975917969,
0.645199418299790,
1.20554301713145,
0.322939239630772,
-0.133462166076567,
-0.143758570337662,
0.277136166886132,
0.0113577435370353,
0.867234843950608,
0.0720193146258469,
0.272250417495775,
-0.529902139873666,
0.0666032417795626,
-0.284348029386421,
-0.888706332046398,
-0.300386331123077,
-0.120355395201076,
0.305362762862222,
-0.544053141463535,
-0.646117898967423,
1.33939094288777,
0.471426142732858,
0.0694205104295134,
-0.120715754291422,
0.305810014121075,
-0.572130829968147,
0.200999539877801,
0.0707911301454444,
0.155949648210318,
0.284977019641433,
0.581561827926580,
-0.493606818148379,
0.394243800430253,
0.871398607717962,
0.243180988166982,
0.334837533346722,
-0.207045992595430,
-1.44931723527151,
-0.0621432285588058,
-0.679618897652815,
-1.86937758002259,
0.314751414431839,
0.223348299299061,
-1.16686763210798,
0.813514969137983,
-0.402322171454331,
-0.149062702359845,
-0.230335415943644,
0.563836883162798,
0.532756540880278,
-0.375899193864875,
1.67637658530796,
-0.0725208400701448,
-0.219626790245794,
-0.476137053989912,
-0.885653579758206,
0.324745638813357,
0.755968620469016,
-1.23593912736268,
0.749590844518964,
0.0844530694435405,
1.67928099635252,
-1.03328198588248,
-0.471683631478447,
-0.833024499711543,
0.129853298834447,
0.568988885162809,
-1.34193945499223,
0.383164961463409,
0.0773070369823444,
0.625837159199775,
-0.425348984570297,
0.154417096090663,
1.31280623415238,
0.123867528212375,
-0.124507351390644,
-0.982576689341704,
-1.14428379166780,
-0.116776919859305,
-0.591021286252281,
-1.44249271739571,
-0.808420845935940,
0.718794825559419,
0.935453554328354,
-0.907775496907965,
-0.188517188177669,
0.0960599177932657,
0.823141485885303,
0.436230271978316,
0.293459468421745,
-0.665326021815325,
-0.509867151755934,
-0.834007235209582,
-0.367144828149587,
-0.748076825512845,
-0.377358594043603,
0.367434157616244,
-0.359147432490279,
-0.309847271134315,
0.501444450639444,
1.60248433396493,
-0.234959437108497,
-0.671333074594971,
0.969184509536118,
-1.91633261658911,
0.128791163261791,
0.246040755421608,
-0.787294527579342,
-1.23521994090869,
-0.261370152794287,
1.01135420184306,
0.891952147330827,
-1.49883460228820,
1.48984613836908,
-0.695943073675634,
0.00491092342512029,
-0.557744433072853,
-0.443785161706041,
-0.487146660208493,
1.40138423750119,
1.29257628826540,
0.290737656761163,
-0.630892121860209,
-0.689713624249735,
0.281373733686003,
-1.60786932418153,
0.435350165730979,
0.380397579293911,
0.530659417471370,
-0.578898152861358,
0.288198963915286,
0.820135698069006,
-0.249801513622114,
0.0215911298006333,
0.175317501860143,
0.527620258403053,
-0.460309322036426,
0.00431617883938260,
0.654756649232347,
-0.630563790401989,
0.571894358350741,
-0.156187356716664,
0.0291792505824301,
-0.858131041375943,
-0.239534703904807,
-0.888543744931236,
-0.0386441000890318,
-0.774742808284511,
-0.172583820067536,
0.186750107617456,
-0.715325234224737,
-1.06210197120042,
-0.345628477167663,
0.754579396507069,
-0.112495528102162,
0.0629350355727852,
0.766622628617680,
-0.952903798304284,
0.531767797351092,
0.249226066257401,
-0.103766095900390,
0.140008864296702,
0.136231726434973,
0.257923999601568,
-0.960468234041926,
0.343902315929115,
0.360657752083335,
-0.197002785973155,
-0.791379203616325,
-0.0547932059242786,
0.697056468037475,
0.526967848362994,
-1.11733058685791,
0.492598647613980,
-0.396012614548367,
0.411935780384454,
-1.44395329712472,
-0.173547497011163,
0.0473999248965279,
0.254988880935609,
0.972549141812100,
1.74308338562121,
-0.000228400806261726,
-1.94122419187216,
0.564468507220236,
-0.272533479473712,
-0.638420325188613,
0.325395593859809,
1.07371482615575,
0.876500055718326,
0.224137622208546,
-0.0901376350734949,
-0.0116338646238046,
0.140291867121184,
-0.926700163773987,
0.463752294003592,
1.01642454397375,
-1.09120335302998,
-1.12051374899324,
0.470528478820144,
0.265884741442418,
0.353400067899187,
-0.921869033640635,
-0.790348721865391,
0.176934379525480,
-0.536493713654192,
1.63905982852459,
0.564640594449639,
0.0818264016204310,
0.979171941028191,
-0.405398508494562,
-0.365019993074849,
-0.0855573755473421,
-0.234693580886162,
-0.134586802406638,
-0.462429696702377,
0.305507526489009,
0.00799231488447773,
0.749793425661768,
-9.71898816167461,
-0.472826374580401,
0.690880466738004,
-0.0928035321409890,
0.402898822399755,
0.0962020775759143,
-1.19254111637329,
-0.870189992837131,
-1.68436864008699,
-0.602181499311136,
0.167625731748094,
1.37133984387413,
-0.0926549511582628,
0.193651168428373,
0.834294965969938,
-0.734315336695048,
1.00949553061131,
0.147061362974097,
-0.107110880975895,
0.0296057516610444,
-0.404217378096592,
-0.442255900316184,
0.0204600130581994,
1.22844822120290,
0.542964777941148,
-1.04045598660924,
-0.239948894025813,
-0.666272640686331,
0.317331374631078,
1.57796185013652,
0.208159110113811,
-1.04658089686936,
0.800578212403769,
1.33748616435198,
-1.65492381430701,
-0.794467436252539,
-0.742261891890027,
-1.59144571806253,
-0.944232987986041,
-0.141550817841457,
0.712872389390740,
-0.0610559130958595,
-0.116290376998982,
-0.458194888159967,
-0.248244622164844,
0.587871945094196,
1.15865644954099,
-0.121857060592071,
1.50506762288355,
0.870420010437236,
-1.14483261682138,
-0.681807160121793,
0.0748883438283153,
-0.618563647194513,
1.08591690523162,
-0.995117058838356,
0.545735564806374,
-0.0263270603065733,
1.27905237224443,
-0.543756792369406,
0.591261724937277,
-0.394940246921549,
1.57842030032712,
-0.328940352204515,
0.191175420696226,
0.111444847206179,
0.0645070358962199,
1.17193160040428,
0.724634767347547,
0.534872247948892,
0.00864006545457100,
0.228596690982512,
0.264598811961383,
0.0271099133510027,
-0.816336204219210,
-1.09023074965349,
0.463605461162557,
-0.236367598733231,
0.172038172811849,
-2.05774957686722,
-0.257462649834279,
-0.212528448179737,
-0.0647915428726019,
-0.617603138533470,
0.288228576201123,
-0.186412121508205,
-1.09514698459175,
-1.20643051278042,
-0.769989121573973,
-0.433884160418453,
-0.910834294089820,
-0.0379545367131218,
-0.666689828587951,
0.279446069932818,
-0.620981578204161,
0.131489736645029,
-1.42207297466865,
1.30498704445841,
-0.382558671055974,
0.0991345573935089,
0.153539417393155,
-0.736993496861010,
-1.20123550052752,
-0.170724258833733,
-0.314684513036215,
-0.953642220634272,
0.750976649668581,
0.788573798640836,
0.353442109755503,
1.14025478234876,
-0.859224820494529,
-0.925171189865866,
-0.854633475664918,
-0.263227296570897,
-0.189154923322680,
-0.183279283625986,
0.353711114713324,
0.340762477183392,
-0.372482186394117,
0.361338735398012,
-0.0919111514216487,
-1.13121742559721,
-0.489672855045733,
0.121113148793636,
-0.605535072557234,
0.208509354360614,
0.270230581016571,
0.505897143871195,
1.21500585909087,
0.801188782891086,
-0.415758093175884,
0.0484866497865591,
0.0675317493963996,
-0.178067404546767,
-0.466898682052596,
-0.451662877885440,
-0.221764045833140,
-0.163976918810552,
-0.470623498745397,
0.531685100730860,
-0.000283149762154199,
0.949300070074437,
1.33107075873493,
-1.24527879589548,
0.527591778287241,
0.990800588041231,
-1.16641663820660,
-0.709953732717517,
-0.777782000562140,
-1.24852502938880,
-0.300845627920824,
-0.536954370128451,
1.17906548226504,
-0.0922374947700879,
-0.386202681853904,
-0.493599152473846,
0.599357113646584,
0.141354894448118,
-0.507942802859681,
-0.0555151712066052,
-0.584160106074239,
0.685178425110654,
-0.471625635938719,
-0.221992833551028,
0.952056017000547,
-0.388441114994545,
0.997686361184951,
-1.12169921111775,
1.12958812688817,
-0.365778515174392,
0.283307758335645,
0.681992591856001,
-1.57586597467426,
-0.0239216416797797,
0.414648726699973,
0.314252710582337,
0.208797048186599,
-0.666176273134972,
-0.368839348699728,
0.563635578302248,
1.13098293943007,
-0.0691771058623768,
0.975251158514483,
-0.627072731703602,
0.0546757687603799,
0.804928679630336,
-0.0835988974538228,
-1.01476885269118,
1.14212767636381,
-1.10404043731583,
-1.34429507499013,
-1.55922131635694,
-0.846694571684666,
0.476395771309026,
0.658959776000228,
-0.794317502294525,
0.201781969358635,
0.107008775324930,
0.301535340251551,
-0.939634359948149,
-0.572602394487481,
0.555596748878828,
0.935611869020934,
-0.790146289506645,
0.528718257850019,
0.155362888935262,
-0.113531557679619,
0.115835054277175,
0.350182516689714,
0.377370374327610,
-0.308553412835243,
-1.55849863956932,
0.181098044837326,
-0.0808624896962764,
0.571834030573991,
0.708093571586990,
0.548471280312659,
0.990936174113645,
0.665120716575174,
0.590733501076716,
-0.662525981620768,
-0.479545285486533,
0.354789134570392,
0.190481627253998,
0.742623386574663,
0.403165163703967,
-0.684185148918648,
-1.29793000307822,
-0.473706637567409,
0.274773212198238,
0.755240093253180,
-0.160422465153715,
0.247479920858449,
1.05294312964653,
-0.316945956139790,
-0.248002963681464,
-0.335961341301565,
-1.35285579449661,
-0.612785124270568,
1.41234477275548,
0.543292328101326,
0.772810240384813,
0.396149344362695,
-0.107672715578742,
0.739265231764213,
-0.681498436461128,
-1.16473580285475,
-0.595513151821570,
0.111632652768841,
-0.00905400841654537,
0.362505785701180,
-1.09041802083608,
0.217118824687692,
-0.00225076205574183,
0.734714777139486,
-0.111705699054033,
-0.419156440707752,
1.03856330634719,
-0.269618616506822,
-0.376306977592825,
0.0140353307093891,
0.340648576513929,
0.278814347461973,
0.473260600644331,
0.0838414485166153,
1.38499402143718,
0.669265149583405,
0.0434865240020836,
0.444101759864664,
-0.0639005952974885,
-0.226028553276303,
0.435287632728726,
1.28210588899831,
0.693336647556453,
0.143041738632771,
-0.585683446793952,
1.17361963259917,
-0.249469319053988,
-1.08361510904803,
-0.370527135784540,
0.713821335225608,
-0.415617935554062,
0.263228147726454,
0.242254933692092,
-0.126417861592216,
-0.331668317591086,
-0.408645692859141,
0.177664632534769,
-0.503065598665546,
-1.01287578992652,
0.462391976610924,
0.896238680558768,
0.391569326705470,
1.81116299721800,
0.210598107782655,
0.673931404976657,
0.216622652159721,
-0.364502071317111,
0.145546742346615,
0.457582199626587,
0.919312214319191,
0.973393986518589,
0.398238607014206,
0.471118916480151,
1.23124726079437,
0.675149613078924,
1.33315997959776,
-1.15252784311262,
-0.342767509550808,
-0.0811376256997827,
-0.00254533086427179,
-0.365271357815149,
0.282970169894453,
-0.626482408928311,
-0.0644659115038981,
-0.176631678345557,
-0.298583668146215,
-0.494154062084160,
0.100328032904263,
-0.250703071650817,
-0.791297978056072,
0.472085449023179,
0.269325833092017,
-1.17565280993540,
-0.298614807012540,
-0.911613841078271,
0.253508691500292,
-2.04637135585999,
-0.892559779170071,
-0.00133929905177100,
-0.243856544880956,
-0.587820471439682,
0.0789155748402042,
-0.290448574367761,
-1.05084584642827,
0.574371500594552,
-0.588268762889716,
0.345009139104370,
1.04254260623883,
-0.477381747771494,
0.336452658784425,
-1.10592659765868,
-0.982399639791142,
0.789136441135781,
-0.916282511815639,
0.129052575396284,
-0.404844966877736,
-0.635947723648526,
-0.967196595150643,
0.193593850188874,
0.274504853899469,
0.658119473856674,
0.474462430467048,
-0.884743216510539,
-0.405254358625837,
0.950258047526042,
-0.0353780287489648,
-1.38156824134165,
0.606387857708728,
0.451476983900420,
-0.882159327931775,
0.382941651598413,
-1.05422717193870,
-0.0504929790701177,
-0.0839018237319841,
-1.46706768023138,
0.589639139237149,
-0.170686934510524,
-0.127193538393165,
0.0635339150285958,
0.641614053312708,
0.101026553760952,
-0.398526906194114,
-0.203617079615108,
1.72686264228324,
0.349090023982077,
-1.08980568393131,
0.765066135738802,
-0.0934415082332293,
-0.475938062614121,
0.111824669565667,
0.721671135002659,
-1.70661870030018,
-1.03605682450770,
0.328757700088527,
-0.496840410254889,
0.615435163521144,
0.545856456505443,
-0.0859309241876636,
-1.19978312585531,
0.534401591505656,
-0.559141299672684,
0.0289021431047532,
-0.485673254696991,
0.379456508430278,
-0.0285733432713015,
0.0898865741148763,
-0.474377627756833,
-0.530670704572586,
0.456841437489892,
1.03409775714856,
0.492483500908064,
0.119211904052809,
0.766486849089113,
-0.444101525652834,
0.219071168752371,
-1.10991354013764,
-0.240718091403287,
-1.09164810029143,
0.379371874788381,
-1.18272862881740,
0.146776487514518,
0.540218609895113,
1.35768463745572,
-0.691365643928780,
0.748097763295289,
0.590281705571684,
0.390732500556681,
0.501843109668645,
0.0200085408684220,
-0.521401496130853,
0.119690300628685,
0.381155009230021,
0.449227524603053,
0.0645104351373275,
-0.401479095869054,
0.902997167709059,
-0.448846695290246,
0.588425003570811,
-0.358506169910882,
-0.352745871462440,
-0.798139891195779,
1.22747728679146,
0.208069623377600,
-0.106310858712333,
-1.81905088874507,
-0.395970755341238,
0.0200628155461856,
-0.125320884602504,
0.245556345276455,
-0.0795447510991157,
-0.471302010186586,
-0.331941483096057,
-1.25106839515120,
0.708610582592548,
-0.0261395313683355,
-0.315120754733927,
0.521907977778667,
-0.104515204769583,
-1.29390597062036,
-0.513665816167228,
0.814356390735305,
0.256916648669535,
-0.455468271184729,
1.83002993345909,
0.608119702340148,
0.682133777745705,
-0.0320472606407875,
0.362028845035810,
-0.425399845879859,
0.631181586090318,
-1.28832751956002,
-0.301672350627520,
-0.395550297560400,
-2.35024354060688,
-0.565880479134092,
0.716598399203028,
0.328579376560416,
-1.10994055204847,
-0.706265906761464,
0.410456727747033,
-0.691136128008148,
-0.717071961934699,
-0.0743957171334371,
-0.731200508304771,
-0.0499863794458012,
1.06139458706875,
0.269605697377702,
0.485799224883608,
-0.0396645733735552,
-0.0790747431397997,
-0.573423804229934,
0.106606298860441,
0.423751155534231,
0.608594315624841,
0.494739568628380,
-0.117181096464538,
1.42583350957626,
-1.11287568289551,
-0.219581499371519,
0.198967506441698,
0.453317682750223,
0.963862777976219,
-0.785235464107192,
-0.414970791579281,
0.201595013044864,
-0.645417176262923,
1.39259254688006,
-0.755886470214174,
-0.344187420307144,
0.0358481548704436,
-0.566450858996966,
-0.505221399818379,
-1.12266780172675,
-0.0686576223679080,
-0.416443042412888,
0.836567231500350,
-0.325672067738422,
-1.20583356430135,
-0.133895661664198,
0.697551226829613,
-0.00339046039742075,
-0.760554756577077,
-2.24412468882049,
-0.448658609151333,
0.781756391916887,
0.858882577316916,
0.168810330544295,
0.459054214672809,
-0.454434451362749,
-0.734287396459569,
-0.848776227340722,
0.842924681254292,
0.492150193659009,
-0.827082462999818,
0.123283493136101,
-0.786337551946260,
0.236489462104503,
0.0590366640693697,
-0.591043258378241,
-0.398897159206063,
0.527821084556182,
0.101561316997764,
-0.0632616243582932,
-0.270320628386554,
0.559559812580162,
0.395905767790756,
-0.205268590311473,
-0.110053293793030,
0.553700299328914,
0.496636569956975,
-0.125065777659069,
-0.598733177366384,
-0.492047963956048,
-0.390687151566892,
0.139390808577474,
-0.757947502913751,
-1.67589504595842,
-0.419336770387724,
0.210795716929859,
0.916492538796422,
0.515355327793482,
-1.17671957227037,
-0.377813161257947,
0.474261217963875,
-0.744564850471060,
0.576329504308570,
0.512635853337040,
-0.143332361241070,
0.345667830204134,
0.299461730871262,
-0.122700058837912,
-1.06081714244069,
-0.393670771016545,
0.337182532718815,
-0.226240058519050,
0.946986547906081,
-0.365842756331352,
-0.0161072590167407,
-0.228782099448735,
0.195210466343513,
-0.778527810757241,
-0.120328767667230,
0.659072922739527,
0.665001099823389,
0.0441453663963682,
1.28239454203508,
0.419218566990875,
0.358415310361825,
-0.829927181103663,
-0.831793259927609,
0.00411698955605308,
0.621565876700476,
0.937763140724584,
1.44837233807750,
0.729105250016089,
-1.12219233979483,
1.65485621799179,
0.983126350322273,
-0.0826392781323197,
-1.15657905999731,
0.169411075954057,
0.153184134029844,
-0.816611782311853,
-0.499996693320107,
-0.277560630510811,
-0.0137865047306647,
-0.370597937323543,
-0.498218747612214,
-0.310630867299049,
-0.859016943670711,
0.0809462577458175,
-0.281412723450847,
0.904885235327765,
-0.0406065439825470,
0.455385466849434,
-0.795991895627707,
0.0738727510580607,
1.97182606997035,
-0.191126724748601,
-0.912139172150035,
-0.179696392889253,
-0.433688609434758,
0.361442981624809,
-0.861539205788462,
0.439852661986816,
-0.205258626157190,
-1.04280361233963,
-0.597590911479208,
0.222261071382857,
0.126689183854834,
0.339354815901484,
1.16564954596282,
-1.24297461345034,
-0.370456625738122,
-0.859958310752317,
0.616651925688318,
-0.0179404852828989,
-0.391296328203594,
0.850693708721751,
0.498146841914214,
-0.0805561142105199,
-0.749668172408432,
-1.16326205790486,
-0.496700991445208,
1.14484317448434,
-0.517817751111870,
0.729210886847630,
-1.41843139958921,
-1.65368760110242,
0.258044887687340,
-0.942771471502726,
0.733688487897835,
-0.507803688799489,
0.104304275321526,
-0.491361866740450,
0.583320684590795,
-1.68186632596503,
0.473532868959836,
-0.219932265106767,
-0.190041245836583,
-0.573631327927082,
-0.730273829933560,
-0.187834239490560,
-0.587052821201464,
-0.441212654045769,
0.331326464299857,
-1.18658977356402,
-0.332588880777220,
0.560558813028350,
-0.794351861757297,
-0.282965734076447,
-0.720941500385290,
-0.275367124372921,
0.614474107219444,
-1.08569466444827,
0.0286033990448342,
0.926730990343294,
0.776006719710365,
-0.559740374277588,
0.442409588817502,
0.425947226711916,
-0.0501203417042337,
-0.169795305398169,
-0.642090089767079,
-1.43580336503196,
0.0787075215632589,
-0.493603789303323,
-0.500178293117551,
-0.0373671841497389,
-0.810716766560140,
-0.203482342515038,
1.14222065514136,
-0.150475160238840,
1.30017567160354,
-0.336233125347937,
0.202741198255351,
-0.357971570249294,
0.438992224212541,
0.688808959275504,
-1.09005859216678,
0.449270634202896,
-0.0569420184688298,
0.0610856598680189,
-0.329708746071238,
-0.0508774691321752,
-0.767094043543884,
1.20389864479745,
0.576440625804866,
0.743275809574722,
0.514467232577951,
0.885143870833809,
0.723372866761148,
1.01354537061928,
-0.260305128365933,
-0.373573514255480,
-0.243330541350248,
0.922222519733811,
0.593261349574993,
0.829656507456967,
1.05653566239205,
0.315866012132125,
-0.0943679425337446,
0.00497287696897911,
-0.864972098772615,
1.00926154171125,
1.36786815621988,
-0.176511245401342,
0.0544414208268132,
-0.0125506745942444,
-0.0826237175086129,
-1.86084622365715,
0.270384830904783,
-0.875752334102809,
1.59468700055898,
0.624188487883535,
-1.54606491053716,
-0.565264961191217,
1.27963475437168,
0.320888929670451,
0.546059566092461,
0.0341659583689363,
0.408618446582615,
0.227135026599090,
0.281012001287128,
-0.378065518397652,
-0.884505884457886,
0.502891493062796,
0.775622507496562,
0.100138363799970,
-0.180016274651776,
0.283515078465786,
0.363717737203939,
-1.48822196993691,
-1.08938486971835,
0.435514922228027,
-0.692023147946356,
-0.683030326320313,
-0.645099875792379,
-0.00492013745533685,
-0.528936747360331,
0.840685225288944,
0.663763360859985,
0.0571274562641087,
-0.830262521998411,
1.48586296317647,
-0.282405620359276,
-0.263251318912252,
-0.345528530212468,
-0.355263865696831,
-0.141556466475832,
-0.450052825631765,
0.636519949021931,
-0.288559705473489,
0.161164440557569,
0.714294387959640,
1.44350060730834,
-1.17632509488093,
-1.37426485792457,
0.118041584646720,
-0.340720591821619,
-0.0523712946257453,
1.93574411302697,
0.00744574760516096,
0.407970134016418,
-0.536391004520294,
-0.195260770103202,
-0.145225421363713,
0.750994524334503,
0.520892618393874,
-0.374260244819511,
-0.272798914769178,
0.0735450534613646,
0.212635048657975,
0.649309398460168,
0.0392011079926084,
-0.525893150378401,
0.0546468975009605,
-0.473619008147602,
-0.137707297439909,
-0.224300052531811,
-0.131989864801196,
-0.188547600165459,
-2.15075637694440,
-0.211981340776409,
-0.212374527468666,
0.765458905206494,
0.598043946488560,
0.126824145129410,
0.269634480899889,
-0.793357999719910,
0.400975588249021,
-0.625586227820159,
-1.81275272299332,
0.185662118953979,
0.506305263335936,
-0.567818993122125,
0.573868223872487,
0.308808062216273,
0.160309582669138,
-0.483983655845543,
0.844432789325345,
-0.0125522886895945,
0.432011066957637,
-0.234786112121929,
0.815954417140802,
0.565820140748896,
-0.480568520621486,
-1.37119710057429,
-0.572726980490500,
-0.381221218400109,
1.01918935577662,
-0.408312401098859,
0.291622379621624,
-0.414071329161553,
-0.717757073216827,
0.575640318777080,
-0.496366464389392,
-0.281924162457043,
-0.277051568611474,
-0.209489875917867,
0.467905383949374,
0.0721263506756645,
0.455900002215505,
0.379992789224783,
-1.15538162209425,
0.353024503266822,
0.431682168439371,
-1.12666050854965,
-1.25318253740099,
0.503939360933492,
-1.28009773095517,
0.413855854739610,
0.394685676813258,
0.697271642047860,
-0.149577606320873,
0.543295984896844,
-0.898035748487033,
0.647697061574504,
0.139674658469603,
0.506519186954795,
-0.237396604078419,
-0.686211712984779,
-0.526987654856831,
0.241385920285399,
0.815215341265567,
0.161644950330625,
0.714154052168031,
0.548836726346957,
-0.377563245458221,
0.675848404385081,
0.229079130816369,
-0.149290397202886,
0.923690187635096,
-0.261649746976500,
-0.696406790615314,
0.653683939576000,
0.199303837020287,
-0.414905347583361,
-0.00724382485714398,
-0.430654480343537,
-0.582956643421990,
-0.155159766904049,
-0.702811900109520,
0.257064129486159,
-0.997974321297172,
-0.253854709434744,
0.114125792492411,
-0.683309916760502,