0.313914960173244,
-0.462877800227334,
0.0861484162079618,
-0.623678941337325,
0.303298251717683,
-0.694005198816142,
0.793679317329456,
-1.56249976971992,
0.883672821565483,
-0.0780308860895406,
0.251408657566786,
0.400158304784783,
0.198631054933726,
-0.315325216498122,
-0.335338726651297,
1.84142335795550,
-0.689844063363119,
0.494022590269581,
0.849879581699971,
-0.431884267109164,
-0.226106535028221,
-0.784830803839406,
-0.587671859973646,
0.340892906003465,
-0.325830116936394,
0.698166849632127,
-0.577264541070690,
0.269810350766807,
-0.311855501033924,
-0.846499476121111,
-0.0365183650389047,
-1.03409758382039,
1.02153507971647,
0.0180923487844992,
0.355567535272687,
0.653709120925104,
0.333289327288724,
1.13961121977631,
0.711923583384411,
-0.662674103225549,
0.391220208792231,
-0.564802413203188,
-0.875689458016830,
0.294288924716518,
0.231575015572626,
-0.0304758700279425,
-0.388193350284492,
-0.0878735373221963,
-0.481801841229498,
0.911237319201883,
-0.533605939696507,
1.20528729352426,
-0.654216158190006,
0.444626880986909,
-1.52343269310918,
0.199414637228064,
0.0693909060018695,
0.359957500075415,
-0.901214176880481,
1.38771887971402,
-0.618813433251760,
0.299447288421248,
-1.50696833732862,
1.03157162611935,
0.178744034142094,
-0.456746243057581,
0.236366301403755,
0.191893238544346,
0.521357241667122,
-0.0468135586667317,
-0.906390729384187,
0.370029460812452,
0.512750105518432,
-0.447999518633950,
0.344188422611523,
-0.476481733569713,
0.408702202617300,
-0.201311269690228,
-0.681468615385318,
0.0901177683631713,
0.641849534541922,
0.294213901886879,
-0.263327089494364,
-0.0705391654802162,
0.261632131036074,
-1.01604348013497,
-0.136252487108656,
0.577231961672682,
-0.304074559419821,
0.0598616475153608,
-0.629808901704487,
-1.45455421296165,
0.268842100283507,
-0.467486804036583,
0.850373971568254,
0.0544408530252855,
0.544687077832051,
0.552857905390611,
1.39344726886741,
0.260069568229852,
-0.177142084349593,
1.26742440069348,
0.933973052618077,
-0.964839741217469,
-0.350962465733933,
-1.48747883866120,
0.204620836040123,
-1.39902714362779,
0.404652004873217,
-0.600264443538080,
0.165130558129096,
0.0526080725915067,
0.903210261447417,
-0.300031361587217,
0.967834448623623,
-0.702575551116556,
-0.743382574496924,
-0.173605457229669,
-0.0685419549988242,
0.0723755248181297,
0.254316229569720,
1.15530093489901,
0.268219773821187,
-0.268814818016576,
-0.0270317662632061,
-0.675228918002577,
0.846653881228877,
0.396124600117932,
0.158672295554530,
-0.237197628764000,
-0.135253372194333,
-0.802812120821914,
1.64276371181438,
0.143589900449763,
0.651869862897661,
0.638728588551011,
-0.773709285190718,
-0.0310255545264093,
-0.940062699250803,
-0.256739596700630,
0.0540592513109785,
-0.649920496366375,
-0.947931666377146,
-0.933048779907964,
-2.78681116907252,
5.08596650107259,
-5.88525649980502,
-0.306447302376792,
0.285557278331102,
0.338884610263170,
0.261100048055221,
-0.786173282299979,
0.389547851544922,
0.134359521703248,
-0.0747007706479820,
-0.895830931000177,
0.205895061237405,
-0.558133612757826,
1.54263548761299,
-0.707282081961572,
0.588410984159571,
0.824520082695921,
-0.0628219929046708,
1.25051101673554,
0.586204687238146,
1.48734797939270,
-0.0396754783110957,
0.706362946103173,
0.180912283633642,
0.743253702041098,
-0.320396567417506,
1.49277205528263,
-1.14208505823594,
-0.402460656091423,
0.301336688016004,
0.499361584604260,
-0.311357586817640,
0.285742772226295,
0.157295146434393,
-0.256914102212236,
-0.913202903368035,
0.0136544864692619,
-0.243187751431908,
-0.453697683839305,
-1.12856553408564,
-0.561824076225049,
-0.310500820028883,
0.165364646401182,
0.311262223358233,
1.10473743247915,
-0.0981693264287257,
-0.688033679274059,
-0.0781889714621476,
-0.198820462305316,
0.678288113667286,
-0.737818360902392,
0.143329447867849,
-0.605733997104043,
-0.685134455766519,
-0.00538423930391962,
1.04263716671903,
-0.176779343660356,
0.839608994429171,
0.410522087372089,
0.0633147122330168,
-0.234978771757011,
0.481699237626876,
-1.16158018395999,
-1.03524663485619,
-0.365983394027536,
-0.0853136259931993,
0.456321300284432,
1.38188305617245,
1.54027948173959,
-0.281555268457788,
-0.997740006398625,
-1.76247164579046,
0.310311702469532,
0.482137319470736,
1.27638758876242,
-0.0244667075974854,
0.402855156270911,
-0.399900698049412,
0.362946116292246,
-0.495289419536104,
0.0568309209085623,
-0.598988292187492,
0.0882012023168740,
-0.00416532797236740,
-0.546058411481377,
0.00271574611175364,
1.00136875131748,
-0.810075854845956,
-0.281620835368806,
0.0919128306868906,
0.899562744446960,
-0.610107432425551,
1.85336542347406,
-0.418772195189038,
0.0127676982243811,
-0.128471563703465,
-1.66502985797215,
0.0358598785448235,
0.307482652256919,
0.776529869634154,
0.810973983736580,
-0.579608521593861,
0.460446928326932,
0.391593206940606,
-0.277847379654512,
1.09022697230394,
-0.724650648074774,
-0.0801750587614256,
-0.318475269889446,
0.0468946513090277,
-0.502319296757423,
-0.121646206250235,
-0.240545124119715,
0.537718006954598,
-1.40093547011535,
1.04282371837059,
-0.264559179008635,
0.888808483785064,
0.212410370614401,
0.636617176665715,
0.890816089195493,
-0.0923543675392326,
0.166654651523270,
0.00303618242910795,
0.418968586125672,
1.28787689886925,
0.497938199770857,
0.134920982134745,
0.0223805839507188,
-0.659687385890149,
0.773451897175359,
0.646324176372688,
0.792556171445321,
-1.34245062315695,
-0.142904244405769,
-1.17398423908520,
-0.0579968983417963,
1.09626023078818,
-0.461804425281210,
-0.124365856610874,
-0.0515888460217766,
-0.0815033015669223,
-0.469332939366985,
-0.502781934966196,
-1.53220429816506,
0.363762193419142,
-0.274726189301322,
-0.789887158348203,
0.623366410421861,
-0.569301987831534,
0.460966065115942,
0.141179618151347,
-0.0266662991445767,
-0.665623363668479,
0.497983550518857,
0.138907929909318,
-0.633100795175943,
0.908609743433542,
0.0597855780859013,
0.477962801835239,
-0.399958135699967,
0.250158577414037,
-0.137705610150974,
1.41996543491453,
0.544788474674061,
-0.561784799585975,
-1.03537094622316,
-1.39584958029548,
0.00312064761183868,
-0.505924700755736,
0.124377593063289,
-0.396591875915820,
-0.134104775750248,
-0.180537485861270,
0.910505940597854,
0.423486799734005,
-0.870242307988088,
0.502006660962046,
-0.0903136500006127,
1.59834021599215,
0.717718101407663,
0.420663613755187,
0.467130862486141,
0.0466452088959987,
-0.396857494515166,
0.320054884849973,
0.186861381171082,
-0.332835075034703,
-0.365746395340717,
0.377628342018838,
0.0249796065693372,
0.235289243118812,
-0.0112399291046055,
1.98505292127426,
0.369664059133083,
0.105256080022992,
2.98101072793772,
0.208963492606729,
-0.00112514453697161,
-1.18933642781770,
0.247977116494332,
0.271324120750306,
-0.302381557165010,
-1.08930295037711,
0.894772651021837,
0.465555620361383,
-0.708609077800132,
0.711481206061780,
-0.148620360247007,
0.292308263435078,
0.0897560112637589,
0.217193485732982,
0.411031342055381,
0.838050075911552,
-1.41602206892045,
0.420048811098145,
-0.898369419043035,
0.700955758115296,
-0.504224109293208,
1.62291377600623,
-0.450129465839776,
-0.703751272250882,
1.20582608703250,
-0.427298844932031,
0.289116948499847,
1.77254144805899,
0.333538403648073,
-0.855900927126716,
0.532385777767824,
0.861737293466967,
-0.0938114905999235,
0.401873354496321,
-0.0273371955891410,
-0.921409335681455,
0.0977649102120201,
-0.133294944861716,
-0.249051711224687,
1.02352794041667,
-0.288734318708299,
-0.0528079274140550,
-1.16777290374579,
-0.561531534403509,
0.681160616477768,
0.446560363005562,
-1.75999083933773,
0.318488800922685,
-0.451262862097072,
-0.587839858195870,
-0.162201992039896,
0.0375793453106155,
0.771182311316819,
-0.0969705189885836,
0.143897723146592,
0.647593887893808,
0.198926507835500,
0.0348856413831233,
-0.103008304416236,
-0.274344356313778,
-0.0495998332689787,
-0.443663733944921,
-0.561070159740121,
-1.90464689339332,
-0.344166136346621,
-0.297285508629272,
-0.640438532196318,
-1.52298867331969,
-0.334527429728759,
-0.572018314204687,
-1.01207014947237,
-0.517526534502236,
-0.994817569341748,
-0.957568440747507,
0.168786714451449,
-1.40616587440286,
-0.809662741714357,
-0.896192552784808,
-0.805982001673582,
0.379009897362550,
1.02307979903086,
0.626465252339593,
-0.123713015273650,
0.687081731926743,
1.19973790597221,
1.05977283389802,
-0.105358637748045,
0.745324609578553,
0.0558637881931745,
-0.581221657261541,
0.524353336431338,
-1.15114071393451,
0.598834672217155,
-0.393553587971498,
0.433837572331653,
-0.625152050192424,
0.297944146301256,
-0.869119681899708,
0.450286591952187,
-0.958929962951683,
-0.787808788445317,
-0.0605982519063362,
-1.29732765424972,
-0.302753775241404,
0.251320451228154,
-1.41422226612800,
1.08613812942872,
0.365323571123843,
0.342252378342376,
-0.417127088172235,
0.100556502207617,
-0.305524834016433,
-0.927106020794429,
-0.272832086556123,
1.07959001597024,
-0.196912271979993,
-0.748929119268747,
0.532071755657655,
-0.199381093160536,
0.171728665653607,
1.20013346868833,
-0.0439504286448765,
0.287367694266867,
0.663227284872228,
0.486988589312156,
-0.436716432375719,
-0.412593018735453,
0.0139544429542959,
0.184418839421325,
0.421826197676100,
-0.0148628516431689,
-0.714174297202717,
-0.801528856950607,
-1.00400697849204,
-1.05542297564504,
0.683799110250883,
0.486818267536870,
0.395148388424782,
0.883714718077338,
-1.20693402441371,
-0.549844793601773,
0.365240302244242,
-0.304454324568769,
0.0681318812651787,
-0.218927185536731,
0.234232237730764,
-0.543391071749224,
-1.16460994759890,
1.35673873559894,
-0.317673288550163,
0.414067473840266,
0.447430227066810,
0.387145376948724,
-0.114669823293481,
0.607938140659456,
0.0691708626729260,
0.0410679467780618,
0.0758516278291437,
0.0490711166378052,
0.457095060083137,
0.480656447134824,
0.767111772136537,
-0.484664052262036,
0.285106196708951,
0.186299647034460,
-0.422551774750447,
1.01208703679146,
-0.511136132892941,
-0.255777294275006,
1.17063447931634,
-1.59950803823029,
0.111045502312219,
0.852949129590373,
0.485066890078785,
-0.466431214536323,
0.884785991298860,
-1.58917654186444,
0.0475147693412479,
-0.541283359048355,
-0.859765866380404,
-1.05495273045333,
-0.720469182233150,
0.939437577116671,
1.07017733584991,
0.422916468033770,
1.00879632491592,
0.357712456141995,
-0.868684803382603,
-1.43399985196899,
-1.08257180112156,
0.459575892534895,
-0.0940031940400060,
-0.0226999042871121,
0.00843014418016463,
-0.572185120793641,
0.267078431789932,
0.249721951780787,
0.133819527686876,
0.413049012601324,
1.14837593941162,
-1.59975185029888,
-0.333158432251731,
0.406680764870654,
-0.582343687379340,
-0.727754744628955,
-0.933355856469944,
-0.725092516216916,
-0.779015960833613,
0.0397692825208774,
-0.561031012548186,
0.728059856231156,
-0.421410054467505,
-0.885635916272184,
1.08001983233679,
0.555052760592393,
0.523254118259937,
0.803474119100735,
0.742768957283326,
-0.343749336051920,
-1.36234299702431,
0.891341401232044,
0.181218096549443,
-1.13998559496861,
-0.822434588160250,
0.271153215359464,
0.983266175347228,
0.280421878022371,
0.148703195891679,
-0.799917888570852,
-0.790244748528964,
-0.292248597924937,
0.312594800925424,
-0.662295194130357,
-0.361286311931667,
0.397381455023901,
-0.757245133155428,
-1.02459122706577,
0.0191471496165136,
-0.243559858845765,
-0.529050916465194,
-0.647642027808722,
0.848288439252075,
-1.37724668828211,
-1.73386372376289,
0.726726152388506,
-0.211202057902825,
0.191923748921903,
-0.206206387689450,
-0.147696646368967,
0.494113544007012,
0.265290741674311,
-1.36786632539687,
-0.742418033278224,
-0.291526875569804,
1.77398043706802,
0.767416148209122,
-0.998100193251474,
-0.314084226300364,
0.378833845444927,
-0.780686950790472,
-1.33547366154306,
-0.467491890640746,
0.293664789195360,
-0.121395655330862,
2.20305892200845,
-0.778535677610945,
0.425999452244886,
-0.180788041453773,
1.15379165893798,
0.554106467464800,
0.549388024908785,
-0.113053080277727,
0.439919725175965,
0.133628936700518,
-1.12888271099172,
1.39900455860813,
-0.176483193057848,
-0.592170681739271,
1.12183492441326,
-1.21753903500962,
-0.869644438462631,
-0.719624350345989,
-0.833098476916753,
-0.231470955896209,
0.251911038865171,
0.528624475416846,
0.273390536249922,
0.452732478444359,
-1.40364975305979,
-0.219609512704133,
0.556605686965550,
1.51544642187325,
0.0296753399119646,
-0.386327123704407,
0.458400702941434,
-1.10466287115960,
0.406323606144054,
-0.761111910247979,
0.475430756574805,
0.500471003884682,
-0.600785276314454,
0.143884908758905,
-1.23771986258686,
-0.646898489787058,
-0.0191345159061768,
0.265728042902846,
0.486648556115773,
-0.432980028901499,
-1.75871808425405,
-1.17430389365980,
0.638389143350414,
-0.758779489914870,
0.112123916894969,
1.07317227373704,
0.305678087702514,
0.835794161546992,
-0.677232489113787,
0.594190219076171,
-0.319857779213660,
-0.195722548232499,
-0.211453401379964,
-0.261435437930269,
1.10959584722523,
0.203165609600436,
-0.552102032538565,
-0.216917125290303,
0.882494787134084,
0.408781721967681,
-0.347741317030688,
-0.939495886924841,
-0.120211526701314,
-0.271034425384926,
-0.403676004255184,
0.521381566614643,
-0.00980209659357523,
-0.262758011288401,
-0.301908093299875,
1.13182871841910,
-0.744260870628540,
-0.541214454234062,
0.171037456745094,
-1.13421667329526,
0.473378146159599,
1.10539074359744,
0.361580592070816,
-0.670159491240450,
0.384030051328925,
0.483149434519169,
-0.334681991118866,
-0.311401450585483,
0.738777468886764,
-0.861544429771844,
0.961930273027250,
0.951256168415692,
-0.259990848246020,
-0.826092532636716,
-0.623889955304288,
-0.766676284092597,
0.544818930023003,
0.533690941098810,
0.716314102469178,
0.258249499818120,
1.14054069941686,
0.704912746852226,
1.27002384348010,
0.115184600788270,
-0.498315108152736,
-0.153939336650438,
0.0274399744612062,
0.477041140656280,
0.516332209868831,
-0.0562537797961399,
0.503138811995777,
-0.158470953315921,
0.546304737295346,
0.297795075433890,
0.804499051697613,
0.377561865848715,
-0.869063736173644,
-0.299622008783446,
0.0805008549440736,
0.364360050470218,
0.444234635392705,
-0.788689829324037,
-0.0362791343880107,
0.332850361451358,
0.00586129918755900,
1.02187727702849,
0.0495053295277354,
0.781515191814699,
1.45758985802193,
0.214898454102959,
-0.726572142240348,
1.07511899384282,
-0.584178813921207,
0.730020387347218,
-0.332726138279123,
0.578958716283280,
-0.250566632640192,
-0.687942970313559,
1.06922545996856,
0.347820696082501,
-0.165979906918885,
-0.455481500927085,
0.171596436382310,
0.424916572823072,
0.318579965158094,
1.09587430953327,
-1.59605785413332,
-0.615069771802720,
-0.0452832435555452,
-0.333216139573151,
-0.619842064227146,
0.618246067079814,
-0.333412185076601,
0.574049059291215,
0.340856396850033,
-0.258515552117347,
-0.545255134406652,
-0.438898457532645,
0.518685303265541,
-0.512543679277671,
-0.0505151418642234,
-0.884946420143369,
-0.487240990255089,
0.625992087102050,
0.802973599714769,
-1.74587044004459,
-0.753810701306647,
-0.139693665470607,
-0.397331166863804,
0.507817913297092,
-0.185507726089173,
0.703093993798056,
-0.834220572916671,
-0.703528927798081,
-1.48383193271217,
-0.857767635464758,
-0.116550257663660,
-0.453310964086212,
0.377433648510965,
1.38622211630649,
0.274299789660538,
-0.180383547796387,
-0.554090626800650,
-0.201989484950309,
0.541697761861062,
0.659941466318738,
0.414475372652721,
-0.897818056341504,
0.185208140198905,
0.430432206814039,
0.741435389826022,
0.725766166424429,
1.16437632577356,
1.02804453454917,
-0.405888459831774,
0.923529128519445,
-0.568745645616430,
0.775327806145529,
-0.541014373047834,
0.355751460353276,
0.342153457919108,
0.579759176916575,
-1.47762019854317,
-1.50438819962933,
-0.982611036341683,
0.525352524196165,
-0.608011781818846,
-0.384508712637923,
-0.314636106691001,
0.324430141966869,
0.204369253213566,
-0.324494524281895,
-0.251885673450366,
0.288412556208497,
0.318577004236396,
0.136195276860198,
0.140456762891234,
-0.768681681987936,
0.259898993311201,
0.416531379788519,
0.0828874850282590,
-0.263122720612792,
0.189362152790752,
-1.17172473037293,
0.510385449491002,
-0.431780698889039,
1.59590955379898,
0.408580769223632,
-1.23099832684738,
-0.256391190758072,
0.689128855070485,
0.515120984920179,
-0.939736408589439,
0.514943623315197,
-0.232100276521430,
-0.718524927885158,
0.00415839593104810,
-0.233439897166803,
-0.281586082790685,
-0.166811794222987,
1.59883893265982,
-0.255128405855525,
0.886215121284761,
-0.182185576690824,
-0.231668815543179,
-1.33995057267500,
0.903854482070206,
-1.26077444311455,
0.0409548345556522,
-1.71000923137167,
-0.880165990275020,
-0.782317709634182,
0.0269328892692744,
0.258661643547399,
-0.604505779086132,
-0.0767021829854960,
-0.804284062659190,
0.607107808452835,
-0.942017199459774,
0.591212380864686,
0.602339664667225,
0.413275454115360,
-0.00526557870544315,
-1.06448277937184,
-0.581025818089503,
0.827616278569894,
0.0497774302653593,
0.0455129836715383,
-0.514733113197205,
-0.0386859310470140,
1.83353316022073,
-0.192628044311455,
0.0190501417278949,
-0.597299305043176,
0.00439969882167948,
-0.253512489731444,
-1.53639807314582,
-2.02775757017004,
-1.07403833313679,
0.155167151760956,
-1.56270122361222,
0.0834836286078821,
-0.300471103623302,
-0.409403641519803,
-0.198946151799189,
-0.0135074038690762,
1.49136638519328,
0.979066328660157,
0.598800471849060,
0.373271186979437,
-1.42523330366096,
0.338934919953476,
-1.38695950937821,
0.899182514975215,
-1.60533647928354,
0.104986623740738,
0.809681598547889,
0.564177029753167,
-0.0715180652956990,
-1.00480673779377,
-0.0703410352249795,
0.422249861591376,
1.08436031719561,
1.03980399345434,
0.316339973851625,
-0.115100330019995,
1.92999628486030,
0.532726434368810,
0.536251951168979,
-0.916337689068735,
1.06272376635670,
-0.746699049803027,
-1.34815704566379,
-0.536743049832504,
0.149080377168067,
-0.0511693136244503,
0.482378017156097,
1.62577278888569,
-1.47731529251945,
-0.333605748029997,
-0.316670799920730,
0.153412736081982,
1.56050321457664,
1.22255305235825,
0.456569628191067,
0.166651110235435,
-0.695227296875119,
-0.758226444769658,
1.19285256000080,
-0.00261439977283943,
-0.239819293106469,
-0.228109190698877,
0.0578871507438336,
-0.0567693585802854,
-0.207261168937046,
1.17198160583169,
0.286061710554819,
0.750653496193894,
-0.565946914362914,
-2.74381296534550,
-0.172690002607684,
0.263600948701803,
-0.664339181973258,
-0.793308491143965,
0.531821647263350,
0.302959690837998,
1.74468133666467,
0.119925457365997,
0.500662283962417,
-0.182648014769623,
0.122313180336081,
0.847529537729493,
-1.49373588087505,
-0.332960281024097,
-1.07506120203609,
-0.807469202634668,
-0.00680409181302511,
-0.953020399061872,
0.430244922600131,
0.152551272772455,
0.492456934358379,
0.740169191738660,
0.161626228103446,
0.409404700769255,
0.0832511326412411,
0.530105989010833,
0.125670370022593,
-0.919325565361815,
0.0923291472061499,
-1.06333224935321,
-1.58189164602507,
1.10807086287237,
0.0581741323430462,
-0.521231278424527,
-0.310941836988099,
1.13975241336861,
-0.0252290596320726,
0.476930651521460,
-0.510748254612234,
0.788437512976334,
-1.09714623259803,
0.389092484358425,
1.34868685742408,
0.635406769070416,
0.232321403192741,
0.216742069299166,
0.0645140970512547,
-1.94278926513378,
0.844874364595700,
0.393162249680323,
-0.339254309088968,
-1.57388809692788,
0.868986120042886,
0.195679021096159,
0.690815187557851,
-0.193472034083219,
0.546012752472454,
-1.58347133844392,
-1.05671068102996,
-0.235008137552973,
-0.740163130967285,
0.442518346304940,
-0.0464823192763761,
-0.147384456290235,
0.677714922908914,
0.637916903359433,
-0.889473190660595,
-0.463339280336744,
-1.20366772756939,
-0.0488299533868810,
-0.695378677939896,
-1.12178693005634,
-0.333806022657985,
-0.546106966845655,
-0.539723663716192,
-0.533234919010947,
0.684256374530896,
-0.461330928702758,
-0.679859046746465,
0.0701791534471925,
-0.869619853271888,
0.121528615597113,
-0.511831293603391,
0.0211777554651307,
1.13127865879804,
0.224181660146840,
0.514544583713584,
-0.694323312927750,
0.706808840044140,
-0.0991374197558138,
0.309380896468088,
0.584253531359303,
-0.968883184200827,
0.180892659489587,
0.805677195025923,
-0.0905799902582389,
0.266861819407194,
0.614274925407042,
-0.246191507675816,
0.0991803120282585,
-0.570000309804498,
-0.0761824367724637,
0.450829570881743,
-0.0798171488810528,
-0.662369602792181,
-1.49084173323380,
0.833699617299846,
-0.643620571632289,
-0.463949243167918,
-0.319876342903489,
-0.321320758382210,
-0.0156966007755318,
-1.77090110504068,
0.0558369384845546,
0.356205220534273,
0.318882172699567,
0.607622896955047,
0.264538214665768,
-0.393169282301220,
0.204275256040462,
0.237375850139984,
0.788759803518747,
0.860095902696659,
-0.154931430199599,
-0.625628527823238,
0.237797767496064,
0.188486106044620,
-0.394646390416083,
-0.148137153215703,
-0.698241528065680,
-0.345271256264462,
0.0914842443184215,
1.36721119644910,
0.586867905355850,
0.511116591120254,
-0.176501983009425,
-0.0362549376395177,
1.19913557926879,
-0.113825591353724,
-0.240188239821020,
-0.114918650686722,
-0.00447135080813206,
-0.231865151536085,
-0.358028777825669,
0.238367659670972,
0.613538107566213,
-0.0630598383080018,
-0.185168511591394,
0.877620244421830,
0.651669288417262,
1.40001859071848,
-0.109890150569922,
1.36578750647371,
-0.645997924793666,
-0.00715426945255081,
0.701782081008834,
-0.753096043356030,
-0.0905727183798533,
-0.0419398787810258,
0.107142420287865,
0.401821197912323,
-0.697962497389882,
0.0938462496587566,
0.170012983508793,
0.362420538508429,
0.485827732814555,
0.417919656118541,
-1.55495337068928,
0.703712860262942,
0.692328604692278,
1.23340874075974,
-0.109866515200349,
-0.653182917785279,
-1.57141419345511,
-1.19093191322818,
0.507326014448091,
1.01527877562962,
0.0490924943003187,
1.00786472304952,
0.917935923363706,
-0.0833266889639110,
-0.859032324367695,
0.291905991762406,
-1.04197976151832,
-0.0375419359078482,
-0.330125567508547,
0.708849878757161,
0.231801428409114,
0.712115567073859,
0.801562407851077,
-0.891483695447770,
-0.0259955577656131,
0.793446265807467,
0.623555311240513,
-0.855297553636242,
0.918563570104394,
0.170834861166204,
0.105319377426627,
-0.552306820521832,
0.584224545225316,
0.902004391029732,
0.628243067252320,
0.461073325795153,
0.659637510453878,
1.18332414649879,
0.0984923317767220,
0.605213697140696,
0.446038815835493,
0.770277594348698,
1.31761532053787,
-0.0491939817451588,
0.724494596636118,
-1.69279559980967,
1.87331453933507,
-0.211515395000638,
-0.486041812096002,
0.506733135688336,
-0.209901217473919,
0.754122353441222,
-0.682458224134391,
-0.0608929066242384,
0.158530709835623,
-0.774440482103187,
6.06739761457594,
-6.91295531338939,
0.685864555247497,
-0.408723402666809,
-0.485304744811320,
0.240540442815687,
-1.30764975160746,
-1.03793496722775,
1.25555759483023,
-0.922910307317726,
-0.380557244280944,
0.0211317198588996,
-0.0495519409488533,
0.585897419591661,
0.756628674873902,
0.152748776188451,
-0.697267263582138,
0.345756149866357,
-1.69500357878291,
-0.139308692589968,
0.784853815916840,
-0.299032252731548,
0.184408063995992,
0.728793375662911,
0.00945967391332756,
-0.285427157397792,
-0.0306116734071954,
-0.597237863004518,
-0.781441262508646,
-0.305435529567020,
0.501161688678355,
-0.535979582631018,
-1.34867742616256,
-0.613172298710261,
0.393521740153593,
-0.245747455263404,
0.508321006513688,
-0.444426721259882,
0.406239048745983,
-0.119477581864843,
0.530971934358805,
0.963427257513077,
-0.800834907456121,
1.11212688937270,
-0.142095973918776,
-0.131878671451058,
-0.868178969332048,
0.330493039737705,
0.574941078489852,
1.01263660521519,
-0.0332280789631425,
0.503139510947748,
-0.328555485682853,
1.23052218572938,
0.0702099257801574,
-0.103935832573475,
0.696741628847867,
0.348304097594537,
0.705088522517315,
-0.148719760672219,
0.181844670100707,
-0.259690357267655,
-0.727433445507637,
1.96169254814214,
0.712832585047473,
0.522671245743711,
0.492283363052657,
0.0540276978837547,
0.477362791689934,
0.101648241367822,
0.215852213865951,
0.0616145179524458,
-0.552736413521485,
0.283417146087561,
0.741856245400625,
0.956621125094175,
1.42722275716895,
0.389117481254320,
1.09317250801816,
-0.381586231052216,
0.554644126114795,
-0.251886637095009,
0.215067574068617,
-1.19813010260788,
-0.554189557476302,
0.103254918018526,
-1.16800642945207,
-1.22172609266580,
-0.141254156639777,
1.13760033116898,
-0.378903894494196,
-0.383976238342695,
1.55136588619487,
0.167606457505870,
-0.861551513070062,
-1.42886344481713,
-0.800628560410400,
0.129255221013500,
-0.110370249873428,
0.242613736703349,
1.01422631175759,
-1.22653294279350,
-0.666743409057519,
0.997449159554867,
-0.332387960011955,
0.537348422117920,
-0.0714870792909188,
-0.768393882585508,
-0.377772358104121,
-0.305110137849881,
0.139638320868856,
-0.524102013730414,
-0.235179499588445,
0.155848596462523,
-0.280590564849871,
0.0734599712051681,
-0.531272196162936,
-0.630342754693487,
-0.148795249176542,
-0.274559488701877,
0.781217961578611,
-0.559907661161737,
-0.310973769047878,
-0.672641215071206,
-1.18713360661575,
-0.754922734963179,
-0.224384895312087,
-0.908170386170621,
-0.202659119828421,
1.13360342922852,
1.02104578175153,
1.07148177325147,
-0.656111991978684,
-1.03824469103095,
0.0430544521849728,
0.751957140214149,
-0.0737247037915842,
-0.388622438700814,
0.185073948578454,
-0.395390627051118,
-1.59656065655649,
0.898705179338806,
-0.0870278641613898,
1.24588143824455,
0.00415348016440537,
0.658470129017819,
0.425826122850179,
-0.277801254999141,
-0.0932063697872906,
0.856068981530786,
0.100768353815050,
-0.480548217687509,
0.599657357114135,
-0.106291806009366,
0.784790510553808,
0.0107586606354260,
-1.46892788580451,
0.996094560213780,
0.768105695267074,
-0.0163090576256505,
0.220539977435333,
-1.18455108037958,
-0.0907451061054389,
0.178195028932599,
0.362518289297968,
0.606378233673620,
-0.922276796171881,
-0.354378165380891,
0.524419984616502,
0.676793982083923,
0.199047778640915,
-0.124004959710951,
0.187828632081322,
-1.21633659570148,
0.476689626180821,
-1.45299828557440,
-0.716598822205199,
-0.385623974731171,
-0.591332276704337,
0.319991447573970,
0.950422585061609,
-0.348831409605034,
-0.364502619733653,
0.426460958468707,
1.24378224470482,
0.727087921749630,
0.104967347767594,
-0.0645221770210200,
1.50774150947725,
0.923065798990839,
0.505067127911634,
0.146201537145757,
-1.62693646624345,
0.261574500068888,
0.859872751653447,
0.824240853405183,
-0.321531608712511,
-0.0711890441260504,
1.53447190128459,
-0.628129439194735,
-0.314464815420686,
0.490182072968814,
0.689454372586039,
-0.956836221580001,
-0.892701041486881,
0.869796698517007,
0.513089400282954,
-0.927100153664750,
-1.53983255363044,
0.0495493435237174,
0.283311456400610,
1.02229441316744,
-0.754056211087127,
-0.394975489446398,
-0.500327144097371,
0.929269908439550,
1.13764857355833,
0.540689878208891,
0.577206062920630,
-1.46891335492249,
-1.12061199273895,
0.241129967382309,
0.328320855408009,
-0.0845784367600947,
-0.207168863063163,
-0.843995316970015,
-0.793570187579422,
0.656313051569480,
0.462277269816139,
1.05952919145803,
-0.543527404352810,
-0.528270134368789,
0.0444065852430039,
0.861751790692046,
-1.65336348147409,
0.650860658552078,
0.175232868919053,
-0.888960963223161,
-0.527174888545813,
-0.841848242030129,
0.129079151444829,
-1.41591637402774,
-0.513492204890587,
-1.06397893766087,
0.456759002929764,
0.299802050449411,
0.909656632700974,
-0.122181542712401,
-0.224616017073782,
1.07030519444539,
0.177281824219731,
-0.270146493567157,
0.607482276270866,
-1.00517756168663,
0.0901385940624495,
-0.0426465107132239,
0.436274121651118,
1.26116004018101,
0.233428793098764,
0.347969262714652,
0.510523464059954,
0.832804304096327,
0.684634199820359,
0.0771628573154414,
0.830568836154952,
-0.0344618563676268,
0.231249061706078,
-0.0684279514572226,
0.0737886443198944,
-1.14656664810581,
1.07324202378444,
-0.302559757406911,
0.871584386381741,
-0.447552622886316,
0.874013254768960,
-1.03319730951491,
-1.31198944883405,
0.298225176065362,
1.26950191652366,
0.836191226896063,
-0.246568309352572,
0.681311279801375,
-0.0264607268679599,
-0.198966307260684,
0.428438299801222,
-0.801576931090269,
0.0712927542843334,
0.185323454773563,
-0.497263114191988,
-1.14916812156169,
0.964937540988708,
-0.0349352832153796,
0.245243117330740,
0.953727729026502,
-0.106332911324465,
-0.857326830542582,
1.23960276722596,
-0.337386321249301,
0.502923205800000,
-1.21393032510347,
-0.225197688582369,
-0.397363177608070,
-0.314000505683544,
-1.11245174477114,
-0.137648090305836,
-0.882571563002792,
-0.198349603635679,
-0.443275204185985,
-0.903107187647254,
-0.727937375320001,
-0.0119640731631506,
0.452251965209025,
-0.496351489432169,
0.0763917410321000,
0.777005369382861,
-0.874555889178849,
-0.550728387438378,
0.256825924372545,
-0.264790897413935,
1.50537656427458,
-0.256669857803298,
0.483423121666756,
0.846455873852114,
0.960050187872747,
0.714592630894440,
0.438882057332033,
-0.360292508420390,
1.29638661654583,
0.112354855556310,
0.764264736733586,
1.05837151628094,
-0.582845715055886,
-0.732705843674014,
-1.88504767990262,
-0.305043131086733,
-0.186931846030677,
-1.26856730001736,
0.0499697284635753,
-0.610134308332043,
-0.131166191618782,
-0.0510509332146372,
-0.716427625741870,
-1.04259214567549,
0.626696094403101,
0.838614326779841,
0.00205267101462049,
-0.374770258403329,
-1.87082367287370,
0.772418743046152,
-0.866831797532279,
-0.334534975191685,
-1.84812114427015,
-0.200415738979234,
-0.425279170249429,
-0.127783162835067,
0.818082346735563,
0.581896303720317,
0.429994396580543,
0.393214138504413,
1.05631817491202,
-1.08946594354696,
1.06742720867800,
0.789713016426789,
0.537505928242843,
-0.0660781497026900,
0.239736289903290,
-0.0230263537070703,
-0.121482417820401,
-0.189765813828038,
0.360553517045277,
0.934685232639147,
-0.143915294432511,
-0.605724213606915,
-0.198841417744635,
0.195155796210762,
0.635736194144173,
-0.459105327810743,
-0.595728088287669,
-0.0131181007087754,
1.29378564175482,
0.245322309810056,
1.53491803323155,
1.07887289089779,
-0.217304438748530,
-0.874282877839973,
0.122244834551542,
-0.448626745961765,
1.71386266590752,
-0.551320353189537,
-0.647457671481601,
0.298697448782277,
0.576353586794540,
-0.737851109218199,
-0.544238523584471,
-0.599738138776085,
0.131795829999206,
0.614967476581052,
-0.360728980941462,
-0.830344106654464,
-0.871304906596748,
0.183844333720641,
0.0128670279691774,
0.634456615293940,
0.313851885461474,
0.0451087086484617,
0.309306795631681,
-0.530904371730247,
-0.303934623201630,
-0.0316268866348383,
-0.0557269368162736,
0.209230634184874,
0.0412672456136022,
0.416819287338663,
0.574557073928816,
0.466799668539511,
0.276907615275032,
0.601806524848798,
-0.382289307983407,
0.746365898036921,
-0.256343951748029,
0.283100961559602,
-0.209623155897088,
-0.854405629869745,
-0.495628307186414,
0.550026476772055,
-0.114077712370562,
0.460093541100507,
0.143056743001607,
0.321219942359048,
1.57709621581782,
-0.396179025577703,
-0.231214769915000,
-0.152936098435126,
-0.276778390523794,
-0.563402458239566,
-0.282438315445333,
-0.112817700417762,
1.22002530052447,
-0.131950409398130,
-0.0343467900010377,
-0.263473870829233,
-0.0589652167695430,
-0.192650775774484,
1.72860243922868,
0.132084937446246,
0.0803930582414364,
-0.602589316317535,
-1.59982564156101,
0.386729016653815,
0.818418661897564,
-0.765073192406208,
-0.290858285089792,
0.428601187909318,
-0.0501276182228628,
0.478819289824944,
0.390343449105475,
-0.467975949944305,
-0.0823035575877910,
0.433886332553013,
0.125923968180219,
-0.859927026988618,
-0.520226274043037,
0.240086884912242,
1.16160124039737,
0.241804024699205,
-0.237254471516973,
0.154420824541872,
0.165898653917426,
1.56724224851400,
-0.630941721983189,
-1.09563423837649,
0.595484052726899,
-0.398106571296615,
0.980287727643347,
0.0439378868623796,
-0.333949128912537,
-0.159507235015382,
-1.12212344640773,
0.112727377624098,
-0.693414201612373,
-0.258722085894305,
0.874234409299083,
1.36133651739862,
1.23537477843117,
-0.478193920830553,
0.451941819916290,
-0.297415778220809,
-0.709098321456059,
-2.29349483226825,
-0.393177329505598,
-1.31626125882662,
-0.00434004611157988,
0.673004899042477,
-2.39149362831351,
0.643889428510106,
0.148199662550121,
-0.119289247843986,
-1.13459891584135,
-0.839226354930866,
-0.267082037465667,
-1.49814379324317,
-0.174147256054387,
0.377725261176262,
-0.194645649850180,
0.0217537821801073,
0.314642741061041,
0.382278591881215,
-0.548170761825855,
0.176429863919238,
-0.158360073319974,
0.115407549741090,
-0.329811337196465,
1.30083212517283,
-0.343435152514714,
-0.496970775754849,
0.558799079378300,
0.997016189706577,
-0.470690904793388,
-1.47170202512821,
-0.929931793649996,
0.436248388708620,
0.731927951368164,
-1.07585094315151,
0.472790534092552,
0.693286556310092,
0.428984687811699,
0.175377658225639,
-1.63252696892800,
-0.132379031398967,
-0.360350216313114,
-0.365961117003096,
-0.349416807679530,
0.608717401424889,
0.711026319100832,
-0.0815921601028301,
0.0304272057582372,
1.98272415883737,
0.127712379560366,
-0.780799208903648,
-1.46576863322008,
0.0994048176333905,
0.507108980974222,
1.30538134410561,
0.351190273700993,
1.51234432789137,
-0.205491845759394,
-0.0570255151420445,
-0.249718270289911,
0.295118441248551,
0.242619498731183,
0.932463088850136,
0.184943696030703,
0.407526980747055,
-0.498719010276275,
-0.440418919611357,
-1.91544281559217,
0.533493760183843,
-0.335263580105215,
0.0803760390639241,
-0.373269023790265,
0.590399174940464,
0.397039523004737,
-0.678088687288535,
0.132074567188672,
-0.118515048925341,
0.178462269005347,
-0.179178868168574,
0.658887482855028,
-1.14095091489190,
0.0672315374351527,
-0.195517210191092,
-0.808630539931756,
0.263482271513576,
0.271257855593848,
0.754821303657670,
1.27631116089816,
0.996412626656042,
0.00981658414773828,
-0.839034747842171,
-1.69064110401255,
-0.573330724143281,
-0.000177064596578247,
-0.422935915394832,
1.06895145829747,
0.961139803632663,
-0.505832336790998,
-0.211463444474001,
-0.697063215586784,
1.07268842220059,
-0.374685826476411,
0.606505139937014,
-0.336856621953340,
-0.946965711625100,
-0.338472181553122,
-0.361783058454380,
-0.453771706368055,
0.887483936917302,
0.134705623560271,
-0.0262710751929703,
-1.06627319947820,
1.07647787593703,
-0.137802026613490,
0.361450516428762,
0.569005377035032,
-0.131457304230920,
-0.254574335048030,
-1.21548198035500,
0.292708702168569,
-0.538497535593534,
0.489267579641239,
-1.71555481654581,
-0.261693789971636,
-0.415970263166664,
0.805847559754008,
-0.695751639841247,
0.0509364284838584,
-0.225034242840707,
0.655179994759334,
-1.61807735523244,
0.773524673456317,
0.0725820703567118,
-0.108381350066259,
0.512741365481997,
-0.537842311454995,
-0.831179889041183,
0.450547833633885,
0.0627614287394165,
0.481877222003976,
0.736793584119697,
-0.853803944438185,
0.846106300536075,
-0.725910755502965,
-1.51117697253140,
-0.343875669769903,
-0.371890046361346,
-1.05298466114151,
-0.0762065862919848,
-0.250792927086785,
-1.17798101343270,
1.19309928807021,
-1.82291081555104,
-0.476974722083153,
-0.113428286905683,
-0.626490709417435,
-0.847530201683517,
0.0427282521294929,
-0.400297367153381,
-0.100761506325045,
0.708906902524801,
-0.531666172592046,
0.670013227162822,
0.893895200530192,
1.67311108041871,
0.0648437318970978,
0.0253924340670207,
-1.11247373939039,
0.255949251438066,
-0.619149949544019,
-0.595529810431657,
0.827413527870643,
-0.287272426162173,
-0.319167017000300,
-0.276665790913908,
0.0184361306019779,
0.771057033656604,
-0.0565324279466615,
0.661472334631666,
-1.10348523290367,
0.197348406754778,
0.369279807507785,
1.96889388916788,
1.37201382088945,
-0.553196272263052,
-0.555853401256495,
-0.357183945935074,
0.663482821731412,
-1.12018385986024,
0.335773690049412,
0.551239578389949,
-0.132723990051071,
0.502524733547960,
0.700004663821014,
-0.685319975264641,
-0.0522207228038853,
-0.746105371449874,
0.434466491501238,
-0.117672563322248,
-0.122733802859692,
1.45477514518881,
0.377294088469214,
0.248548666569666,
-2.21110188590630,
1.08596216462767,
-0.323246858551928,
0.0387918558572537,
0.719035770686171,
0.0340919311165762,
0.441162601540682,
0.888481536816058,
0.860164178313996,
-1.40654981733383,
-0.457481404111122,
-0.773865293104680,
0.898232041526221,
-0.713913229199663,
-0.668272491688757,
-0.0988087592064687,
0.212308408008474,
0.538839426008155,
0.0474328225222751,
0.355379239580728,
1.42723311503172,
-0.440429668382622,
-0.905123721915263,
0.367260556178506,
0.590187417386105,
1.81253870913753,
0.0784393369115126,
1.03259640963553,
-0.412126831259206,
1.65791836607192,
0.415954164118819,
-1.60746623588860,
0.0256331471550076,
-0.332801957890492,
-0.285336842476818,
0.272870812004393,
0.423718232562787,
0.533406569058077,
-0.0816127053068609,
0.242973910888526,
-0.943321072650022,
-0.818618353464857,
-1.29644486605335,
0.649794207992030,
0.399107178904573,
0.840149388666479,
1.09017061042766,
-0.701266510571655,
1.07992249881968,
0.00444581137627682,
-0.270113979576682,
-0.617689760208707,
0.651351446863132,
-0.317230380542759,
-0.393798142174857,
0.216432092168531,
-0.383329942775382,
0.534601605211966,
0.719427158166190,
0.215995488417751,
-0.503092117329217,
0.464950915271471,
0.588033130311521,
0.176118180569446,
-0.0803320377837309,
-0.0630609910275429,
0.713302523945311,
0.385065302997871,
-0.512219195292266,
0.504190718641962,
-0.0648482084222668,
-0.472838207572536,
-0.278023366824412,
1.04650107963928,
-0.189967664338846,
-0.642024929184663,
0.354988920838280,
0.00847229324268732,
0.384358645071489,
0.341337497008905,
-0.101421545480749,
0.762845751100620,
1.00940719928494,
-0.586521984271624,
0.686328771218063,
-0.239631532020372,
-0.212931859799319,
0.792939652790376,
-0.640241570214084,
0.153225430405476,
-0.845777570668194,
-1.52666112814641,
-0.0196313395175705,
-0.993956972009399,
-0.0355458766296348,
0.234123123672876,
0.363320710662744,
0.827078286172831,
0.631002792601591,
0.148683499974365,
-0.221116391193052,
-0.556192368900490,
0.191785821127601,
-0.355807681730559,
-0.604878383479697,
-1.08668840972453,
0.926121793010576,
0.542169256218842,
-0.215118149363689,
0.205288901598605,
-0.297633346984306,
-1.21307711318906,
-1.30730273696833,
0.329968713904046,
-0.381721954102571,
0.726959730294537,
0.313390071289945,
0.0432298787806393,
-1.14024313194256,
-0.00482147708215426,
-0.848325429238594,
-0.453753630997312,
-0.463648159214911,
0.00985468120815292,
-1.18041806679376,
1.21300148472241,
0.352689288910325,
-0.0399785675691998,
0.0771148197854660,
-0.539515733596936,
-0.468790845480779,
0.811643452071369,
-0.932680751262523,
-0.685131595350647,
-0.909901993067584,
-0.528907224772437,
0.105528470952232,
-0.205133195563961,
0.537439514557030,
-0.933421892987443,
-0.498802582424313,
-0.0213194320991019,
-0.350585477307336,
1.30200404914136,
0.0647115257240315,
-0.190074890316657,
-0.177972390660655,
1.70930995731847,
-0.556534509971446,
0.472474643958412,
0.706613237514704,
-0.427076249244694,
-0.205943691568370,
1.51597867841012,
0.312344461227306,
-0.469080143323455,
-1.00555765149796,
-0.216991794754471,
-0.222100651717509,
0.0478739787474793,
-0.599753371657660,
-0.948017260825147,
-0.717198508010570,
-0.259798558229466,
-0.532813834529808,
-1.36630437056292,
0.307481721449012,
0.274498007071732,
0.469569265539556,
-0.871617350650784,
-0.825092264825458,
0.194354944758553,
-0.0703984252941537,
-1.00873068341875,
-0.595212695337576,
-1.39978906983183,
0.925099463651568,
-0.810297735418191,
0.765298281171087,
0.0442663634762432,
0.253138278498215,
-0.115864305518448,
-0.167714352461003,
-1.89420845170187,
-0.171718944820822,
0.500617171332599,
-0.147242766568090,
-0.0379940243507562,
0.380303808081947,
-1.31621709194192,
-0.894844103863876,
-0.203089291158125,
0.509075370453576,
-0.258448753050473,
-1.13708099207928,
-0.473901648869827,
-1.18404505840417,
-0.314665155944529,
1.57499313738300,
-0.463266163106952,
0.791723286413190,
-0.385012338256375,
-0.146612335781319,
0.822350410625900,
0.173753747915523,
-1.43395008899960,
-0.773613214414211,
0.709153912775429,
-0.162906062576844,
-0.455313798061517,
-0.220812785954666,
0.130016530391397,
0.415919297468248,
0.550782748099935,
-0.0643364211859789,
-0.735638483525029,
0.512273558899388,
-0.432436421321031,
0.0524240239479311,
-1.65939833129135,
-0.795698355819063,
0.874344302030185,
0.120699698000634,
-0.387266595082384,
0.753608421556168,
0.742762785448304,
-1.18605930508289,
0.0846622012612199,
1.05227631423237,
0.109647294211530,
1.51887170452485,
-0.123439499037895,
0.292058826345387,
0.460825744062339,
-0.250328281603428,
-0.650079305154717,
-0.865795456759303,
0.520584774591982,
0.0581185053288797,
0.536420208125546,
1.71645042685163,
0.282049538116950,
-0.135064548009545,
0.155053033774595,
-0.539242524649514,
-0.0195178345627536,
0.146929862233967,
0.449121915362317,
-0.636174632458787,
0.0743489115115398,
-0.603846977410738,
-0.424102338681014,
-0.870451256451900,
0.710906653052218,
1.14168070736427,
-0.608908279616187,
-0.565560021572876,
-1.00608204978658,
1.18637828627483,
-0.735350798935027,
-0.948093553115912,
0.462421747854969,
0.174541886500114,
1.25815337502533,
-1.04950573234252,
-0.610643859275398,
0.0786555129423529,
0.415570997486845,
0.267918037253878,
0.919915337599830,
-1.35204298919426,
-0.301814056436462,
-0.124051952446390,
1.35699688814021,
0.767190590254350,
0.304204225697633,
1.13732592785995,
0.930175670636381,
1.40323887885218,
-0.825141417412930,
0.0286217335328245,
0.100952923548904,
0.270759382073643,
1.20643586464604,
1.66578288173518,
-0.349064594317052,
0.0720439300691344,
-0.330156062935905,
0.291216244230110,
0.693239246282195,
0.712662698558199,
0.140387566135954,
0.485777960472658,
0.182269235122045,
-0.467243129350860,
-0.811955228859834,
0.0525334142728445,
1.23584994440570,
-0.371706184515777,
0.420575372057877,
0.600734108588403,
-0.215400914502000,
0.277001559631247,
-1.69459459757807,
0.528310375031796,
-0.419333169071204,
0.445541787834506,
0.345151797699487,
-0.761820712213008,
-0.642091316922055,
1.17497647833001,
1.11306074909793,
-0.935414240698623,
0.745946523546723,
-0.00268233179296026,
-1.10075903682665,
-0.379320836151208,
-0.213615741176471,
-1.03808057848240,
0.551827330229865,
-0.379618232361057,
-0.620517142671876,
-0.327090714732367,
0.845823272231681,
-1.18696702906555,
-1.28039120107850,
0.808201696139083,
0.00910299206224601,
-0.265630691379243,
0.417245026795567,
0.0314743442780572,
0.0720249426524551,
-0.350164958601141,
-4.03269465669316,
-2.48619095851081,
-4.87908157666037,
-0.0886960061792030,
0.365852647506841,
0.784262675742152,
-0.291004641269389,
0.239901589876276,
1.17194528803148,
-0.0848114823222140,
-0.0958402073308494,
0.396695916229423,
0.302735923418485,
1.29842947709393,
-0.437726795890861,
-0.538504833142677,
0.192039523805036,
-0.469203144555925,
0.0260884642515898,
-0.160750151315001,
-0.583457601314322,
-1.75345293786494,
-0.257042392743599,
-0.813989606730720,
-0.516139532650495,
-1.00523115872550,
-0.627945427464044,
0.327162467531171,
-0.260130151365882,
1.10106535390379,
-0.481666228736894,
-1.33519324902380,
0.621306996911982,
0.788566526733454,
0.489650280034713,
0.396001892280917,
0.497138157808894,
0.523686753603477,
1.01192725395971,
-0.725575794686612,
0.332617926118019,
1.19197607812294,
-1.00727394857354,
0.720046329097351,
0.190864279593683,
-0.612993327196014,
-0.136851833789257,
-1.02831165012587,
-0.0267080535131365,
-0.623154292997730,
-0.00493340831190648,
-0.779121429636491,
-0.104449977363136,
0.263102110018833,
1.04189079969003,
-0.726314347214341,
-0.779380571492049,
-0.0573336610188645,
0.427168671860408,
-0.139879712497710,
-0.459819149087235,
-0.0506498547397515,
0.639014602063652,
1.16721671765751,
0.635522233161699,
-0.408990375614520,
-0.0405541851517048,
-1.09311588376585,
-0.625089736073710,
0.330302918412248,
0.827611406163729,
-0.301491924064226,
-0.430109672100214,
0.0543798236539349,
-0.240846043662998,
1.59603704835232,
0.153715117047191,
-0.400081556809249,
0.827654729200081,
0.379128190185072,
-0.162047430584070,
0.00566714527713054,
0.781413804417806,
-0.380201802402814,
0.0450374937734388,
-0.721148680082729,
-0.941769998590284,
0.576431996576216,
-0.511905225898907,
-0.264180378521203,
0.992238936224586,
0.0107889185932089,
-0.139520257221889,
1.40532778088168,
-0.724826682295110,
0.241610044358940,
0.0641122149279980,
0.440207971165507,
-0.152635406950810,
-0.692751368457497,
0.305260743342311,
-0.0989954305386906,
0.0571588448146468,
-0.245518093578883,
-0.00503670837324252,
0.151140359535968,
0.989860334972200,
-0.110547431614826,
0.843925148048060,
-0.0774413168071832,
-0.00695492111288402,
1.46998161852216,
-0.0672892941959575,
-0.0231463801556348,
-0.0949370518817100,
-0.189427434837055,
0.902379995033467,
0.586661079098263,
1.57433059507722,
0.901765925946165,
0.965379158999770,
-0.0323856311335934,
0.703211647184561,
-1.41754828380615,
-0.199068529672001,
-0.434617637573895,
0.659582776289314,
-0.0386733990605775,
-1.16041816684161,
-1.10066558796787,
0.0723635020461282,
-0.122546104328070,
-1.29847942177978,
-0.232849388028140,
0.351480650951541,
-0.279926474958759,
-0.388860551441685,
-0.990780921857927,
0.0805047576045672,
-0.253020375712881,
-0.412440443964029,
-0.507224217738571,
0.405170345606022,
-1.02044158514374,
1.15172081065486,
-0.130076641964379,
0.193921678792266,
-0.542947177174391,
-1.57981493164295,
0.0780199719133612,
0.147270397694965,
1.38645324889486,
0.582587470855485,
-0.350676991161459,
-0.193092367005457,
0.115317323589860,
-1.16361575260017,
-0.564586137818941,
1.06132832756650,
0.510430854460069,
0.341567066917181,
-1.25287548650694,
1.12492000819802,
-0.508456866697599,
0.0524074807798889,
-0.349203117681109,
0.879367304244834,
0.738453964656862,
-0.694662276683492,
-0.440869742926043,
-1.45422235150000,
-0.411193647148457,
0.391872471999778,
0.919388348198669,
0.663895079646421,
0.502289921805388,
1.20375738792496,
-0.295076994177472,
0.349852415302133,
1.02073617921782,
-0.586359131270335,
0.815936182688426,
0.0310706395118722,
-0.926276581378898,
0.847089805487955,
0.898363135406176,
-0.227733387033856,
1.14128301181999,
-0.912814524006026,
0.559718018173368,
-1.06682124454655,
-0.289980489782183,
-1.28635042080540,
-0.304824320871040,
-0.917080279503671,
0.205740970791669,
1.42065681799251,
-0.991677818131799,
-1.58959342715079,
0.471822896537417,
-0.187239043839887,
0.804081219336794,
-0.453820794519708,
-0.388868352531703,
-1.88106547462990,
-0.587953956423957,
0.377072297926937,
0.879694341446233,
0.559148269916824,
-0.0450715315347752,
0.518136159616332,
0.547690466212818,
0.973014457015163,
-1.80237639176516,
-0.596670059877028,
0.0108097916034239,
-0.444414767847440,
0.407245917767398,
0.595403361373885,
0.187525807366867,
-0.378621449350793,
0.197852099701443,
-0.538036299232520,
0.197799233830589,
0.237735045672072,
-0.00415732264273582,
0.402674440458673,
0.931551101228593,
0.856734315416312,
-0.459973419857180,
0.692958694206938,
0.234510752949754,
1.17601249544205,
0.660482365558990,
1.80322726018552,
-0.615522262799206,
-0.163262917799530,
-1.05340597316277,
-0.232146668745509,
0.0223078560537418,
-0.812776146100723,
-0.201261258655773,
-0.469215459348253,
-0.778336373358829,
-0.236559744354700,
-0.973648965458483,
0.360147402148664,
-0.554194782713658,
0.212856387470746,
0.553335104139546,
-0.545029516482404,
0.368104822305001,
-1.28036215468117,
-0.0191668736814871,
1.24318289886262,
-0.201530215972359,
0.120813799608541,
0.119494064530517,
-0.346730314400058,
0.672069758367751,
0.158513637883298,
0.598935868278980,
-0.142017488695663,
1.29258057029153,
0.0480658338020485,
0.0217658708305573,
0.409846009324622,
0.594909568726488,
0.108587235373876,
-1.33458398428965,
0.556019212508149,
-0.660446005055840,
-0.424007256586107,
0.678495675189092,
0.290332267843268,
-0.998135566558950,
0.497645473006630,
0.852413309130950,
1.37539570627245,
1.10468631940763,
0.151578359569526,
-0.292988222975740,
-0.556661744217069,
0.430077422791113,
-0.867043417750060,
-0.457695978871022,
0.102901892702816,
0.122784080263715,
0.0475942485692096,
0.203200481836728,
0.788132310981401,
0.366779069770320,
0.924341721515839,
0.376872848423799,
0.178304498347029,
0.765953730752866,
0.197210384855083,
-0.420624286634911,
-0.117252034391775,
-0.761069387671612,
-0.994238635481061,
-1.06365427378225,
-0.948596242935466,
-0.0567411309430840,
-0.218960709403740,
-1.13196789939987,
-1.26588879386764,
0.608293812479404,
0.162151080467220,
0.0433357144006469,
0.357699446065918,
1.06511278464047,
-0.464780800737882,
-0.302607485366889,
-0.767408452792962,
-0.519808991574937,
0.514649549659123,
0.0480497620912738,
-0.427196328651283,
-0.613585312998668,
0.893360801192983,
0.281855159425084,
0.369203268829740,
-0.314535991636269,
0.778877688735401,
-0.176936673403101,
1.05241047894600,
-0.192789389048649,
0.136076115319110,
-1.19926613125464,
0.269221892136643,
-0.586499201677879,
-0.00390809273344147,
0.377070035385603,
0.324630769131946,
0.487353944624189,
-0.179656344728340,
0.398600257768593,
-0.0648478198341642,
-0.214886297454868,
-0.480654192675938,
0.713307791284383,
0.351273709750422,
-0.189363674255163,
-0.532552388548077,
0.945820730403102,
-0.291969421225273,
0.176494514382141,
0.0193551089709121,
-1.02594914673918,
-1.12372718167797,
0.0595006834681182,
-0.859816174270367,
0.672647268587482,
-0.0273403782116439,
0.00803898746022403,
-0.0626063273596524,
-0.0451585639922201,
0.317760909929166,
0.449250623947668,
-0.126482455735455,
-0.724213303732146,
-1.13989858386502,
-0.0256313137974320,
-0.225741272683544,
0.340509499598963,
0.236147185885846,
0.482636212461353,
-0.0983337822778286,
0.751548214742440,
-1.33551830454405,
0.576109442197178,
0.103084131255005,
0.490871762533355,
-2.23957253583900,
-1.93203346339675,
0.0467588277706228,
0.491838266251785,
0.816211048578013,
-0.0624654964096159,
-0.914047890108506,
0.0569456643247237,
-0.326236274138846,
1.50550307744788,
0.858159651976706,
0.393537183181842,
0.196187093868062,
0.216516352806858,
0.218674675903623,
0.981610445305012,
-0.662870222530626,
0.205273727961108,
-1.35207481954706,
0.499656843982486,
0.507151433993455,
-0.287922601809897,
0.396057573809929,
-0.0706403352335969,
-0.539549861419990,
0.610823532491712,
-0.860378104523338,
-0.231189684239867,
-0.796051139938975,
-0.762216259296263,
0.360205797892872,
0.321801343315525,
0.195391579441934,
0.991056246967190,
-0.776366892609216,
0.890732262899807,
-1.53880119253153,
-0.615374705005232,
-0.667106669758365,
-0.336391202663987,
0.143069403795051,
0.618514985204778,
0.428007926640563,
0.446463496749854,
0.0638631988952971,
0.0233214322568863,
0.219711844596015,
-1.58552350488377,
-1.11155435807656,
-0.817773413780860,
-0.304276261298819,
0.333760486300924,
-1.72167102549531,
0.394806282019059,
-0.816877278205282,
0.696126747503964,
-0.0160549304020090,
0.330409184781156,
-1.25314833975672,
-0.0456121562667030,
-0.187185117347377,
-0.302978231760991,
0.0467044200608512,
1.16870133983698,
0.749147924064147,
1.19165863781081,
-0.00846947068126109,
-0.0176286046668894,
-0.817449757590327,
1.52931005319770,
0.217409952697392,
-0.761844608429454,
0.761026018796954,
-0.0455426219849513,
0.647036103207125,
0.0419509852142254,
-1.04640395633808,
-0.304309594954265,
-0.303537882278405,
-0.00925329256314419,
0.412574682684143,
0.643881339703569,
0.555686761307023,
-0.122086898123884,
-1.33502889933053,
0.274988883766789,
-0.218635817954159,
-0.647370294631208,
-0.685849969483390,
-0.126573381130239,
-1.79014619658462,
-0.178715303703270,
0.202922237017581,
0.419929627384003,
0.618793937668359,
-0.380610304953841,
0.0185313337467291,
-0.276146599194880,
-0.589259201169451,
-0.475963483612550,
0.493488557158370,
0.397559341305818,
-1.08482235027483,
0.152913129042808,
0.698852630332571,
-0.402570636099465,
1.12650651549238,
-0.810105929367410,
1.24169898322455,
0.0833598777862846,
1.08825632700247,
-0.292487313862351,
-0.141311201859122,
2.11630129387968,
0.520766552137533,
-0.296301354935158,
-0.763749858482427,
-0.337506651204855,
-0.564490887885984,
-0.518515199101738,
-1.11632060349993,
-0.615885127881047,
-0.624535579736128,
0.351392675245649,
1.20274818907381,
0.356049226162769,
0.321657223803592,
0.237915412312865,
0.318276018970975,
0.0635971558608508,
-0.339878001042255,
-0.133554831446166,
-0.617652053258889,
0.0665559521422586,
-0.424773713789723,
0.247235859070560,
-0.439648870461823,
0.172198271380289,
0.0601443430140553,
-0.887422587742894,
-1.20302862974475,
-0.560952802218957,
0.597691935218502,
0.0332231713842581,
0.429624080600270,
-0.885731602761240,
-0.697549013980261,
-0.944913650985584,
0.00600411441347225,
-0.420141852779182,
-0.551059392383122,
-0.132965102458354,
-0.267532139730770,
-0.660206677912513,
-0.118047485957152,
-0.979719503291026,
0.361810348104752,
0.307359273870524,
-0.273678317405935,
0.482513797207908,
-0.443417524657429,
0.197736454387467,
-0.720879558174945,
0.935439064104030,
-0.759118911175988,
-1.10857971851932,
0.817798668353141,
0.260867532475252,
0.213560166917410,
-0.613144305649640,
-0.172404696120213,
0.224688896128565,
0.165153511704367,
0.225881071105843,
-0.586477523867736,
0.176983614755548,
-0.800367532297461,
-0.879180636367231,
-1.68156906253056,
0.738267115884060,
-0.539760683873809,
-0.237448426931885,
0.377750273138691,
1.18868385300290,
-0.832562932960622,
-0.223451555813392,
-0.547443787031076,
0.242258031997134,
-0.596732148007171,
-0.668783564629179,
-0.0576955120791324,
-1.44257151630440,
0.299298284919595,
0.499284135038099,
-0.142727260755378,
-1.39574107579839,
0.374615752861290,
1.05888213826933,
1.17320630527056,
0.424516957156863,
-0.0186406973947249,
-0.443835272190656,
0.973663867703245,
0.935021431475701,
-0.320540217918018,
-0.162222521852713,
1.36272439644570,
-0.356292925813342,
-0.548807178687453,
0.620404207354919,
-1.17375403416543,
-0.208661707543887,
-1.76365451032474,
0.598643564997044,
-0.265784411151713,
-0.567690631589595,
0.136277878842237,
-0.434426022357808,
-0.0998933337994273,
-0.0726006103581235,
-0.0321087095892803,
1.92925059057017,
0.432659519769310,
-0.0679189275609376,
-0.519895385148881,
-0.102522069054513,
-0.632914299895439,
0.493803942543894,
-0.846353633766153,
-0.394573739502577,
-0.798801487732054,
1.02590062326756,
-0.981698436058177,
0.582332350202697,
0.332447294146021,
0.251470985974246,
0.507286128400458,
0.149472902269894,
-0.0398436799907497,
-0.523949819803664,
-0.425539226145663,
0.263836826761375,
1.30352325450188,
-0.288373152498463,
0.430269209585344,
0.966441182203716,
-0.201799333312941,
-0.0573379435259980,
0.347841918639010,
-0.405093951212114,
-0.892895385054810,
2.25312798037482,
0.114941230780120,
1.08498262235806,
-0.00500235666905196,
0.980438796241296,
-1.30118177727797,
0.0224674431764262,
-0.397344352308105,
0.496994717412808,
-0.426228580680757,
-0.228046929681728,
0.586820422400052,
-0.807266127974960,
-0.0520636024262828,
-0.123477975685827,
-0.144486913241861,
-0.458488806145362,
0.155279119860053,
0.146181176527194,
-0.124439362825241,
1.77601611565261,
-0.0757284790185913,
-0.312261565019227,
0.233303536825563,
0.981327540467197,
0.879823472480722,
-0.387981496231176,
-0.126164284140989,
-1.08231745847644,
0.329059940794267,
0.0388733384379497,
0.229862854216278,
0.144516470230446,
-1.50346678835847,
0.0889213456859258,
-1.48906592212513,
0.314021606260084,
0.420180613053343,
0.0791937211723961,
-1.40811455994486,
-1.39209836576828,
1.12858456215788,
0.0258995767340430,
-0.0176292007470911,
-1.68371183265921,
0.227567852305778,
-0.138841345825299,
-0.0998970633349943,
-2.26250772474596,
1.10957478291294,
1.04638162678046,
0.785468420690624,
0.594213769576088,
0.779052668029529,
-0.200643840189138,
0.314468497771298,
-1.89315050945100,
0.803591772466881,
-1.02135322955168,
-0.280389029477723,
0.415794867494807,
-0.142905796795490,
1.38562053852754,
-0.220648418400939,
0.942157886369527,
-1.47738945014828,
-0.999189328496561,
-0.483960869149937,
-0.0606858820370300,
-0.846553588734660,
-1.09456233771799,
-0.169627530792686,
0.974180049786225,
-0.604997466134809,
-0.848867987641251,
0.0978925301060702,
-0.0587132306374378,
0.873117481841885,
-0.851973710151764,
-1.16116971711690,
0.105428367637553,
-1.42566499146042,
0.181205548540291,
0.103080830230247,
-0.885997442553915,
0.291347175152880,
-0.214517075556384,
1.26161318209659,
0.550830446785476,
-0.0714988948522005,
0.549394451851799,
0.454354505793729,
0.435865905025737,
0.108377704952984,
1.67839433422246,
0.819356493328842,
-0.0868654223304242,
-0.913760033952370,
0.412193103928079,
1.20698683805250,
-0.613393317332342,
0.510244720942323,
-1.06262759403680,
0.109483711546766,
-0.435051527306615,
-0.472795882481943,
-0.896198967184311,
0.385431967296940,
1.12680241640119,
-0.392077475192849,
-0.339551943649112,
-1.16630448450548,
0.0211521050493158,
-0.949294667276041,
0.101990003467814,
1.22959378583229,
0.198339702586802,
0.246668123772732,
0.623110391224360,
-0.463050462480452,
0.0877780155207788,
0.127326073276774,
-0.365381794108299,
0.0952528087879983,
-0.199958935809099,
0.757913277757890,
-0.379553759816645,
0.0224682468255376,
-0.650397666646593,
-1.00799254846577,
-0.109160627747153,
-0.939943171191208,
0.454402899762901,
0.574366079276634,
-0.668803689873880,
0.819713702198074,
-0.431203127526841,
-0.652254508914466,
1.50860710620821,
0.454463958431030,
-0.176839984310144,
0.0303097665434360,
0.0274070997904759,
-0.531296485442052,
0.0480909211802782,
-0.327696109672137,
0.888279655733123,
-1.44006340792021,
0.276032981700058,
-0.459502121333250,
-0.471301527708136,
-0.0975285580379540,
-0.855948506403094,
-0.471113587016316,
-0.398786505512034,
-0.00107041205958269,
-0.577644443295430,
1.18624681575421,
0.445056337956764,
0.993692216853910,
-0.107890950190221,
-1.09209435471490,
-0.713204341824824,
-0.307359296386540,
0.757604741753399,
0.921367543252689,
0.410479329224883,
0.601552567694347,
-0.437157872363561,
0.205173554180129,
-0.387215574550866,
-1.08311419773186,
0.705210860306994,
0.150927375963542,
0.213534397452110,
0.511388893987576,
0.625064711998942,
0.453650259265059,
-0.162697945466633,
0.0668618671456987,
0.702971326865841,
-0.410477314205684,
-0.0205027632722433,
-0.191911969674034,
-0.605188379274520,
0.636971264748971,
1.54911149653096,
-0.459261344814325,
-1.06701848340383,
0.195483739096375,
0.815953437175118,
0.545381121409136,
-0.172479142487756,
-0.213797509774648,
0.480700447837746,
0.645877274557969,
-0.0124562757466132,
-0.351500282404463,
-0.780742545303191,
1.19496535427077,
0.487393318357175,
-0.170701452627178,
0.275304393816506,
-0.0256354222059610,
-0.605069799229287,
-0.654154777846995,
-0.772539509296357,
-0.315005418699633,
-0.0304471382254886,
0.448423163513040,
0.697115480527532,
-0.161775218455861,
-0.733570763816536,
0.511770284573841,
-0.271108589119826,
-0.616190899827195,
-0.711518323768064,
-0.837067115315545,
0.105982807974344,
-1.26938386489611,
0.585627978559672,
1.01925899310127,
-1.17851922365759,
0.141754439594282,
-1.49106785744099,
0.901756303739668,
-1.06972345708467,
0.231105248930358,
0.519039751130360,
0.207244675787969,
0.530540746858768,
-0.717124051823510,
-1.76372165413825,
-0.285266852746001,
0.425597736677956,
-0.578601594307729,
0.0875365058222754,
-0.760517578594986,
0.447340980168550,
0.460024463779207,
0.268386031188076,
0.142242034884274,
-0.844786976407675,
-0.660543418837492,
0.134928958488629,
0.433689607366888,
0.213794865561304,
0.356874012579866,
-1.57156041608502,
0.862124223212563,
0.453550728182670,
-1.06814063395237,
-0.176245609238493,
1.10021767031324,
-0.666658232724612,