-0.461408770175038,
1.30059155127843,
-0.819986214654369,
-0.212566624002768,
-0.961002913355072,
-0.575374839078636,
-0.770424206182127,
1.16343292345706,
-1.89324133633829,
0.235722360580109,
0.801643262769151,
0.275671383687887,
0.287148887927092,
-0.831978922209160,
0.312046739101890,
0.354557646904247,
0.345561936675197,
0.252044669657597,
0.924162387863739,
0.407026476795884,
-0.376448568286435,
0.327202481699013,
-0.276668796103503,
0.972965027312784,
0.689124766892741,
-1.40116434391685,
-0.713434931851446,
-1.17776812656902,
0.180964774686681,
-0.208182178516574,
-1.31817416369949,
-0.360440032250827,
-0.208458482133298,
0.717588441067991,
-1.24308844800506,
1.54918691152632,
-0.877080244059483,
-0.881265202298782,
-0.115408784464063,
-0.310316882802306,
-0.156019419574104,
-0.330191808761566,
0.389568173453338,
-0.923941891967701,
-0.236610222391366,
0.618030109820431,
-1.29669099143238,
-0.459636856085343,
1.26616812501074,
-1.44212553212215,
0.732589140508631,
-0.783629456363148,
-0.351175203860538,
1.33517438829591,
0.000634455056029089,
-1.38982318432294,
-0.524311602498913,
-0.0236643229843969,
-1.26823464787155,
0.141993868659466,
-0.185660570739853,
0.218830499669958,
-0.348701945861749,
0.726234284840116,
-0.0372031956314806,
-0.561415697943457,
0.423957379095521,
-0.731208935640175,
1.50172539980464,
1.81911833880638,
-1.13712747893229,
0.495324696117940,
-1.01661586208443,
-0.427243484413847,
-0.264503141944835,
-0.212520402507887,
0.775472662711253,
1.26701972000707,
-0.675041983927166,
0.565648981963517,
0.540802225823567,
-0.702592124510055,
0.534411583864266,
0.852916390933039,
-0.463918181259674,
0.0128088231948720,
-0.170995661889377,
0.0826348117390344,
0.536558354055446,
0.0299911556727308,
0.772587974895738,
0.103210348099015,
-1.07922773569608,
-0.534766977300573,
-1.02856802858387,
0.702017861924234,
-0.304411800930778,
0.0939867257865109,
-0.823397279209270,
-0.0199355954521361,
0.444327694696723,
1.15132378641070,
0.282970803313320,
0.473738035429307,
0.203280719965087,
-0.371421912491798,
0.891342489038724,
0.0182129319044795,
1.01098955891499,
-0.196333977056842,
-0.0909989030514505,
-1.80371311561399,
-0.558294287111495,
-0.636110972620790,
-0.722417733933323,
1.14151952503964,
-2.09992957585600,
0.0813171564309416,
-0.00771733788234197,
-1.07222582149797,
-0.444023019487613,
0.193629060029312,
1.42873736394345,
-0.102579839627300,
0.216769590907041,
0.946111643392677,
0.487752221655962,
-0.397449270838468,
-1.55741274845374,
-0.639037887731326,
-0.127513419496025,
0.0307139022095008,
-0.0620737246096079,
-0.910510122152729,
-0.852783377591718,
-0.402074786145761,
-0.553430379825077,
-0.822463457129600,
-0.0956671466042378,
-0.520749907539030,
-0.198032285670612,
-0.0584510800474763,
0.122219373456010,
0.0173779499440665,
-2.38873687720768,
5.13663895028046,
-5.17551629133928,
-0.210617363432177,
-0.992129951130369,
-0.188571795420262,
-0.385212448906209,
0.225535457542691,
-0.291086908670119,
-0.232303864033027,
-0.331446545525099,
0.807565104325659,
-0.306794995927263,
-0.199484320273431,
0.00816661514989524,
0.672138909590949,
0.586599882984038,
-0.219243182297346,
0.0230926577543515,
-1.16849524645248,
-0.737617268151199,
-0.848046287834894,
0.505836750098150,
-0.852379884739738,
1.11801255282947,
-0.0108890829797828,
0.0206405533948346,
1.19685421198589,
0.00429194332248331,
0.410857981847443,
0.329278784708554,
-0.249166331881075,
-1.05587637490844,
0.412099250129153,
-0.0941219620766205,
0.251081364870438,
0.522041730710422,
0.509151346611633,
-1.22277711008672,
-0.195104917102654,
-0.443836698812369,
0.486373815438603,
-0.410848137446004,
-0.615596764617825,
1.37415847101892,
0.335086736341739,
0.324996476625026,
0.208456036229530,
-0.890967584216798,
-0.155308154757216,
-1.22781650435748,
0.174246935760579,
1.29923206245794,
-0.761737030258835,
0.177684499107241,
-0.783052859308560,
-0.331533409885593,
-0.238320811516318,
0.0563737876247756,
-1.11994789628441,
-1.09703458571663,
0.0845660493964977,
-1.47914995548508,
-0.582008417392291,
0.381922303516397,
-0.146890256624490,
0.282003260853458,
0.895973853989429,
1.67907868095578,
1.01646924444012,
-0.653558252936198,
0.625881542532858,
1.24614443673926,
-0.296407582086132,
0.477788686095376,
0.273101301242063,
-0.423036945966389,
1.31650322032616,
0.229743779863495,
0.403755026586909,
-0.377413498227836,
0.177467772764489,
1.00867679293663,
-0.198122518615983,
0.223744734981624,
0.215101435451114,
0.368790373235591,
-0.712135411371778,
-1.02504650998905,
0.885927417315890,
-1.35767490162949,
1.53510912044037,
0.624059848760231,
0.167210184192639,
0.491058445498095,
0.0265823223359999,
0.575810735452732,
-1.10950401761927,
0.374511753267116,
0.399656349692289,
0.268166363969689,
0.390470143777850,
0.647447105859638,
0.276252354659701,
1.32645686431426,
-0.435178061988423,
1.17387926187447,
1.02574830776242,
-1.34148503631562,
0.291217915212431,
0.768078049693369,
-0.809958073945134,
-0.449167819724512,
0.898722072908722,
0.993830179476815,
0.581293144891478,
0.00450360177177798,
0.0811803597956309,
-0.0138438847256523,
-0.434612965373326,
0.120185166920323,
-0.959607737987288,
-0.00758954297599244,
0.390471807864619,
0.400152933648284,
-0.127241861404543,
-0.863201673021656,
1.12341006900881,
-0.949940598668426,
0.290482992698558,
-0.602231002830471,
0.0684540068121004,
0.412634268385763,
1.04198969265604,
-0.0428859473636457,
-0.630243430123942,
-0.245001595265946,
-0.397922814552652,
0.695932856199743,
-0.931653389474617,
-0.600289669887291,
-0.728598690317319,
0.361960950666410,
0.304958653329984,
-0.225892396228933,
0.811004715129422,
-0.466691877055864,
-0.861359964227172,
-0.421652355848488,
0.322228414911679,
0.685991317550680,
-0.0742380075891893,
-1.04331757650931,
0.0558269087422692,
-0.0463217597525279,
0.0256042582743880,
1.56274996888063,
-0.614159309484896,
0.915165340417835,
0.0270399737388617,
0.255180239027895,
0.290494035867479,
0.454778961754387,
0.0188363319547299,
-0.339323997910073,
-0.310485320087597,
1.61624703024496,
0.695495136167761,
0.734827535189524,
-0.573012673819513,
-1.31686148359629,
0.521246736200358,
0.815224825976394,
0.794101267176403,
0.912399461354252,
0.896722509825430,
0.139327067381893,
-1.88173527415620,
-0.246652323338026,
0.525532564046941,
0.104913442808081,
0.512056481953110,
-1.39486682206063,
-0.113815628880451,
0.138696071690333,
-0.523280154783618,
0.245975263701575,
-2.30770702885365,
-0.599040983588343,
-0.318510986033056,
-1.46615382985331,
-0.394509359042566,
1.17142550891238,
-0.357355630451949,
-0.509875924309820,
0.0766444734722260,
0.290068170009802,
0.495708820893494,
0.0919529832523763,
0.595730698420376,
0.279443604983761,
-0.971396259173825,
-0.373088413786876,
-0.171827757061051,
-0.598895196886761,
1.32080688777193,
-0.248077078161819,
-0.453834384174060,
0.140105674942597,
-0.307065472381542,
0.275655366315552,
0.662914844624057,
1.14677855428886,
0.594879637111215,
0.761441023593064,
-0.971985665844601,
-0.118996780166591,
0.442247887721910,
-0.293299571996136,
-0.0389055698039697,
0.280186718760402,
-0.250411826215944,
-0.148140162071808,
1.44117654527110,
-0.305269835749543,
-0.949022820069404,
-0.420906882137906,
-0.546292190135908,
0.807005120080173,
-0.699594212153966,
-0.723444741747648,
0.907495813022543,
1.06052379742273,
1.04159197120638,
2.02966548942298,
0.743568889142426,
-0.273292192239394,
0.494830456055689,
0.406411685845046,
-0.539306121046366,
0.430601759138739,
-0.862031236308318,
0.224150779497359,
-0.354525686933738,
-0.651989622267435,
0.789509430248661,
-0.188155732853719,
-0.585310584940471,
-0.173176192437216,
-1.28641491836787,
0.934044038929724,
1.19812887061683,
0.00227846532958481,
-0.148386673308881,
-0.588148810604489,
0.607377171500937,
-1.05871745277573,
-0.383970714876436,
-0.704422768418322,
-0.761406257884135,
-0.602709313014418,
-0.735875400755452,
1.42342072579721,
-1.00300734701324,
0.764985401572490,
0.687238079612093,
-0.372598387930084,
0.614835198280644,
-0.278672399383979,
-0.406170271196594,
0.118960365796034,
-0.640460853213157,
-0.307172921638664,
-0.318436212351610,
-0.160232669192879,
-0.481847755216870,
-0.774643298247808,
0.416743805387178,
-0.0753820829393234,
-0.586788831335817,
-0.0505622613051432,
-1.72541493744243,
0.0734969822004834,
-1.17687402009511,
-1.54415960422179,
-0.0120290358197240,
-0.381443329598140,
-0.714104402555532,
0.407022823947241,
1.58587564869090,
0.541658888432196,
0.458615285400556,
-0.722992966236480,
-0.436669125193200,
0.791191351907839,
-0.332193331812142,
-0.712810341897113,
-1.18452038426413,
-0.320608435506866,
0.218563873680272,
-0.539458128679509,
0.0190764132212293,
0.139650336412442,
0.468140944785065,
-0.00191359837697470,
-1.11876772542025,
0.234701004353412,
0.418538736389537,
-0.507457726728246,
0.931805977096987,
0.830370552313190,
0.727427790178233,
0.613267305485002,
0.266538955313927,
-0.00906650797002439,
0.0249163562795316,
0.159349404366345,
-0.120173313810310,
0.886535163647751,
-0.0724763253366404,
-0.264626398116687,
0.356937008236951,
-0.702625348810360,
0.417047950540149,
0.543622477409864,
-0.879895709371164,
1.20314881603176,
1.35170443890973,
-0.293408123580473,
1.18692543264145,
0.580680107430151,
0.190665538223287,
-0.338967973433113,
0.0479104926056010,
-1.15159904447630,
-0.718692205761797,
-0.418316613794139,
-0.0664814057921524,
-0.0811874508503578,
-0.0164486562755616,
-0.248910577013070,
0.0189068359193879,
1.45569765526138,
-0.608729369703265,
-0.223206514609288,
0.523059754952376,
-1.21422499438380,
-0.615626710547191,
-0.505889771906970,
0.458979471286570,
-0.601563652989851,
0.753859180754556,
0.124258038388189,
-0.508056583325512,
1.36679349074071,
0.708131851505101,
1.11830616791577,
1.02224672507823,
-0.615351505490273,
0.854456737905850,
-0.00530994279563880,
0.565651715916545,
0.00946182366740194,
-0.249047035166100,
-0.265003330671466,
-0.517509967204340,
0.0888690496467579,
-0.707303953053687,
-0.484052868494196,
0.890767509284849,
0.655475977698486,
-0.478535476618357,
0.0586901435670340,
0.234880935165794,
-1.08987341424101,
0.0185257880787204,
-1.42978488195169,
-1.75769738117944,
0.354756100779624,
-0.00159132373564099,
-0.407638266950292,
0.521448647676125,
0.554328312885262,
-1.66965517296679,
-0.867862349137375,
-1.06712541686859,
-0.793545987165857,
-0.152738349950423,
-0.172259112962253,
0.241263968705484,
-0.556041171745319,
-1.12455507173663,
0.512244349191583,
-0.400365600094480,
0.242418458024024,
-0.306066154492883,
-0.492352404585325,
1.26936939261200,
-0.569551141350379,
0.152290623464121,
-0.325305715154525,
0.0365743514615632,
-0.293961063703591,
0.326794361551744,
1.40622366369277,
-0.530675758944396,
0.611367157875815,
0.221282147295849,
-0.492820573953014,
1.47498880775582,
0.544034485717509,
0.834191275943617,
0.605126428059730,
0.0643089021499032,
0.481693297418737,
0.0355332428974106,
-0.751682061285294,
0.871561108355783,
0.437119566091759,
-0.172274083883799,
0.706140291378334,
-0.436411207088808,
-0.556486979710495,
-0.168200679662822,
0.433454484500703,
0.241293457204232,
1.20229648533841,
-0.320290526958958,
-0.0251026699749250,
0.177805274460426,
-0.605480464290182,
-1.00449799937670,
-0.435342151474285,
1.35226276097597,
0.322899576386994,
-1.01272668808939,
-0.0270793352846671,
-0.180285453600451,
1.17912201612546,
0.463739183776844,
-0.106409281109310,
-0.0574408749521127,
0.734968589659466,
0.208697169375924,
-0.345751954773564,
0.106228786820644,
-1.64379660645684,
0.00887154305208345,
1.07317956340747,
-0.705294676807850,
1.38293807575774,
0.372094760703578,
-0.968694543617206,
0.880323970287574,
-0.0823670925128059,
-0.189614442413955,
-0.756095971550868,
0.844873814904574,
0.488173541917888,
-0.465396803466861,
-2.26341484112069,
1.21195512265031,
-0.125971258913381,
-0.302335028121752,
0.889020861452350,
0.986338927484137,
-0.310817747679641,
-0.179073112038283,
0.589868367221745,
0.0895380036055214,
-0.683582874602471,
-1.50373750427161,
0.0673828728806166,
1.68210876096863,
-0.578315286593359,
0.0236695774569305,
0.861439930991254,
-0.912151714541767,
-0.0812993278072377,
-0.136802615268921,
0.685399341139122,
0.786654943098829,
0.620502878417003,
-0.614182103761883,
0.333597813713854,
0.946648128098812,
-0.0752717198036881,
0.716979222132293,
0.935957643159819,
0.0739760843766338,
0.370619830933725,
-1.12812690821247,
0.230651897115046,
0.638246138213604,
-0.337900417138427,
0.232206993624567,
-0.677108194942462,
0.687357154525960,
-0.407685612223034,
-0.453568784349503,
0.168737412894040,
-0.429782978178336,
0.382707270882690,
0.785329828948917,
-0.0915745425081329,
0.0803090850957600,
-0.649123247884345,
0.264405473970473,
0.183274541440468,
1.16140940057133,
-0.836255221489474,
-0.180585239908043,
-0.172342210863288,
0.362307336085328,
-0.786763878950136,
-0.100641703391292,
-1.48742772131864,
-1.12204758454200,
0.470054424580999,
-1.72985811927778,
0.0699500043791778,
0.613224818400299,
0.729089836345481,
0.000475420109115640,
0.235811004990098,
-0.425091766783969,
-0.679105478211765,
-0.737777609755207,
-0.292481857469705,
0.288095862815292,
-0.639018172509049,
-0.0300055632073363,
-0.821955690702126,
-0.397331667552406,
-0.0326300025882312,
0.462155375151116,
0.0965368478346395,
0.0398756251909632,
1.03916904140508,
-0.927995788114264,
-0.259086843537953,
0.212742166657895,
0.709314113342202,
0.649341277606272,
-0.227938745035186,
0.600599417835337,
0.607431892962191,
1.29759403053635,
0.0805394851541469,
-0.372799418157924,
0.330082816719178,
0.393466038184465,
0.424750497808244,
-0.383552196062345,
-0.521973317073019,
-1.08851380043839,
1.16368484700766,
0.484548670505191,
-0.698475401016174,
0.410299279918824,
-0.358545723805609,
0.262333037557611,
-0.375034048896855,
0.926884996937467,
0.332566790065907,
0.376620056792051,
0.763863166705982,
-0.520081271987792,
-1.33685883863615,
-0.0306365794024325,
1.73395355804401,
0.0561400627245857,
1.21952686267613,
0.0869402384989792,
-0.0973369538969840,
-0.709690636916798,
0.281832373783535,
0.540952431655627,
0.792552951378544,
0.214573460444257,
-0.348350202218348,
-0.0433172168092777,
0.657237504857975,
-0.411587403867513,
-0.459604877671328,
-0.789420234744871,
-0.626271856136320,
0.458433437536407,
1.64416041425406,
1.06843410826616,
0.374927504388948,
-0.223516604153822,
1.15135121751361,
0.681676661823348,
-0.525889388793955,
-0.984378329857795,
1.22154387252805,
0.196398861815620,
1.16308637971555,
-0.401603095021151,
-1.02601261851400,
0.533242700841685,
-0.844838598447155,
0.102208024176790,
-0.247596247469699,
-0.519303629077260,
-0.144807638441048,
-0.449679127680371,
1.22258123766659,
0.157269893538319,
-0.336452243268255,
-0.738861443422792,
-1.01120925806183,
0.235561526519297,
0.248522801332784,
0.971090557229556,
-0.537878532179509,
1.20511848515898,
-0.705439075321897,
0.281224653079820,
0.949380110909372,
0.671975870181968,
-0.0423704827414604,
0.371638118155454,
-0.0994635682886575,
-0.482501808276449,
0.421623049028798,
0.497513405387694,
-0.756754974990717,
-0.325392628951684,
-0.391104278221126,
0.656483866504972,
1.23658337074381,
-0.0485924424950771,
0.152116455145948,
-1.51146804191743,
-0.472129100460993,
0.889112708314265,
0.0331151182769501,
-0.804184042267231,
0.430292072696490,
0.768760990487202,
0.782778629042446,
-0.482562399766514,
-0.591988402129139,
-0.157546109402583,
0.761112386237457,
0.0143881963104719,
0.127162398999014,
-1.50712330615451,
-0.988305401239283,
0.850586244982714,
-0.506238983012415,
-0.487457895439228,
0.0536407897647811,
-1.51108618743025,
-0.780069499077631,
0.160023862357626,
0.625660974713794,
0.0422345269090759,
-0.873136169065096,
0.451092407969159,
-0.0102394809617763,
0.864781720185249,
0.575443060476823,
0.127712679877513,
0.307102125009779,
-0.289619085816523,
1.14583164087648,
-0.240096083245038,
0.447161736318342,
1.38648478015690,
0.943514511071878,
0.488193549642297,
0.264482658806055,
-0.0561924535966956,
0.378187032141523,
-0.375430603779776,
-0.160564899996919,
-0.102785498167747,
-1.78403476881392,
-0.542141143543086,
0.242913358804046,
-1.65262252679162,
0.413282027285996,
-0.222101266756840,
-0.644130842326981,
0.143990874693366,
-0.356655414656237,
-0.284969748329814,
0.368303392969472,
-0.433667038055352,
-0.354465326038892,
-0.262982651500603,
-0.806860188075519,
-0.241730141322019,
-1.16810275357153,
0.874991491256013,
-0.420869323710037,
-0.308322854939527,
0.501722006329121,
0.584296450498304,
0.560133555110876,
1.14768483332113,
0.470462574314074,
-0.571927269385922,
-0.737388090285653,
-0.293718737547257,
1.07386815473766,
0.915365800220570,
-0.312411186081952,
0.351128544210046,
0.370680930862108,
0.373692870677794,
0.262054860995241,
0.583919982476757,
-0.452166137248117,
0.487580871604693,
-0.144593630632560,
-0.734318038720193,
-0.928337845316395,
0.0584714054246665,
0.414024166440042,
0.434920160068422,
0.256869967556448,
-0.619162387872688,
0.203770216326834,
0.519683251518603,
0.661196242671203,
0.414598581083827,
-0.0872089608444124,
0.462383442461937,
-0.0149797309856839,
0.835948459410502,
-0.176310684392609,
0.830029301121278,
0.0188959435632174,
-0.241968678964413,
-0.344054375030095,
0.998924966280082,
0.793005677345969,
-0.0555189749421515,
0.242205243651829,
-1.00696235548114,
0.292298891919501,
1.57818384187826,
-0.826106571659983,
0.489303150309815,
-0.0844616137469517,
0.485618840107987,
-0.285302807871547,
0.145494072942469,
0.341758460403766,
0.751275715866142,
0.153956879093238,
0.716599570883729,
-0.0547151713497110,
1.50668418692615,
-0.0680989432025605,
0.349676425389378,
0.0757049505962482,
1.00300398324832,
-0.752891273125192,
1.46522338673276,
1.16436773275617,
-0.171930653888768,
0.0176037397943015,
0.672784576974991,
0.183548291869432,
0.736278672170098,
0.937994649812373,
-1.04141122388379,
1.68588412824792,
-0.111222665929102,
0.307829843819783,
-0.965514391725034,
-0.540726603950200,
-0.310067791186001,
-0.558716671443171,
0.887011896740472,
1.72166290637161,
0.897335989646999,
1.10588054192138,
-0.396476805293933,
-0.733170420089753,
-1.03215905756740,
-0.388589127933068,
-0.0203494374891895,
0.486843668738438,
0.353744428981898,
-1.07366902918717,
-1.31051016830663,
0.130499123328502,
0.532569212611645,
0.995725956123193,
0.116263105084220,
0.0168171655898347,
-0.965210233841429,
-0.194780534781515,
0.157478428596238,
1.04954598117953,
0.0915342377084155,
-0.242930398767336,
-0.722008530987387,
1.28737501395204,
-0.0332254434167358,
-0.171416937918590,
0.842153031447641,
-0.0910302406784545,
1.30776876787565,
0.552801928094643,
0.285220805028275,
0.666706834733317,
0.117571174777314,
0.123038488726184,
0.130901847759502,
0.312100385138265,
-0.742085237296536,
-0.745468607988719,
-0.0629292492102946,
0.721698441385048,
0.188846748981198,
0.0302783957670615,
0.835891497342510,
0.00248293113267778,
-0.225803863774989,
0.0257623221429779,
0.206423457714255,
-1.06576776393228,
-0.991987473965892,
0.541852295609624,
0.227004311589658,
1.00857349778282,
0.585891293842884,
-0.255329975296090,
-0.530263835191387,
1.72535602198836,
-0.230734439010284,
-0.203293392473113,
-0.315658126496641,
0.223969006531310,
-0.234721626066406,
-0.433090867978021,
-1.22594629499278,
0.583858891103794,
0.189439017758107,
-0.152259930541586,
0.707589847966639,
0.100004003561226,
-0.457112309085948,
-1.28803791334809,
-0.342780088952442,
0.0483730295644111,
-0.0636187535842565,
1.67605836663025,
-0.162288848746658,
0.647138816975738,
0.529392986047483,
0.797020578278293,
-0.0245566701414189,
0.0298101960284386,
1.39148023950159,
0.0471401618806085,
-0.225506434386553,
-0.276321580265602,
-0.413906339859063,
0.741879212601084,
-0.340558646986240,
0.593453514824937,
0.764812126460884,
0.414617582317217,
1.52625219990922,
-0.860711821360792,
-0.711669955016459,
-0.114817824009094,
-0.0657473643261657,
0.557422543027064,
0.739034764730877,
1.00240663998175,
0.488889746063968,
1.71484564398612,
-1.09481128951807,
0.447755211057405,
0.237589885558611,
0.296709078183620,
0.865971669797463,
0.122203783937435,
1.62120790990390,
-0.323110651140581,
0.795191228109631,
0.186152704010258,
-0.966750403498890,
0.171683360614492,
0.766793535143956,
0.0533280638903857,
0.521331448259521,
0.0193974558581234,
-0.178205030347698,
0.0103238451515980,
0.121839041868483,
-1.07464311980596,
-0.967752915978231,
-0.245588170730245,
1.16718065320296,
0.822716695566726,
-0.434831437313553,
-0.370898438999431,
0.112725557092161,
1.49310479442671,
-0.0342128268776596,
-0.962295193491016,
0.279524516737187,
-0.531898928438958,
0.224232700199379,
0.0401903266443833,
-1.05958341162008,
0.269268220077732,
0.741674152062905,
-0.397998400036551,
0.681938633301894,
-0.0517767373538750,
-0.741403108925895,
0.443284576406470,
-1.12967821641871,
-1.29645089171629,
-0.669630150247202,
-0.796320689994169,
0.912387585286087,
-0.0451258511322092,
-0.902297344582683,
-0.367061112770391,
-0.0507696676727256,
0.917198975187465,
-0.731995383367587,
0.162631839339652,
-0.850928582704540,
0.305537779603367,
1.30708908651849,
-0.277759847319168,
0.244865730721467,
0.619247319694500,
-0.210267380556951,
0.304150332410097,
-1.30116291111725,
0.789477632211456,
0.512342345384765,
0.394346650966674,
0.331037340416626,
0.390103411774230,
-0.0787044900591873,
0.397046149216626,
1.23069721244685,
-1.03536741006384,
0.0118105444913057,
0.104780553267857,
0.815837607843074,
-0.0336266169590669,
0.165823012756166,
-1.38150362650187,
0.903645252579934,
0.570296636759497,
-0.234876372507279,
-0.00329607334163614,
0.0764134188380601,
-0.818056243144240,
0.0245699567456373,
-0.461037487977488,
0.195589797820251,
0.445717789077635,
-1.92761024542739,
-0.143862678742501,
0.617518373884804,
-1.19283556991677,
0.596532512590013,
-0.992953148919865,
-0.364079879907085,
-0.0903374782833326,
1.12873436396483,
-0.205905846916609,
1.69899921595740,
-0.290109268537034,
-0.400070799706617,
0.804986799592695,
-0.854566247072682,
0.396427549313955,
1.80760786273997,
0.482991012644605,
-0.00436620753266102,
-0.421168832111243,
-0.895076946301229,
-0.390652977098518,
-0.528313941633385,
-0.961422755965035,
0.538169090058943,
-0.219495797263305,
-0.474852901702414,
-0.107667134944703,
-0.665213251502275,
0.0294413649574514,
-1.67182065849911,
1.29735443936981,
-1.46589261901156,
0.294658803619345,
-0.291279947106051,
0.446625157410254,
-1.33581177685654,
-0.486562643252289,
0.0277363473123843,
0.790677422517717,
0.00712646426989082,
0.176299455264944,
-0.482144127669339,
-0.769521087620920,
0.135335157225181,
-1.07205341254222,
0.538273956148990,
0.710640267807844,
1.57419204095224,
0.165600110398068,
-0.530454620625660,
-0.524571833185601,
0.800394230002475,
0.440402143396267,
0.496942370624771,
5.71144745918862,
-7.10574809289191,
1.27643458514487,
-0.281752703980628,
-0.0363944190458946,
0.516049790216578,
-0.180474076196205,
-0.176788357791153,
0.738680738073905,
-1.46432831653026,
-0.251270459696099,
-0.352478236804556,
-0.0560465023960918,
-0.507973820593082,
0.611147091367601,
0.641363529116223,
-0.565105493931107,
0.216074957071340,
-2.16928890717007,
-0.972957373086751,
-0.504867603616686,
-0.671376554225990,
-1.02239554436146,
-1.95437258933610,
0.333218628072393,
0.898976014600197,
-0.220093533543257,
0.255582613608127,
0.346824642003406,
-0.644062538355177,
-0.688004431047415,
-1.02916403916764,
0.0679482245433660,
0.792004643425294,
0.962417635222177,
-0.134195536884216,
-0.148038908617623,
-0.118639924012405,
0.259834187803521,
-0.265184635983468,
-0.862731367682421,
0.528934146004262,
0.299954108697700,
-0.313297856366948,
-0.400121121389474,
-0.299064674364349,
-1.00312449085227,
-1.50176370614234,
-0.126310595546572,
-0.165056766550028,
-1.50556045124933,
1.42693599009229,
1.17393786528635,
0.0662083020958793,
-1.40366997036991,
0.935016627736571,
-0.757744673720298,
0.503789884785632,
-1.14178779483043,
0.422511683917087,
0.503727657653165,
-1.22420020753057,
1.23369401424707,
0.736701086535200,
1.32512081053883,
1.03784119882612,
0.256946244021887,
0.326532119142066,
0.121372273246823,
0.950604061538803,
-0.102632757475281,
0.607361265502694,
-0.497339002002094,
0.664166748407323,
1.36824535024281,
-1.22518141203802,
0.183415893037537,
0.831159802195452,
0.221970813698754,
0.0340569447784893,
1.18264899692721,
-0.699769962653097,
-0.549188296434856,
-0.758875682625619,
1.25819893663396,
-1.51371444356347,
0.752806457392976,
0.684409926705587,
0.191390951025637,
-0.195443352631931,
0.722643095467878,
0.554360883984157,
0.823663195405297,
0.826550764324645,
0.127534942592744,
0.236093025038937,
-0.202305745162643,
0.770165177540357,
-0.786097124317995,
0.0842565751397495,
0.390296582799745,
-0.532707758755670,
-1.50989920957229,
0.255539051059883,
0.436014612228386,
-0.299386782236979,
0.324503096295326,
0.581972937697557,
-0.626183420813314,
-0.326344394536021,
0.219329797274210,
0.118098576400497,
-0.266848847110200,
-0.440105039552952,
-0.377627625888214,
0.825507783202666,
-0.515948935945707,
0.305024576039996,
-0.111750823959480,
-0.428923385098640,
-0.302915168217076,
-0.545451634874579,
0.394882095581555,
-0.145674498683677,
-0.0911414037117016,
0.872999874370981,
0.517420670536500,
0.206808988929823,
0.364061189475278,
-0.135419862074893,
-1.02708962918195,
-0.931451279743406,
-0.524811794209817,
0.0481628752477095,
0.109663322308938,
-1.10854286523463,
-0.0703934043354807,
0.316047479166889,
-1.34842375546886,
-1.42692737431439,
-1.73517781551042,
-0.580198192142161,
0.555387010606069,
-0.0580907193739002,
-0.353524943653428,
-0.583143729113790,
-1.85839691370238,
0.547229070559665,
0.553313402357823,
-1.15089474244605,
0.813335152995182,
-2.27569058540557,
0.242683991708812,
0.532732350367785,
-0.981155311671217,
-1.08926495129440,
-1.19563693589999,
-1.20909291580969,
0.422146926168806,
1.38976803639671,
1.14337646450034,
-0.550130728891500,
0.295059379260506,
0.439526821999476,
-0.950646647485392,
-0.440736243854030,
-0.721193282980643,
0.391445808049923,
0.882429040277504,
-1.08492374299926,
-0.963266183291253,
-0.0442189950493221,
0.0561278068411399,
0.341638951024783,
-0.448187679428058,
-0.136130368819073,
0.0741805939976806,
-0.909888162541774,
-1.11492716327706,
-1.01771435510303,
-0.497625936000468,
-0.0196496623326830,
-0.986573192764486,
-0.519576886171883,
0.810210492909834,
-0.982512358611133,
0.712041034387237,
-0.414373557615248,
0.347739260162983,
0.845791214949208,
0.121208099008180,
-0.875337567805390,
0.961652885703456,
0.222103731559534,
0.0592872802387784,
0.560303427665214,
-0.0749524272581253,
-0.00983756657695407,
1.22157587905492,
-0.875094846785904,
0.627364208154246,
0.646375569680646,
-0.526404525901470,
0.915705065198820,
-0.926135103710160,
0.366537240779601,
-0.00319864790935719,
0.0263140142258816,
-0.382158889180213,
-0.639336065171029,
0.445148684396414,
0.682879611755754,
0.783232631728434,
-0.320731107364553,
0.00571627759941886,
0.187341689938757,
-0.252690356872470,
0.417571371079693,
1.47456200179483,
-0.219152014974037,
-0.780864388764279,
0.687470118137937,
-0.760950014557536,
0.414619278304168,
0.416342294601349,
0.805776462102518,
0.657660526588987,
-0.0918987004700977,
0.361802013368654,
0.565922747848242,
0.385951460734393,
-0.449315007242352,
-2.10094829832657,
0.0398185154391159,
0.472269423885709,
1.24582815371036,
-0.820766895965872,
0.116893597376361,
-1.06656767548175,
0.991382599787595,
-0.223258288230663,
0.351322442941944,
-0.0612926985490563,
0.672322014297389,
0.436771015345784,
0.632934285954832,
-0.659011079990394,
-1.12602171383457,
0.963649926824409,
-0.0159432605853203,
-1.36390730567896,
1.08604252327337,
-1.01385176446898,
0.269370723948823,
0.626964808729290,
0.121161873938877,
0.0903926244890552,
0.935691433123835,
-0.100794500248312,
-0.0766659534353808,
0.0420363347313551,
0.294091043422707,
-0.881072517776999,
1.37930454257499,
1.16600450189378,
-0.359453041248880,
0.342245035442927,
-0.820132410063781,
0.685103989382160,
1.23609965125417,
-0.500681393948174,
0.0812866483675119,
-0.182490616973953,
-0.505073470220790,
0.168856162583778,
0.365521633262310,
0.432168932531076,
-0.461180285995145,
-0.260120502533416,
0.576871323061648,
-0.326819452347134,
-1.00159040792973,
1.43860443123575,
0.312057900066227,
-0.718894639089835,
0.457382180218463,
0.679054462660723,
-1.42006567630242,
0.239579944463204,
-0.369982904117390,
-0.918358938198841,
-0.666675055614400,
0.0415031481991759,
0.317273494819086,
0.212532994702659,
-0.0349158757593699,
-0.465257906036232,
-0.420248256558036,
1.11708967549783,
1.37268709788272,
-0.130318756397027,
0.309787865151643,
-0.153303265027819,
-0.0287923393341844,
0.602492173449533,
0.945985786073388,
0.122594418071854,
-0.239325817711857,
1.71471592763224,
0.780825948037406,
0.491086897094202,
-0.288446307402692,
-0.664905000305752,
0.181978188545897,
0.823971441552219,
-0.371735408435877,
-0.237532654412028,
1.22511586126777,
-0.266414725244583,
0.503530334809298,
1.09829113057268,
0.508097787821772,
0.848260545043075,
-1.43689008920155,
1.48623791354640,
1.83504067772297,
0.917342910309491,
-0.0698070925221807,
0.0485789439229977,
0.512026706964370,
1.08424691397557,
-0.996529043820552,
0.338876677986064,
-0.634653459457775,
0.608341638951569,
0.153095802211600,
0.536582151432556,
-0.179134293458226,
0.166573775580070,
0.153551741108231,
0.139271417853384,
-0.0258948169881142,
-0.526208931604829,
0.560480375665707,
-0.374358764493954,
-0.829997810149432,
0.168318716116209,
-0.522634914017539,
0.255737927207923,
0.574730676015193,
-1.29830896264509,
0.570986663170088,
0.378977748189856,
0.0213388875005296,
0.532355143342759,
0.894449333851532,
0.367999667293385,
0.0401278274653765,
0.337054336581307,
1.07792567859013,
0.343064896777032,
-0.335330101391065,
-0.540676771369955,
0.608662274731957,
1.06865905468862,
-0.136959469147447,
1.02112454752295,
1.32944872887343,
0.337211689205680,
-0.487890192127712,
-1.50692611843410,
-1.13855848808862,
0.188054389269114,
-0.0948299943037714,
0.685770858985260,
-1.38971856809206,
-0.417941945663533,
0.101486303867569,
-0.702536806261290,
0.356458185272943,
-0.477101457941254,
-0.449135493227343,
-0.819104526310973,
0.357975724376006,
0.0998743398665766,
0.324785444171703,
0.0548581455562928,
-0.518546028478936,
1.35925207622697,
-0.637631962591461,
0.614767194509170,
-0.0259119610858310,
-0.771388995255746,
0.548986429680808,
-0.906343807427382,
-0.666565045168632,
0.900294174882418,
-0.673367755682688,
0.0860656053484853,
-1.32069905238455,
-0.293461152820367,
-0.489852628257117,
1.00612652562976,
-0.384789256977378,
-0.843417130081362,
-0.0400650132587489,
-0.443335575603872,
-0.735201763924386,
-0.283084053463112,
-0.207587654035641,
-0.669626631664704,
0.218413646006698,
0.314958187492288,
0.915243036627743,
-0.540973696898332,
1.67668996370951,
-0.629908163841723,
-0.479386579486562,
-2.06255177305964,
-0.180682070542015,
0.328361863078077,
0.626777856455656,
0.394879378041419,
0.598984676789568,
0.801595548134775,
0.737738035016947,
-1.13332854956550,
-0.635127357639373,
0.446351580597710,
0.572290399925527,
0.580727888122345,
-0.889167943614039,
-0.386767581545889,
-0.411492852265887,
-0.226112615722485,
-0.741722513598663,
0.130388729731229,
0.599132499663414,
-1.13243730637121,
0.223358768506783,
-0.886602535293396,
-0.397655158496139,
0.0898505823763749,
-0.675422239726399,
-0.408404295051669,
0.582189025277463,
0.566524879010957,
1.00543298676847,
0.623103243748045,
0.425238895340526,
1.52480470742907,
0.431729643237978,
-0.686079975828899,
0.370707840603315,
0.457537862760302,
0.893712811639232,
0.0371514350469427,
-0.801486067498758,
-0.0155983873922310,
-1.04552363594744,
-0.303176763668642,
-1.41335846978796,
-1.12917050814303,
-0.332480409031072,
-0.172427487897559,
0.0867106759443943,
-0.0514250933382941,
1.08527982037972,
-0.549510127537001,
0.767734276118224,
-0.265468154550847,
1.00042863364984,
0.529722004692994,
0.558273492025316,
0.205286243771998,
-0.121803604895530,
0.104877767543254,
-0.103568836657419,
0.465698517919044,
0.638349764515446,
0.238553946538689,
-1.80780639377047,
1.02443629860330,
-0.764701368556075,
1.13487673078618,
-0.493394264245689,
0.413389347106914,
0.699093935902414,
1.14460232468660,
-0.0909886274122352,
0.823668547486688,
0.0923959730666356,
0.112351322029008,
-0.740468617444113,
0.310829957884948,
0.0450003632804127,
0.553179123427539,
0.142378533559187,
0.301773461828311,
0.640079601948665,
-0.367698605594017,
0.0445913570806448,
-0.890410706686408,
-0.0349393308817603,
-0.904513566113503,
0.793533223401257,
0.275869768941007,
-1.19639266878812,
-0.518651919852805,
-0.146544564127707,
0.230345954408280,
0.502502308100564,
0.398299939351889,
0.541769143151428,
-0.583259945448330,
-0.705249317932586,
0.276661512214817,
-0.380029413109390,
-0.527882719469070,
-0.708982279900493,
0.0366945271217362,
0.300067227999346,
-0.100345782726636,
0.536591003898554,
-0.274443434915517,
0.684806294438538,
-0.0707878658425265,
-0.0626341152564492,
-2.08533903699863,
-0.589748741813136,
0.855194595028522,
1.22144280596091,
-0.325623215210980,
0.451905036656369,
1.33612703211842,
1.07707030370874,
1.15414676721295,
0.0910533744816554,
0.402824994023800,
0.955412403984750,
0.686149925242064,
-0.841951929270099,
-0.351311014434178,
-1.18968949870635,
-0.241045005956132,
-0.392965717024486,
0.686516673032968,
1.19324057986713,
-0.184163909514728,
0.237972027149095,
0.753706277728022,
-0.251321658795518,
0.0529420173285505,
0.510637298480957,
-0.471674735721348,
-0.128265064199017,
0.374702655745923,
-0.314230020591719,
-1.37120820059563,
-0.132207251533957,
0.300561665560288,
-0.330421794129316,
1.88431723050559,
-0.847068236334999,
-0.354267978141124,
-0.883941466990164,
0.999078082409442,
-0.221009212883762,
0.0671040529873551,
-0.226883535449547,
0.0965606080997347,
-0.847073863964098,
-0.779654951079926,
0.384731066926977,
-0.708306008028295,
-0.466660149882691,
-0.613875953917578,
0.114348429670042,
0.220105617917884,
1.45050322349030,
0.138265772137394,
0.522926761262336,
1.18129389435955,
0.0574183874246014,
1.77391687581403,
-0.114301287280818,
1.17237209492956,
0.0447078380768067,
0.147555114964950,
-1.55510085454694,
0.965231292949961,
-0.0770666607458279,
-0.145034571985441,
-0.527985534756417,
0.505165995035626,
-0.585914433405356,
0.242519350685113,
-0.0724504373560952,
0.694180033870949,
-1.61190864262453,
-1.23425895441180,
0.218087976606779,
-0.548363197011382,
0.952190214558556,
1.68786150066623,
0.480932321060731,
-1.69188734456674,
0.320682852994350,
-0.327107360026271,
0.0234948287818513,
-0.0530628639984465,
-0.470292377881677,
-0.0645023264838129,
-0.863052978901752,
-0.230691204515296,
-0.169547971093680,
0.992757093323442,
-0.207842425174318,
1.06795580532199,
0.927477365863891,
-0.307052202644538,
0.602751911181328,
-0.0572957505156778,
0.0588223362720727,
-0.615467967198672,
-1.15850536912299,
0.221140014078084,
-0.340826529514841,
-1.58970134624414,
0.638169212915769,
-0.291899505118700,
-0.243106712353672,
1.04205767234329,
-0.0772780270665173,
0.174417381342326,
-1.02923689005917,
-0.814629986081815,
-0.669757198936719,
0.0674189790966104,
-1.04089852888946,
0.0669185734099362,
-0.544766642682631,
0.924942509294274,
0.408586408701779,
-0.502467940192703,
0.572135434467688,
0.593252350287965,
1.10642760738303,
-0.0118365325860166,
-0.519148805249913,
-0.123498081618879,
0.495592924534309,
-0.0630613220828333,
0.0617771285422802,
0.00489123656979404,
0.206627925102991,
-0.761228044137509,
-0.139096346016491,
0.921591810796534,
0.330455329366371,
-0.173364895151389,
0.632630795303766,
1.03145233027528,
0.194541207201101,
-0.364016476725639,
0.582256400582710,
0.209927278621047,
-0.239658918533079,
0.556259448552515,
0.145049425745318,
0.715026222808443,
0.310934358775282,
0.717483492363156,
-0.358404664718474,
1.09058005774742,
-1.25414391244681,
1.00608585162885,
0.167388760933148,
-0.492126078809452,
-1.92188776572230,
0.475227537063865,
-1.14572558220594,
-0.982094781081563,
0.741822256426033,
0.525941053918984,
-0.716759156379817,
-1.00714339897939,
0.647794980090942,
1.30110831948084,
-0.763595687232641,
-0.112399506919054,
-0.0156453910136863,
-1.00104464254787,
-0.841906168016293,
-2.24696670595919,
0.763697747397894,
-0.400440536350271,
-0.660959228866524,
-1.93448335100059,
-1.33176243604851,
-0.404064823249710,
0.651361873892983,
1.14714273278279,
-0.171684846833573,
0.922008298809680,
-1.04897496610211,
0.711636064746754,
-1.76785745038985,
0.785124962046813,
-0.385915728546445,
1.22051333206439,
-0.887388172945131,
-1.15964125310416,
1.75291630564605,
0.877418366952308,
-1.96858037867375,
-0.562509368760769,
0.252171796382166,
0.0546479146963296,
-0.555850882654048,
1.03027087393692,
0.568684891360673,
0.265400436643666,
1.53741404198939,
-0.343629546585825,
1.26947095289237,
0.701133005163610,
0.217966681966741,
1.61676064251360,
0.630720210010037,
0.898778707485322,
-0.555024948372455,
-0.371489923965464,
-1.13265986356368,
0.871281888994338,
-0.0767429307566183,
-0.206910718747291,
-0.275734993519118,
0.701518034049516,
-1.50557735675314,
-0.630193117082192,
0.0453976392708009,
-0.465348447762644,
0.777945758378983,
-0.791779475730208,
-0.256060273162777,
-0.162679702623434,
-0.420047967442591,
-0.583078687618474,
0.136096750519500,
0.437149382635550,
0.950316352799173,
-0.188782595209404,
-0.601326644136477,
-0.801320584260764,
1.22548899164338,
1.30739150522468,
-0.692823554977104,
-0.0628772772808156,
1.04808289288993,
0.425867562520850,
0.551307553209039,
0.703315416002018,
1.29034321116684,
-0.565949424207885,
-0.528508325695557,
0.331613554166899,
-0.192047238290798,
-0.581348986336403,
0.371815077692044,
1.07095420052111,
0.419616361167321,
-0.701370298636309,
0.500124332037142,
0.543193551208567,
-0.752195387344835,
0.353365080098166,
0.136098197784231,
-0.464778655147345,
1.67866913408360,
0.238250650039211,
0.0568029140731875,
0.0541138078300074,
0.655766684231094,
0.524535999965072,
0.331172331802480,
1.82846624899423,
-0.834227654291284,
-0.329541524715666,
0.679847086992136,
-0.346521549997332,
1.84892910831277,
0.362632351893917,
-0.626296677395348,
1.01529589698308,
-1.04928250049192,
-0.200300344441005,
-1.62363034707720,
-0.552175598312296,
-0.816580069233403,
-0.0263894256328768,
2.04570111746687,
0.622064965281267,
0.193737322485293,
0.195576649459927,
0.886701770406223,
0.362624362279453,
0.605029624688567,
1.87504037805373,
0.389527313030120,
1.77280456925727,
-0.515754661050898,
1.09965827909475,
-0.232819522988333,
-0.843485281618714,
0.271122645099480,
0.140107149280760,
0.346145295348308,
1.68482873547145,
0.510959716824809,
-0.446283720891000,
-0.231654961340448,
-0.0500438723517801,
-0.727496520342564,
-0.543916718549813,
0.193838402359466,
0.444701172729616,
-0.647887094561941,
1.14050975751760,
0.563064107976236,
0.150411351318959,
-0.109152650727447,
0.856712202088380,
-0.116064985251454,
0.978058661321454,
-0.135477547237696,
0.168041058647606,
0.820831007670048,
0.370009491463886,
0.298609167860735,
0.0438028566816051,
-0.504305278355767,
-0.827822044927176,
0.486840067201950,
0.00184023607102171,
-0.563682457218152,
0.0625057837548602,
0.0101735800771782,
1.07552484658186,
0.878608990007184,
-0.122175730774143,
-0.782365844981169,
-0.121574518464489,
-0.486580079103916,
0.507422109398620,
0.865412026054916,
-0.619146521502586,
-0.414998420534105,
0.000331921389594880,
0.0738872448694190,
0.988646835615070,
0.612655796666773,
-0.208918301364475,
1.17713144454091,
0.536840957871379,
0.760399091096948,
0.0210754103724416,
-0.634119293908276,
0.670545402083695,
0.549673073580668,
-0.445782376505755,
0.228682290575812,
-0.382343400521477,
0.570708609300365,
-0.409623589897020,
-0.321537116348046,
0.410580121803206,
0.115440053868688,
-0.130705486611394,
-0.0104866131153169,
0.591861286250870,
-0.329907870149242,
-0.196093739959646,
-0.997126275669497,
0.0112038576344790,
-0.278060881988011,
0.509004079662682,
0.836348075706800,
-0.258786245204170,
0.687325040490074,
-0.955266887272461,
-0.809674699503928,
0.686851123793717,
0.435226109362318,
1.53868946858678,
-0.208239008041647,
0.360691346930297,
0.948183568430745,
-0.0296826598203328,
-0.0154679959762514,
-0.545567164543004,
-0.581797857185272,
-1.26091688129679,
-0.562695281236746,
0.198519800944658,
-1.05327376483985,
-1.16607735369401,
1.23757197443555,
-0.108261813827216,
0.934711452292311,
0.679713515821093,
0.301913510348051,
-0.493264988407539,
-0.251931688701370,
0.364788944160261,
-0.0528468484274241,
0.404552615978368,
-0.953571609799767,
0.719717849647815,
-1.16047998330058,
-0.661309399290495,
-0.583893443562732,
-0.609670367966286,
-0.187602841545861,
0.259257512763359,
-0.922934477274690,
-0.408752912967230,
-0.579570126511580,
1.28561897010745,
0.209603351115820,
-0.241990311004978,
-0.843779091732320,
-0.890134663515347,
0.900471058072683,
0.493586208895049,
-0.500744551540809,
0.00310087617905656,
0.301329328080244,
0.412390307515255,
-1.09360421631100,
-0.262235664820474,
0.148577127139869,
-0.943632161367288,
0.569725949599398,
-0.349946691582033,
1.18794065406950,
0.449616892247837,
0.904531770877621,
0.117513852359434,
0.400111151846572,
0.844117362637076,
0.0105943995824503,
-0.198447548422940,
-0.595793304949139,
0.639760768290476,
0.241812965113522,
0.887353486403057,
0.0343577069574798,
1.32102541564240,
1.26094282606998,
-0.703873056061282,
0.137946472633298,
-0.0216396912359716,
0.374243843227903,
0.439919434159977,
1.24134989436267,
0.00987796552790875,
-0.197107522886758,
-1.60974921190136,
-1.61847674187929,
-0.171403414974398,
-1.02310780166274,
-1.04173293708224,
-0.0442873719440117,
-0.736391511657824,
-1.22890888962719,
-0.131873856324254,
-1.37173395296757,
0.890963866188336,
-0.846360452254961,
0.900582279542378,
-0.272801541575606,
-0.111981368994427,
1.40539761584293,
0.682350553409663,
-1.57596794061487,
1.20737925585972,
0.656169674466731,
-0.0550172103810304,
0.973079330022450,
-0.786672691099714,
-0.230926421729554,
-0.123089633384118,
0.345512247867007,
-0.414480257004855,
-0.508394420163756,
-0.634838841121948,
-1.72048335661691,
1.28334656432824,
0.932425817599007,
-0.814200564813125,
0.407561079716759,
-0.563223076859732,
0.310274439692649,
-0.0512273446083404,
0.951658213940530,
-0.435828267814962,
-0.0385514318189312,
-0.0849425976414273,
-0.325923855889506,
-0.0403339875484225,
-0.0425263467970880,
0.0807038834408291,
0.0678264837290631,
0.542235407153248,
0.678532465475886,
0.461318596809003,
0.732546595856136,
-0.555024761556503,
-0.189823415210716,
-0.915702263507165,
0.721942819057035,
-1.89143922146049,
1.34623515814082,
-3.68203660051355,
-2.65495688742806,
-5.16885684596079,
0.599484724270932,
-0.622004846908830,
-0.349843072000662,
-0.925268045254618,
-1.46976376917168,
-0.780196906102775,
-0.793634767332739,
0.389588074210750,
-0.995674825441620,
-0.116613279564153,
-0.329880471013901,
0.623729119976724,
0.263989697623754,
-1.63524005477153,
0.334209805166803,
-0.832334308843264,
-1.23853273611495,
0.406187838685355,
-1.00715861498148,
-0.0484222889668295,
-1.29256356541777,
-0.277486938797864,
0.161294443345558,
-0.291029817026272,
-0.105660370120268,
0.370150724223349,
0.541092911236028,
0.938422718664474,
1.59583190146406,
-0.189183547047941,
0.358397432001729,
0.0687365062425565,
-0.687865732958957,
0.0340703985859966,
0.452921957204993,
0.919777550423682,
-0.588998733347021,
0.471505373021948,
0.500393516851323,
-1.19922117166625,
-0.0456846278968449,
0.324133897527510,
0.564187101915298,
0.314288692724513,
1.34089353218129,
-0.598246209033667,
-1.52423314378834,
0.356968458066478,
0.265927146645188,
0.185111427377730,
0.262684346441910,
0.598727278681745,
-0.635225548075545,
-0.252265759103101,
0.0424037513556014,
-0.143840847858092,
-0.0622832498694875,
0.195230558664681,
0.156683105483421,
0.479265033639267,
-0.962151568050792,
-0.610635859049697,
0.330513569880990,
0.645738567284208,
0.567141206049932,
0.440208037546440,
-0.835186217259541,
-0.524651355755875,
-0.254278479745972,
-0.526587956097957,
0.750702469922274,
-0.452673674421102,
-0.478747950562779,
-0.586675973077016,
-0.639435296597265,
0.296841649158634,
0.0718745172969647,
-1.05621587601246,
0.495219336640241,
-0.401722434985990,
0.817844695698542,
-0.316550089609563,
0.403328677832703,
-0.602570104944585,
0.744884505581601,
-0.741890117909466,
0.225581639692629,
0.631359178357289,
0.773382914426407,
-1.07615022643274,
-0.0336840138140998,
0.168639807092094,
-1.49169556794590,
-0.255803219026226,
-1.17275145243578,
0.507017141787125,
0.345820707407090,
0.326409188219717,
1.83865899373384,
0.395737055101110,
-0.551136100768755,
0.315693535527569,
0.917223436124790,
-0.155771494748912,
0.228498369522989,
0.803415618880314,
0.464543101474776,
-0.298937484813373,
-0.174210233099596,
-0.0386023403950116,
0.324200137281889,
-0.0812424916441560,
-0.610342786538372,
-0.234997874500084,
-0.104832202753853,
0.389049637427874,
0.781310703794243,
-0.105251224121726,
0.777772435744885,
-0.663603448179531,
-0.0225956562098444,
0.757611332153386,
0.433738405638377,
0.294738981352060,
-0.480413627047053,
0.866150318477205,
1.21459547009495,
-0.576952094258775,
0.588174139201080,
0.532315749825908,
0.182297707239488,
0.490210059827493,
0.995163879288147,
-1.90982452552835,
0.0725143842111204,
0.594581837060773,
0.273109674672335,
-0.336374201001689,
-0.887727437621382,
0.133341524251133,
-0.273552082049429,
-0.325235033252060,
-0.497752018772003,
0.803732977953676,
0.600258431966581,
0.132958728351486,
-0.530783344163329,
0.212044887085553,
-0.0786173402073628,
0.243632349336078,
1.96609447198237,
-0.387043721980975,
0.347245988743862,
0.268535423580358,
-1.39790941221500,
-0.524823156936203,
-0.561068085998732,
0.828234260625010,
-1.35411446674849,
0.201379253197919,
-0.297587681053433,
0.844706600982574,
0.791539713810926,
-0.595920169893861,
-0.0610041435735163,
-0.311132487017011,
0.616306272152167,
-0.480608362103059,
-0.454557391514181,
-0.237868121959522,
-0.339126705969456,
0.710200173238057,
0.598517685959454,
-0.998070162282883,
-0.217672644224179,
0.368474936580950,
1.60590280296852,
-0.109225235771910,
-0.0371815783867152,
1.24506331481268,
-0.0974893783831685,
-0.0515942016872421,
0.376947375031242,
0.726179513962953,
-0.775653629476227,
0.881666614403400,
-0.0535225459447538,
-0.379091531441155,
-0.835911527227292,
0.675322422478302,
0.995888079929710,
-0.826442942246011,
0.554430260055593,
0.701815583710911,
0.291583085345593,
-0.201959573777183,
0.828303755599462,
0.000624752975600284,
0.890216151531847,
0.262487574312603,
1.24688868725848,
-0.0653976105545811,
0.279771365638256,
0.983605083359459,
-0.622367470246772,
0.452596238645563,
0.0429309402978531,
-0.517806800075123,
-0.150617001404699,
0.294599593332864,
0.274604446643411,
0.174225969081933,
0.520253378157922,
0.0954802525124635,
-1.20478777235735,
0.0201739072445194,
0.882194850038498,
0.0897508154876375,
0.699112159156571,
0.764365850691034,
-1.02949155145421,
-0.384534882536517,
0.00444560116773064,
-2.35518337141977,
-0.252611688445857,
-0.699655246229255,
0.652823600118370,
-0.212696985043619,
0.0258041626799715,
0.665269161271693,
0.191263875716393,
0.0786740736526139,
0.329654458179079,
0.662213702998298,
-0.598286794247130,
1.26930001937792,
-0.181440193761954,
-0.153926006197960,
0.514488846431749,
0.260927315246773,
-0.406338656450740,
-0.181213583057615,
-0.489862903036018,
-0.784864363288424,
-0.485853318288578,
-0.304098020965720,
-1.15258697806753,
0.233226288559782,
-0.201658523665191,
-0.471197994083158,
-0.443343670784993,
0.139902487812206,
-0.227215121970711,
1.29860766207161,
-0.821642376437541,
-1.54968672390030,
-0.131042434839712,
0.0381457912048629,
0.0724930507107849,
-0.512503964364453,
-0.312498311303847,
0.667831908147209,
-0.610769901601741,
1.50779258120233,
0.516600386277906,
-1.25376740022024,
0.251176119958403,
-0.336068286403155,
-0.247084010543517,
0.567588964228659,
0.399111095889146,
0.552946610642508,
0.0752641262300606,
-0.00982195475854772,
-1.31423582534746,
-0.851208101452977,
-0.385445221529195,
-0.0715196574706618,
-0.386655697580417,
-0.772118213998305,
-0.243596110895087,
-0.146849320382613,
0.613093779012808,
-0.285954033011557,
0.340186025426803,
1.03828610203774,
0.331017196007931,
0.436261445596773,
0.172988967138296,
-0.453742510688673,
-0.747856758491376,
-0.506976801269255,
0.0692020584690461,
-1.14384520430974,
-1.20357531463114,
-0.541537207356680,
1.01062034006119,
-0.0467903624513243,
-0.0992388536473076,
0.239021943863452,
-1.07190030046795,
1.45858868096215,
0.596104533019037,
-0.243128681184557,
-0.278728053331413,
-0.880578822627927,
0.879932233716424,
-0.187732296102690,
-0.345163785516279,
-0.600382166121768,
1.07060627294214,
-0.661174460645732,
0.978978221992880,
0.404531018509619,
-0.154730755795092,
0.236171782528649,
1.26567824543242,
0.686040566983978,
-1.12444711632230,
-0.0626414909239239,
0.946770436540945,
-0.00747049399900057,
0.832102392131566,
0.298859631741343,
-0.0328040503931199,
-0.457915376711440,
1.04539299156768,
-0.285996260171511,
-0.156026188238152,
0.722542422311343,
-0.250547164864947,
1.31831764712453,
0.0321904528665614,
0.256313797591234,
-0.185857168398726,
0.268618928150068,
-0.970641167740090,
-0.323047326719297,
0.581468830455532,
1.09513956590247,
-0.0225048678918997,
0.116376377737425,
-0.901237791520438,
0.310102997746996,
-0.533109324831678,
-0.176349235992604,
-0.350055063187121,
0.236388232692994,
-0.106971705864905,
1.53334847338479,
-0.361209732874844,
0.109701069743004,
0.380971616092897,
0.697070982417100,
-0.323057274838255,
0.238362273567248,
-0.0969183892805723,
-0.224953718072678,
0.622105168282250,
-0.0143346604547478,
-0.428187125601292,
-0.769799456503390,
0.285539507906295,
-0.765309291691485,
-0.337964878030378,
-0.691014631930737,
0.277384632734608,
0.107277489528628,
1.39018883898279,
0.194871168522424,
1.00060162112254,
-0.366897119209926,
-1.80990674829239,
-0.557505867124625,
0.547222980298221,
-0.148871399523683,
0.839707199030550,
-1.26266467029813,
-0.362725635346355,
-0.211807670792615,
0.896011850647165,
0.733306506335066,
-0.831982968962165,
-0.719438570117626,
-0.774988015749611,
-0.226951296674635,
-0.469025981009868,
-1.57341800169909,
0.706847391352634,
-0.971096759868909,
-0.779548083885674,
-0.977195785186863,
0.139527542736449,
0.456570312975109,
-0.698009468233055,
0.580924802711622,
-0.0231198325987699,
-0.933302620814029,
-0.568430823156482,
-0.152126220191526,
-0.0828609517630052,
0.174107466546687,
-0.428879143227892,
0.491217297877466,
-1.09657630101737,
0.184747124304605,
0.456922196742950,
1.05017728323519,
-0.529118390919290,
0.872208490777372,
-0.602518327320792,
-0.0114727754362722,
-0.630233441960663,
-0.0893141207305849,
1.45072816069849,
-0.288176269813035,
-0.198463579861087,
1.08938086554044,
0.925155023660981,
0.677967094831358,
-0.0250483255065669,
0.300727269318108,
-0.154229446593060,
-0.316788659255031,
0.146531157107939,
0.651641733520876,
-0.898065514797774,
0.516207971848940,
0.186570011340450,
1.17173262673254,
-1.90378821066742,
0.234414548956436,
-0.614169458338328,
-0.0741553051727303,
0.680449073747706,
0.0638768371260536,
0.261746531692583,
-0.0457242337044267,
-0.875881286421166,
1.09139745058798,
-0.177406020111617,
0.386169774945232,
1.54980076619824,
-0.472322458469990,
0.820670827007833,
0.0579110908173163,
-0.782531731134282,
0.810604580114588,
-1.51712908980144,
-0.0200031327289553,
0.902441152051430,
0.503787716155538,
0.385671847564023,
-0.123592627386268,
0.585784687142672,
-0.461036955384995,
0.280275040217785,
-0.331189329956317,
0.261531549084184,
0.709958539781500,
0.502608835521005,
-0.0816195009129204,
-1.08548128822718,
-0.679135087030296,
-0.799791000032742,
1.14192144740153,
-0.142091040328489,
0.000615424466454099,
0.193280723374351,
0.458624962748737,
0.839905226751593,
0.454561726659987,
-0.128083880224929,
-0.681458997046967,
1.06706788658130,
-0.199401471772733,
-0.223580665247875,
1.01610585077669,
-0.251454868563908,
1.24760885316680,
0.447026933696762,
1.29853991603310,
1.25006380511968,
0.129212337740742,
-0.550562239787311,
1.10676222502382,
-0.0628193976630505,
0.102226877325164,
-0.910006538366019,
0.739946012350044,
-0.643956833482037,
-0.128855026016168,
0.223229133496920,
-0.308702401756041,
-0.323626323613207,
0.281887145942959,
-0.886596175652909,
0.402586423448054,
1.76782726771737,
0.998851732824284,
0.110316976042282,
1.41465551003276,
-0.0301739276524350,
0.152746437142977,
-0.0544869832013590,
-0.247900200018548,
-0.292215181522228,
1.31599235800651,
0.655209761530949,
-1.26547729960472,
-0.441944811374033,
0.255760910691823,
-0.150402786543342,
-0.251186254032461,
-0.420909530958102,
0.179423864865065,
0.807508551977724,
0.641292640254425,
0.230386022061108,
0.455035962018416,
0.806631244207105,
0.973364929415039,
0.317319130172870,
-0.206200426167634,
-0.840151924174655,
-0.0384258082596430,
-0.309167357594692,
-0.282927244157958,
0.174714276242662,
0.491185731597975,
-0.113382106061477,
0.678428487230651,
0.693986500431515,
-0.309932300370094,
-0.427595607880901,
1.01411168522978,
-0.248349890133302,
-0.0865589474350012,
-0.454576125906740,
-0.808135232699021,
-0.488686783849148,
0.238701571180563,
0.424710820166039,
-0.210068130907675,
-0.502972390378936,
-0.324381141554567,
-0.487581100455450,
0.336532177756293,
-0.774746432920242,
0.265949044196939,
0.270234974649702,
-0.634583088473770,
1.27460724501535,
1.55956162517264,
0.0776644185649651,
0.0607933408969660,
-0.320912777545087,
-1.26820231931572,
0.582536580262004,
0.0508439263039307,
-0.388824808716910,
-0.438355194636944,
0.513168627918788,
-0.116587491244122,
0.324784591043975,
-0.592818184010289,
1.15493389428801,
-0.730570274210563,
0.261414847824645,
-1.14527620251445,
0.389481250939553,
-0.509385311433719,
-0.222738877601281,
-0.192254448257346,
1.41429085093203,
-0.137090136601556,
-0.118431714886863,
0.413933940577918,
-0.538941495943654,
-1.20649049974568,
-0.362494191356554,
0.457037066360687,
-0.339966749023921,
0.0294367685155743,
0.0424496881586958,
-0.297585444899355,
-0.272080491979478,
-1.13081258585411,
-0.528527818357308,
0.0562082771130730,
0.720627743295865,
0.442956519773756,
0.138928466278931,
0.877492600927930,
0.538413623231352,
-0.389213221600204,
-0.322967573411133,
-0.230415215384659,
-0.345593797304318,
-0.669172713478621,
0.181084558729554,
-0.741601573050388,
-0.385124313256463,
-0.811150458707781,
0.263556659173613,
-0.0775952571200813,
-1.10169324656292,
-0.677133288571066,
-0.689709744017060,
-1.10948291763548,
0.313482195417512,
0.157702638715164,
-0.477659389095163,
0.543762475927154,
0.234380424090562,
-0.834116196743615,
-0.126606226515461,
-0.849052376661986,
0.313297949334326,
0.350263088079756,
0.195537933980741,
-0.570566815057122,
1.15402956018255,
-0.0828582401777746,
-1.49630841414276,
1.12372863167064,
-0.264543894084351,
-0.949660663733623,
-0.900139438572270,
-0.431037245050489,
-0.0511571411391263,
-0.0752246131797697,
0.347147292425979,
-0.347564116585663,
-0.763977964386394,
1.03563689767436,
0.127990019177315,
-0.135458550023163,
1.80720222864755,
-0.241549279918022,
0.933776472986096,
-1.27153646338333,
0.00411121187645083,
0.892121255037064,
-1.36900496941083,
-0.0805454047526522,
1.61371911005819,
0.0980020800367751,
0.262541264882972,
0.410085796679404,
-0.189189630778588,
0.496846567025436,
-0.699556711423871,
-0.305288879667942,
-0.884390602325778,
-0.0901935964628492,
-0.136429841182810,
0.831060680553792,
0.557745369187196,
0.997989296080429,
-0.781117529032517,
1.23174501741054,
-0.206070356879855,
0.840720557970131,
0.486428501449395,
0.0639047463107912,
-1.75864870087679,
0.849029454157129,
0.327327656291791,
0.278832677419681,
-0.0951272115953234,
-0.109701129705056,
0.0351136410478646,
-0.410657056704470,
0.397530007823075,
-0.420915623520830,
-0.513009673853258,
-0.870310120749139,
-0.185654685650322,
1.27248969962792,
-0.576050525011362,
0.718599815637667,
-0.0618098419691007,
0.00633791641602634,
0.486511847086396,
-0.433381457826465,
-0.349035255323694,
0.467352621191982,
-0.365948648442573,
-0.445059573750812,
-0.778028519512904,
0.235671669314993,
-0.849397066612701,
0.246618208722850,
0.223675278731176,
-0.173256180981780,
-0.489855179594841,
0.669232387390016,
-0.822219667993506,
-0.359265856639372,
-0.242923306219276,
-0.141466387563713,
-1.15230326551287,
-0.412342209379604,
1.57517410322555,
-0.585678428891877,
-0.470422864067690,
0.235002016571050,
0.438866622274734,
-0.932446350664911,
-0.682599627377349,
-1.26063093240263,
-0.0521966784058429,
-1.15256228599163,
-0.238716535542930,
0.223470571514220,
0.171752473149157,
-0.625059665490197,
-0.621959924713916,
0.653136765381840,
0.0725974659835852,
-0.511925032589826,
-0.742141559051549,
-0.0578806198248580,
0.461620823796185,
0.818399981253813,
0.644408242237250,
0.724782031611344,
-1.58216694693986,
0.897402509531915,
-0.472308093833791,
-0.0178307095333266,
0.264714760407223,
0.280540249007645,
-0.0502156521863842,
-0.655144059987621,
-0.536171477609722,
-0.371781857399988,
-0.520256044018833,
0.373323626011196,
-0.0485532633481610,
-0.591064860623801,
-0.192247471007653,
-0.0672621131510671,
-0.961499686888982,
-0.170353476076402,
0.102491022330604,
1.07554406513473,
-0.138170558174197,
0.210280007196316,
-0.585589697183103,
0.525303336933511,
0.934827701009773,
-0.699349888286374,
0.227916191212083,
-0.629496303273590,
-0.472749529487351,
0.939901486800701,
0.0374481591808528,
-0.634600556839818,
-0.404185861147173,
0.324001957986989,
0.599636714271930,
-0.000424488023669622,
-0.378676221121327,
1.14196557531735,
0.146920179360654,
0.316817005146211,
-0.279893787162803,
0.929615268592124,
0.734678026377708,
-0.493311275894283,
-1.05210676240192,
0.0749954579507469,
-0.978016132239313,
-0.576638490471346,
0.0653543784865069,
1.39872986964852,
1.14595133929750,
-0.341397490373411,
-0.895405873458926,
0.600802401442167,
-0.905430688055524,
1.45536420414873,
-0.118639657670097,
-1.22379224935997,
0.528590948202697,
0.0145695142591130,
-1.25603073002276,
-0.262076046845284,
-0.246029315272255,
0.118929144462154,
1.17114221139219,
-0.181073207063860,
-1.63870007577628,
-0.567867731114333,
0.886184720496553,
0.367736351149660,
0.380472947088473,
-0.730110313899092,
0.633016004779963,
-0.518434309643419,
0.959608257689614,
-0.00274554723028362,
-0.0360048726588547,
0.572795000424369,
-0.460796998835186,
-0.522690612599759,
-0.715509683954211,
-0.532338035093701,
0.415836451864205,
0.428328154326330,
0.589055982170459,
0.120571396772869,
0.0782684399127934,
-0.524894952545025,
0.414865320726325,
-0.556559658787503,
0.724767760981870,
0.971064367412012,
0.269199973590454,
0.120992067033020,
-0.155680904908168,
-0.342579555060429,
-0.395822223639655,
-1.00674083148389,
0.621265071635850,
-2.70747008006577,
-0.0841177949860937,
-0.358002239568037,
-1.14856804205682,
-1.03864955965147,
-1.65422642396028,
-0.653067757393477,
0.704695615623889,
0.507546153640600,
-0.446455035290783,
-0.347987444571872,
-0.139762131110618,
-0.639838828347509,
-0.156325369680607,
0.0617959155531673,
0.502040950271660,
-0.0317161650993312,
1.04876923180149,
0.328309037242178,
-0.0722933727878582,
0.802104997151727,
-1.63691500696137,
-0.182216189501787,
-0.206647295029177,
-0.700160138550440,
-0.0217483605317242,
-0.00363433350894111,
0.734717544108082,
-0.107270173016904,
-0.00374983061720256,
-0.259520660244583,
0.0705384951867330,
0.723667691020308,
0.938916707379166,
-0.238198934843045,
-0.443506194925369,
0.588122891149472,
-0.0562014292540602,
-0.713154830505547,
-1.08107498450297,
-0.112338355148686,
-0.0325352069191009,
0.158088226114713,
0.0905603364231206,
-0.900292354927293,
1.66266606775963,
0.878383504458401,
-0.894904766083517,
-0.530593740966153,
1.59617564591920,