0.522338682915069,
0.731489946477663,
-2.40888926319350,
-0.687412604568181,
1.35351108559187,
0.558129120296361,
-0.551657823828392,
0.547825217808139,
-1.15209681151671,
-0.247168777633585,
0.732058595984683,
0.487386417744632,
0.743222341900020,
0.690066811151281,
0.289750394332755,
-0.245923213207354,
-0.785921142778443,
0.312571246876926,
0.167894201197854,
-0.110451724540591,
0.776969456816222,
-0.717525711486454,
-0.915094427165442,
-0.0530645845330587,
0.309669029038576,
-0.221861123361918,
0.432743177156968,
-0.471731557059474,
0.465177283018172,
-0.00393674490647551,
-0.342347214494384,
-0.375903372634406,
-0.477388426367062,
-0.155377462189849,
-1.22496340489578,
0.156487843267281,
-0.751102648424469,
-0.820753839153739,
-0.890556671835915,
0.423256397379176,
-0.0213518337349535,
-0.349078084884903,
-0.865518925220895,
0.830676775539403,
-0.429121589712020,
0.922122987794664,
-0.180114540261233,
-0.635230015202705,
0.598756799587898,
-0.0155886644443250,
-1.64460677873872,
-0.855365077280845,
0.0735743535645684,
0.732818458275997,
1.87709175627785,
0.647110491876153,
-0.457458382857033,
-0.545520011062111,
-0.289302883238901,
-0.458342582875136,
1.68190428341988,
-0.942123106658093,
1.62015786640099,
-0.933875178819947,
-0.332709561430745,
-1.00927857751318,
-1.06764952775614,
-0.00586201747576816,
-0.842219571579158,
-0.333573556894061,
-2.37711986601778,
1.10364917989033,
0.320191142378508,
-0.864848099056189,
-0.502681114209100,
0.359653837240220,
0.437341630857567,
0.509709426816856,
0.914390019806723,
0.447800781519866,
-0.0846603678280897,
-0.209837157764525,
0.122842139433170,
0.797808060098257,
1.25295543344441,
-1.07401094154269,
0.126860031261337,
0.962060072464843,
0.299180686324516,
-0.650779000905119,
-1.52601650990490,
1.05745301124388,
1.45442274610139,
-0.00117840416062182,
-1.53962689941220,
-0.530226674640061,
-0.113724974452970,
-0.349336673845676,
0.0591936281591457,
-0.952201958037492,
0.613646496416961,
-0.0456448797659330,
0.109829430708786,
0.0926394991246886,
0.178949632086319,
-0.00183621938070197,
1.07586600089978,
0.480160641028563,
0.507050695184348,
0.210252951605719,
-0.135091133894687,
0.245339179687866,
-0.191520613146803,
-1.20680217713085,
0.778884474209559,
0.130226159200968,
-0.412637983350453,
-0.670851317337839,
-0.177494138262964,
0.170721477351206,
-0.611237315296790,
0.483734492501681,
-1.05380982916180,
0.361313867940985,
0.0987123102851843,
0.283204103919936,
-0.889471234997330,
-0.503945935982899,
0.326661550151895,
0.736846859419403,
-1.17810290497956,
0.974720694171890,
-0.412272917005046,
-0.305556858007194,
0.525696774522479,
-0.984606553713651,
-0.739610097895585,
0.102925392127130,
0.797124615882937,
-0.0202854412468046,
0.162526784281867,
1.36422265322710,
-0.346085045430245,
0.638606455629216,
-1.17219541994177,
-10.9219547400908,
4.10059168539340,
-1.13027879491158,
-0.460759354367796,
-0.156171919046739,
-1.06712996617851,
-0.140523180213182,
0.137694171640476,
-1.60914898253421,
-0.300038298025177,
-0.225428358759123,
-0.194617644768538,
0.152728550878797,
-0.647716973555458,
1.23011393973180,
-0.706702012207739,
-0.877057637817209,
0.129386008053896,
0.328687386140141,
0.467346140326746,
-1.15567022106990,
0.901923298673660,
1.66958995745497,
-0.144997133528933,
0.208527841384939,
0.326089614844228,
-0.524347250458640,
0.373399053098823,
0.323388419717718,
-0.561085128056440,
-0.166842319307833,
0.256389528408822,
-0.186124787781868,
0.618000884676797,
-0.441823901905913,
0.376273730845233,
0.0722659782895846,
-0.0405499579354167,
0.878269806414988,
1.13057637217883,
-0.287795342567466,
-1.16798106088193,
-0.217275331220920,
0.924887881593667,
0.802814546004115,
0.809933749202433,
0.530264396441597,
-0.162433611738444,
-0.429796135664643,
0.681655747246457,
0.945100541951045,
1.29912634243563,
0.224485615788288,
-0.118660671425039,
0.503484107379418,
-0.599213691716189,
-0.862188238794319,
0.956394949522283,
0.264937834374138,
0.0923015348691999,
0.763364881525287,
0.902286311037414,
0.446016635787711,
-0.410236948658676,
-0.180139601863722,
-0.503139311444247,
0.633249659504550,
-0.232154223619269,
-0.572361269492802,
1.21886921002927,
-0.595905550884474,
-0.656366492524681,
-0.228065973817903,
1.23847231771416,
-0.712307253847852,
0.0868255407080912,
-1.59770028294208,
0.349624806242918,
-0.351809923545780,
-0.397729443323836,
-0.696252083014623,
0.766792094092277,
-0.315666643264605,
0.0212727038486684,
0.440495549156528,
0.487970281709524,
-0.0210941952475796,
0.550291768468009,
-0.881082966725519,
0.311359743892192,
0.487716820584254,
-0.436021912512885,
-0.161045441152997,
0.805698761030542,
0.911111166597078,
0.832078150253643,
-1.19984487623898,
0.433730343049160,
0.604418891926786,
1.15318015643667,
-0.632266162602925,
-0.401963082033004,
0.0489369843158988,
-0.351732329697361,
-1.04283289477956,
-0.878859584454047,
0.429869161514452,
-0.0912008028216635,
-0.780680326960548,
0.356087158836479,
0.732231660194945,
-1.21479803135771,
-0.832041842515642,
0.264747537872164,
1.01750150524452,
-1.02231854830267,
-0.628936639954047,
-0.591670103915457,
0.148631016691423,
-0.296078444972388,
0.500028130215431,
-0.0775455049116349,
-1.12186269611104,
-0.896214533483159,
1.07888749058726,
0.712981528483741,
-0.227846328535339,
-0.0943651251694441,
-0.0171613200638448,
0.667341637062798,
-2.30291886710850,
-0.422758776913317,
0.212647534376155,
0.182344388443900,
-0.225315226363485,
0.240302879897643,
-0.0598500863877658,
0.229790374266850,
-1.43707952272155,
-0.164850755760954,
0.0601570822773161,
-0.513376430794988,
1.30925864251438,
0.00158373152533486,
-0.628918139281872,
0.563220890720949,
0.918469455530684,
0.609227156094319,
0.357859925097472,
-1.30460669298639,
-0.526411958772419,
-0.923618434633063,
-1.31994195382515,
0.593537108372921,
0.669824334283611,
0.536584796010634,
1.78999560519724,
1.00162777936216,
-0.995929008236954,
-0.676776479095661,
0.793897222434097,
0.372523956814960,
1.34378510358819,
-1.54692971714059,
0.339285218855456,
0.356289260130420,
-0.301493270375069,
0.871851495789665,
-0.315288829884081,
0.343531531789711,
0.370478767982727,
1.05926712313537,
0.326520477765034,
0.977707110546675,
0.360995503875190,
-0.277795535908494,
0.497431546926515,
-0.154348390167786,
0.652952549792316,
0.956543240996922,
-0.909107675363009,
0.0423408393973148,
-1.23048700091218,
0.221433436364733,
-0.529918157754327,
-0.374342832360923,
-1.24935722209248,
-0.516841379667560,
-1.53171363780237,
-0.372296992415892,
-0.405971496068262,
-0.630731834111229,
-0.595877139423004,
0.684172156493038,
-0.141667083561118,
-0.525147766658918,
0.0876823049294919,
0.0640125001122444,
1.03244259784536,
-0.386688080812910,
0.0290471682348072,
0.124405861449606,
-0.666017655633694,
0.0347347696072839,
0.234442217192452,
0.368518266775197,
-0.284868820719649,
0.374388978297841,
-0.200084935404076,
-0.202005905944061,
0.247420177997800,
-0.646026330665089,
-1.02115355363604,
0.534113224325935,
0.472041096272126,
0.432926371175105,
-0.0872691247413546,
0.708700052571959,
-0.0306131573250474,
-1.58383010975468,
-0.361791237388585,
-0.300263185046757,
0.106958592904034,
0.686056426425463,
-0.323817406035630,
0.554769678666334,
0.614421732161831,
-0.593422689690913,
0.0347663343998806,
0.798919965247963,
0.509895834140504,
-0.141663232509426,
0.724042100255359,
-1.12969780923714,
0.00121436601276727,
-0.320952776471081,
-0.905032612684830,
-0.171046319382635,
-0.422106726490353,
0.530522794320085,
1.25343411383736,
0.332674227680364,
0.738556000937361,
0.0400640759411001,
-0.0252604445888740,
-0.187142709951575,
-1.56439835045120,
-0.670362876941064,
1.00857726242576,
1.43638496628760,
0.916583325895118,
0.256728557159030,
-0.684230691814548,
0.494296782144786,
-1.00158292416598,
0.271569353476200,
-0.224169875130335,
-1.80083610819381,
0.563710415187607,
0.382322821977444,
-0.0614077076517125,
0.991148303486718,
-0.836715664632121,
0.642172489161965,
0.351038187775486,
-0.445215885875084,
-0.508664533145161,
0.0581892745662349,
-1.34703098221585,
-0.0898873747980898,
0.197062089750270,
0.267271717720284,
-0.608695341940188,
1.12886355312551,
-0.390603246717839,
0.189022223345581,
-0.947513223519783,
0.549202295746276,
-0.222264286735527,
-0.0873404467475960,
0.692405396591719,
-0.118300011692965,
0.953489986411013,
0.524835330358922,
-0.416259186974714,
-2.23774863109661,
-0.747829845930649,
0.672202050078168,
-0.831387976026868,
0.289242547233552,
0.0248113737099447,
0.131652049440911,
0.314461107715155,
0.479777299482328,
-0.351116750075150,
-0.0318265559708821,
1.43913851198276,
0.0393253637954243,
0.215355901712260,
0.426866783747726,
0.319649606207259,
0.796593281712404,
-0.320628527741334,
-0.158654764957462,
1.20717298556029,
0.523600090131008,
0.520946503198979,
-0.229820064059104,
-0.636564275427052,
0.542786186966909,
0.107409575270964,
0.857308569781500,
-0.737210322458247,
0.625842103102942,
-0.574668724784265,
-0.0991696753147842,
0.677874802893931,
-0.0301153232014381,
-1.69305251241674,
0.499157446696432,
-0.0800076893104035,
-0.0168602427976332,
0.468941225071467,
-0.664469915095857,
0.529203728151126,
1.23595259218654,
0.281816204934600,
-0.858989865080202,
-0.447200393546754,
-0.322291677665991,
0.506844252611943,
-0.0245483133747838,
0.813713322700446,
0.507911784641830,
0.286612520781650,
-1.41611429904489,
0.823351010872461,
0.602057233560498,
0.476612950397876,
-0.410411414206641,
-0.0359221842852113,
-0.567240405935434,
1.16544561421100,
-0.382073375609700,
-0.0256414288885635,
-1.45714888135631,
0.0146605095378058,
-0.692274875500071,
0.187234334041084,
0.328954309565752,
-0.116258916787188,
1.51228722243276,
-0.316374331782155,
0.189627506853409,
-0.372861771300832,
-0.560566352679017,
-0.307757428127106,
-0.385028716150116,
-0.0522639700459205,
0.244591402704456,
-0.0991808551661316,
0.502059000189572,
0.290177808642357,
-0.860906693890303,
0.366246257992697,
0.944835299363840,
-0.548128538534731,
-0.360141635036426,
0.161162956858784,
-0.499190353922720,
-0.799368681998814,
-0.236044436230077,
-0.392545778965527,
0.169993467974645,
0.145876782215135,
-1.12398750451676,
0.256811320996080,
-0.0561415217281068,
0.241590280069937,
-0.0442878774253328,
-0.698745715013033,
-0.151840086437884,
0.0974237276305828,
0.669534755746352,
-0.218678772401486,
0.499990571742001,
0.322131663268354,
-0.637972964910123,
0.464604199955391,
-0.896477663142071,
-0.112114103058327,
-0.0844417597380144,
0.593084058774522,
-0.276448292568183,
0.0398465970234658,
-0.987342716846581,
-1.12010480503067,
-1.66611590340868,
0.0800673817413119,
0.154141476609297,
-0.205848947336141,
-1.39394167457332,
0.0359157623233069,
-0.0469630986412917,
0.126622558249432,
0.173411353311622,
-0.312562384824495,
-0.0272304393481014,
0.157760733115561,
0.719984888823901,
0.382216796300757,
0.151678190550609,
-2.28342840511894,
0.112745786660557,
-0.399322009760572,
0.138303585479450,
-0.242949516409405,
-0.379615201288940,
0.407254290732050,
1.56370122066334,
0.707256907465571,
0.561515663175833,
0.392632860573587,
-0.396154876193767,
-0.103586919770130,
-0.640776027761014,
-0.884981307100545,
0.395669047952328,
0.143192393213708,
-0.512161945642623,
-0.944061591400175,
-1.05082721238186,
-0.486477878142916,
0.230401927726891,
0.445273912488588,
0.731356003476963,
-0.150900861429336,
0.592277642565695,
0.199584030300133,
1.27321017021530,
0.895371449761244,
0.946211663337590,
-0.207563999790446,
0.733645066412737,
0.480656073024266,
-0.132262562158592,
0.677039631734117,
0.853370129890486,
0.0896503436950939,
0.687928369518043,
0.121459535323328,
-0.480998738125446,
0.438877537440838,
0.461369930931909,
0.777015140217018,
-0.0653602359358249,
-1.23514362109190,
-0.270339530986758,
0.0885232581396028,
1.04352681810203,
0.142080358899580,
0.0538439846651933,
-1.00246116619819,
-0.362386857308601,
-0.727363552808079,
0.291717080293227,
0.796374361272683,
0.262897686919138,
0.375052636364290,
-0.127745103849339,
0.0159664437884455,
1.12700978021409,
0.471623071014861,
-0.328801526359724,
-0.395441435256328,
-0.211626258045706,
0.333972623360288,
-0.965483199582741,
1.23933915682452,
0.467843439016977,
-0.359476436207552,
-0.396028789566234,
0.350243144168516,
0.0579990326315353,
0.671324072606964,
0.275318569228112,
-0.330090914919225,
0.652224169526250,
0.529594957305147,
-0.876987639279827,
1.27792523628865,
0.910820693820543,
-0.616167419022526,
0.136550462783939,
-0.771039273796929,
0.436897483284234,
-0.356456896602943,
0.0846894225825430,
0.561433502534427,
-0.756330579897571,
0.736338081311064,
-0.343954963773576,
0.0972323066268262,
0.255644234379054,
0.329867694712252,
0.137420536389510,
-0.672992185649826,
-0.716757193108462,
-0.225525541251044,
0.250162548986940,
0.204995564605499,
-1.38243688284740,
-0.773601348714775,
-0.569485484772693,
0.772122031010198,
-0.262731668672828,
0.741767111059394,
0.294014589223625,
-0.383197328796221,
0.186166458500361,
0.191623452015101,
0.795295564732107,
0.510762164844432,
0.411242705856130,
-0.157247065284842,
-0.548932129883106,
-1.18224429255639,
0.362003959096628,
-0.318732808120218,
-1.93629896204602,
-0.106126715617197,
0.450447548288188,
0.241123936449846,
0.500701165892023,
0.162998483503347,
0.552669195860223,
0.665236991526369,
0.0665620427812060,
-0.664159466938726,
1.27666008198836,
1.49082376383582,
0.787521754058251,
-0.459678938871725,
0.603156523269802,
-0.322231295101769,
-0.446157247524509,
-0.160240842115793,
0.525441120038693,
1.24177816691450,
-0.0370001982532175,
-0.503061417280929,
-0.150234426430487,
0.679326680732897,
-0.399410325186261,
-1.70956598000566,
-1.01642966342809,
-0.545600006479904,
-0.647838159797024,
-1.40877445313117,
-0.533676186456620,
-0.891988973423125,
0.346795378529343,
1.10768885463048,
0.797271231259777,
0.398647840678630,
-0.686890523237276,
0.333906414753695,
0.00298541359058901,
0.0858906711460265,
-0.909078615336195,
-1.08053148994632,
0.954818456040645,
-1.39482754296855,
-0.572737277157249,
-0.548766167378375,
-0.234328414278148,
0.575851272060279,
0.524102638125400,
-0.626245098496215,
-0.358708213433279,
0.297781884690305,
0.187776897261836,
1.55848689875292,
1.36571666598974,
-0.298741251003618,
-0.512211573055181,
1.01759450805198,
0.739269681437243,
-0.0581364803563780,
0.216025794134747,
0.120853443778199,
-0.311509168843165,
-0.995929295234648,
0.119408408238962,
-0.167735206329035,
-0.201774460852427,
0.397601449179865,
-0.0152057729433337,
-0.661739498557957,
-1.02648243271353,
0.0729391339970994,
-0.137824044017783,
-0.857072880047697,
-0.286787095103973,
-0.905526436708846,
0.281336166603030,
-1.05750076761742,
0.135335528151012,
0.516764080003287,
-0.167196000048952,
-0.223514080767266,
0.597976535648068,
0.0428450589919644,
-0.799363273803400,
-1.38530390926447,
0.949664126095164,
0.295397488109202,
1.23447757119985,
-1.34537069790883,
-0.643630590595111,
-0.149841236353240,
-0.605314093328541,
-0.471970476726566,
0.100997834304800,
0.757633270356772,
-0.336903046410308,
-0.954099089569592,
-0.233280313334521,
0.290539217969589,
1.57778836861149,
0.0820645124797410,
-0.589401312442347,
0.219347656038541,
0.918740538309995,
-0.504789454954174,
-0.884293537033277,
-0.123614446893693,
-0.0138714029974976,
0.0131997997579772,
0.535363459087518,
-0.384262360109078,
0.0463968471099886,
0.121019508875009,
0.893398505234505,
0.944091882272769,
0.281453121848668,
0.290492505635418,
0.422724690224087,
-0.313596651966664,
-1.76328310956704,
0.922067974643242,
1.59207349141586,
0.734120376079235,
0.291378560871691,
0.251911096570114,
0.733096247962170,
-1.05632916885440,
0.535423037959926,
-0.875856205411141,
-0.396976267725114,
-0.0359333071942201,
0.503275183717372,
-0.255202454687994,
0.884150111111503,
1.17939062335274,
-1.48870616314936,
0.289335042725940,
0.0119935495224556,
0.210277449446719,
0.258487395894677,
-0.380766823990296,
0.0386188572922373,
-0.623182536315474,
0.114161295886151,
-1.02763934801017,
0.0856865753002768,
-0.0168698435385460,
-0.452954185851289,
0.121722886465132,
-0.300916830130476,
1.56980846004403,
0.771999369676925,
0.411184121285391,
0.627873186228555,
-0.272713231445312,
0.311015072220772,
0.128536376004571,
0.747173948398347,
0.460146260899574,
0.313305414896789,
-0.179302432352462,
0.467871845475376,
0.144863966203873,
0.431954288993804,
0.354748258609214,
0.370299226284065,
0.374052591660129,
-0.893096063277285,
0.572623138992350,
0.524926327135423,
-0.293134640408614,
0.737413651616196,
0.963719775265644,
-0.445256057826113,
0.522251326511867,
0.546470813824295,
-0.246975427533321,
1.24624497396301,
0.450961941605413,
0.520734002154000,
-0.629162878200284,
0.753860000509231,
-0.512926370713190,
0.943253041358037,
0.735118026645251,
0.818179352117871,
0.576564316264289,
0.538734268591202,
-0.283985935314166,
0.934936619424363,
-0.456137997850068,
0.232354408267849,
0.323855933223403,
-0.150425085400759,
-0.155961075816390,
0.377902545896705,
-0.134763712088824,
-0.387766116960333,
-0.509659376116158,
-1.25541802698563,
0.676867764710037,
-0.200523117952132,
-0.202957989034012,
-0.416290601047150,
-0.0151852062473021,
-0.411608533950758,
-0.394576461041178,
0.0915181230725933,
-0.396922040556930,
-0.762296907036345,
0.654756890180959,
0.497785339790492,
-1.02184292990233,
-0.285250049916128,
-0.584085672732954,
0.396967298595885,
0.595677624222856,
-0.855731320107561,
-1.05421044683855,
-0.222152415487313,
0.0327748756981739,
-0.710855228417227,
-2.25750832625286,
-0.385238537250674,
-0.203457256586888,
0.792349996140262,
-0.266731514307018,
-1.06305557508152,
0.157379628619840,
-0.797554420184789,
-0.210637307769211,
-0.289967093012872,
0.228603828930669,
0.255825431820870,
0.904542908303033,
-1.26541423347164,
-0.257770519427698,
0.581382754451453,
1.58041720446720,
0.224875029358711,
0.334969441931266,
-0.282505437706254,
0.160865551337293,
2.22491247809292,
0.180139148796342,
0.862984269976957,
-0.847161767097279,
-0.112531415093091,
0.00584341789626531,
1.20071075968404,
1.23437591325062,
-0.192114175662413,
-1.04440745913569,
0.104807936425442,
-0.616546041800419,
0.146503629803874,
0.0817012473649609,
-0.597715847589224,
1.15375257255822,
0.0938892160037581,
-1.34270007682888,
0.237558804640323,
0.924420322404157,
-0.221202208677647,
0.314656851419916,
0.373758142273012,
1.90312569483485,
-0.663325451105079,
0.126002329008194,
0.502001246973206,
0.565587655041880,
0.724500448483563,
0.647273549755562,
-0.778114811581238,
-0.289900622148543,
0.331220165452459,
0.132206817273812,
-0.168509938676431,
0.577222814314960,
-0.448933604417379,
-0.161642776066587,
1.13250967925479,
0.268853764094293,
-0.0252691898444677,
-0.678862878050810,
0.769230642999506,
-0.944143269484455,
-1.28877728770955,
-0.728458552412380,
0.678824431570338,
0.853120194678776,
0.560723594896403,
-0.208575979083156,
-0.794634592344273,
0.488204858309520,
0.0158057413859176,
0.381182089468544,
0.479325718051975,
-0.487818404047860,
0.300406732913881,
-0.793904286665621,
-0.0467990964853759,
-1.25209719221521,
-1.08804040533183,
0.502491691886154,
1.32049056562696,
0.636875198066326,
-0.426713885646900,
0.336011079193414,
0.0932995299869421,
-0.288382264108276,
-0.422651764449547,
-0.277647385472317,
0.399677943972238,
0.766036706349530,
0.670394470222162,
-0.443947793216586,
1.03610184839152,
-1.25936308873539,
-0.679901254126240,
-1.07741659219295,
-0.236863114452877,
-0.295045622253490,
-0.487332107301030,
0.204325441680490,
0.923985976592858,
0.360245914986995,
-0.421282310325102,
-0.646497565879958,
-0.688914586053359,
-0.278360669897321,
-0.410647654499962,
-0.745329274264963,
0.551501325864709,
-1.18591064416981,
-0.0974777861459218,
-0.0758513716869679,
0.568640019451678,
0.527913350600153,
1.25613948910987,
0.548440273155587,
1.27075897642062,
-0.510354670480587,
1.99139904135511,
0.427128151546475,
0.0451976946014234,
0.295755057030832,
0.248474696916209,
-0.534812278937457,
0.193444845576556,
1.50022795443160,
-0.565962859781545,
-0.966777821524233,
-0.607417753672870,
0.473913123829975,
0.382688059686587,
1.11113713702833,
-1.75508506147653,
0.981160961589870,
-0.427730571194697,
0.265466039086091,
1.41127354645842,
-0.815653356407118,
0.00917917480135903,
0.355684237980198,
-0.830185579720021,
-1.84657238712484,
0.306215762313987,
0.865341790883416,
-0.500436215552098,
-0.402595474621664,
-0.646973730219222,
0.747126257915075,
-0.704779302233542,
-0.826062763248053,
-0.214433974281331,
-0.550209118450499,
-0.172501638553834,
-0.960595071865014,
-0.450361237777374,
0.348900145929061,
0.234340345919464,
-1.33629284524886,
-1.43309483765152,
-0.211311230955175,
-0.270425526017159,
-0.992433268371544,
1.79851301090852,
0.156053241894855,
-0.0227863705018685,
0.467238159233968,
-0.845922912812383,
-0.0957080594571927,
-0.445635486092815,
-0.309210206465342,
-0.225966937565746,
0.769255596244094,
0.127417760926951,
0.101219676926804,
0.201896939280857,
0.303989192989841,
-0.111899777173554,
-0.387039056334174,
-0.335453593532046,
-0.0870157614975623,
-0.817526486424171,
-0.540553268740391,
-0.474851031619852,
-1.10800702969961,
1.10149185071920,
0.748097623538804,
0.849728422031626,
0.795476152096732,
0.799322934031609,
-0.364047864948938,
0.623865013457037,
0.471847397352879,
-2.29555231833268,
-0.615161220288943,
0.476274587924842,
-0.592061121647528,
1.16998552087890,
0.616600463467642,
-0.569205985138624,
-1.45248632834402,
0.0117552017758104,
-0.254302972645643,
-1.17013196114014,
0.578002155031314,
1.69495002221822,
-0.536480363513838,
-0.562625091231606,
-1.11564202448246,
0.217439994422004,
0.439136101587111,
-1.17877054306921,
-0.224794137952436,
-0.534687957317633,
-0.340946195611389,
-0.346133317309697,
0.991567563167068,
0.605656660911175,
-0.736291374200383,
0.282340823143533,
-0.804894673418666,
-0.196576345020361,
0.280444575771943,
0.343210569507703,
0.307329193396269,
0.188231821713735,
1.00464506069041,
-0.0576356944002007,
-1.02804301508073,
-1.63483557933063,
0.383722210556993,
1.31871418212977,
-0.518765606038837,
-0.0189167867314539,
-0.626431521130322,
0.287198650493911,
-0.383360567744830,
0.572939947471510,
-1.10876191067244,
0.318324003041425,
0.119274113874983,
-0.267119132303710,
-0.946659841667035,
0.484583291692328,
-2.17621642519836,
0.609466690724953,
-0.412961805775154,
-0.759139705013576,
-0.192495433340830,
0.423556664973913,
0.795747100674201,
-0.885585940643104,
-0.572919634987130,
-0.0545238740394365,
0.0743108809098732,
-0.656858276560158,
-1.62665393785585,
0.0104727812511225,
0.140677437401196,
0.407816316984480,
-0.162556996925902,
-0.422725288128906,
-0.650796968766872,
0.485328443526289,
-0.0386133685798846,
1.18027265116065,
0.185979482370186,
-0.377790303516014,
0.971299459617608,
-5.12318209222043,
0.388240912922312,
4.11594339730359,
-0.871528023616805,
0.258056722057987,
-0.0778369455912397,
1.21258554736998,
0.897180425923210,
0.236817711608288,
-0.126612204496018,
-0.0753766980998249,
-1.15243411752219,
-0.536911511888189,
0.743902483212356,
0.0597340293182384,
0.197533017869835,
0.510420117152294,
1.10848813651658,
0.869035485887250,
0.973832696541857,
-0.520398177630330,
0.615758244662941,
0.338995792534178,
1.58358740218072,
0.504477648049650,
0.992921265483857,
1.23092612108032,
-1.09261598120947,
-0.342476195012944,
-2.06626631626793,
0.661448296929491,
0.229592392638179,
0.808392906450672,
-0.587654534766520,
0.907338525414836,
0.515969886155328,
-0.215442648359472,
0.455418860352722,
-1.23937013137718,
-0.718264011695873,
0.342866222106300,
1.87284796532316,
0.351174065371862,
-0.0477233417279359,
0.660322084552201,
0.103591528808216,
0.202371725084707,
0.958765210588357,
1.11151888025579,
0.0406346436125428,
-0.338597128118732,
-0.0265150272221262,
0.115162147955337,
-0.625912076449402,
-0.594248236568812,
0.524386758090472,
0.0168270119321296,
-0.102027301873294,
-0.241025020302613,
-1.62962712862998,
-0.227645975643648,
0.469712971639553,
0.508723404760445,
-0.731698747808108,
0.576827023629854,
-0.689283894296426,
-1.01024230258065,
-0.0404574407567924,
-0.107327503946683,
0.282948926386693,
-0.136605815351167,
0.299582819444527,
-0.0396734499642504,
-0.0183837149373335,
-0.181690810526748,
-0.540420107331248,
-0.0256720497193148,
-0.635854904849985,
1.20758838527510,
-0.154914780985628,
-0.378332418572071,
-0.172756889226845,
-0.564118759920927,
0.590923802300110,
0.320855890440684,
0.379068757650122,
0.450263878080901,
0.608532209158745,
0.256735287984432,
0.264267988609155,
0.125366542403243,
0.676454380819935,
-0.928670123159849,
-0.236195455053387,
0.706617672501538,
-0.895431616375632,
-0.580869171251009,
-0.0539531645781417,
0.815589610298388,
0.277017949709303,
-1.61628649221950,
-0.299666904493626,
0.277870442784857,
0.290453688566886,
-1.08263569478321,
-0.111222478165684,
0.386301791336960,
1.13265883765694,
0.531080595087973,
0.101690331689101,
0.231990287120099,
0.588063199687181,
0.240848318332119,
-0.225389875129002,
-1.57689609254939,
-0.404157037296910,
-1.81397624616771,
0.939678525564897,
0.601161165832270,
-0.614703524257751,
-0.00227318396023520,
-0.225004516806506,
-0.170111115675350,
-0.409717794303853,
1.13917984846829,
0.906818528265308,
0.217844358306918,
1.78343789090511,
0.110804836789868,
-1.57262814698476,
0.581453170379939,
-0.755063209869663,
0.430340514410430,
0.486623052909359,
0.623926586398394,
-0.670571352058372,
1.07256537677083,
-0.587784510882182,
0.176668893403554,
-0.141483127882548,
0.733442448143141,
0.382526769121419,
-1.52672094875217,
-0.453244458832799,
0.178147379974630,
-0.0807129701504590,
0.0342856236333475,
-0.783536197461265,
0.862252161772778,
1.71219532511752,
0.544440723505898,
-0.492274157095316,
0.204373028460348,
-0.217630247155436,
0.280358365964858,
-0.355229858841631,
-0.110365984976661,
-0.137896704484677,
0.560945533278280,
1.12019252056028,
0.413732065511100,
-0.369780454884612,
0.132991360736730,
-1.13192397994371,
0.186697839469341,
-0.208109754071327,
0.0535956227352978,
-0.936069034036123,
1.52486788006085,
-0.210831164923784,
0.270101416201563,
0.0467274421566181,
0.806773284931189,
0.950565941376401,
-0.528766875839999,
0.417493296832956,
-0.246516953536257,
-0.0731590166871487,
-0.950358977698987,
0.590477851532136,
0.531002307265419,
0.352769132225015,
-0.540044836579079,
-1.14634532842068,
0.216997987481003,
-0.601088787823150,
0.0752692929180626,
0.604842936912238,
1.34400045428338,
0.685055194139907,
1.02771853284632,
0.165309634767004,
-0.00796884340094188,
-0.771147760323105,
0.569798962815239,
-0.920288454694749,
-0.0239543038538748,
1.08472917908225,
0.410171159402184,
-1.15648602271535,
-0.796918375223947,
-0.232661044899971,
-0.324169341530781,
0.693242741813577,
-0.388200075536753,
-0.557369189361434,
0.635830761386247,
0.0881943142273137,
-0.716815424413421,
0.527066320111137,
-1.07264183869907,
1.55668698544011,
-1.70514505596215,
-1.03364107966463,
-0.372081932140007,
0.199810422389752,
-0.0522750804329687,
0.486785652333978,
0.721746706063280,
1.44328024063159,
-0.679688270371203,
-0.244008991900623,
-0.129176533552103,
-0.126754031292753,
0.646897706347321,
1.02750540825540,
0.378857423156551,
0.187387884427513,
0.789630322855491,
-0.768932984637537,
0.418674641749333,
0.0477098415341933,
-0.414380634459182,
-0.265782015812301,
0.592115248550430,
0.688914217721924,
-0.317690178617141,
-0.478222871127647,
0.125193371045481,
0.186925599722412,
0.718304637092640,
0.00320149894400546,
1.77100070274900,
0.144833194547798,
0.0544860637491827,
-0.112831691297883,
-0.563559585618796,
-0.0864593224724808,
0.660367858009833,
0.0219223072668865,
-0.856591246113862,
-1.67889816106801,
0.526544024035560,
-0.365758863895068,
-0.0665382382466618,
0.363900996101150,
1.28375257693092,
0.929292730974139,
0.128083375104635,
-0.419887368884931,
1.61795745215642,
0.175909561849810,
0.621346657144297,
0.112509612111282,
-0.755101136074835,
-0.910231375684650,
-0.00159660086044070,
-1.37279928761126,
-1.00725592298796,
-0.485431940479589,
-0.0424728251246334,
0.252023871303126,
0.775598673055547,
-0.516382453795482,
-1.05988817661822,
-0.582814164539124,
-0.659855209710224,
-0.350742230136525,
1.46877009472578,
0.878082822484499,
-0.488332411253607,
-0.156741664288998,
-0.890058144950873,
-0.415878711005772,
-0.340478062508360,
-0.675138227164849,
-0.289379050719310,
0.223323325753219,
-0.837787845184879,
-0.102769026912893,
-0.530166261369410,
0.146910924130942,
0.404863206661253,
-0.0567778674259893,
-0.285602007752074,
0.478036355572879,
0.835440455719952,
-0.687888146105739,
-1.57073514812672,
0.734956401040990,
1.16335910537923,
-0.987340328864650,
0.813155236205193,
0.501525805262892,
0.703274774562391,
0.800568141684835,
-0.645964080837946,
-0.668818273318799,
-2.24204152197599,
0.821032293299904,
0.343212427451480,
-0.440560220856121,
1.15947050532964,
-0.792616352860539,
0.809536883884525,
0.217299510069736,
-0.0888283476293685,
-1.90977422438805,
-1.10341394286191,
0.584615040579665,
-0.481552747930452,
-0.177922384738474,
0.352365385083224,
-0.543235316839737,
-0.715639820574218,
-1.16788402566665,
1.01442781036691,
-0.228504069077713,
-1.43061863780892,
-0.137101141313752,
0.374590617246653,
0.508868849821277,
0.127078167595375,
1.30152061293295,
-0.508661474309269,
-0.472063143763811,
-0.0344111024580039,
-1.04787052967921,
-1.02978309428907,
-0.0100150445366793,
-0.0594016601928691,
-0.530594071410312,
1.05600813538288,
0.0235194906972125,
-0.150935625687784,
0.997916826584129,
1.67670169911597,
1.61148845056649,
-0.0640106738157354,
-0.430957423686752,
0.601218546540639,
1.08468689817407,
-0.0355408674494738,
-0.443982917460852,
0.914172721696717,
-0.0390145157980143,
-0.866804062776625,
-1.31360664353173,
0.426426470925920,
-0.242444760327355,
-0.144891018978202,
-0.857962052413242,
-0.185426777363518,
-0.243989105109254,
0.0525663351916346,
0.330745851888126,
-0.916780285563926,
-0.544446650198156,
0.345782659725543,
-0.108380970044817,
-0.182741383553475,
0.273120534071109,
-0.000377570862762881,
0.268692825445692,
-1.59387170175951,
1.13017555996761,
-0.207807558889166,
0.134030697283820,
-0.903849386757391,
0.108119974698418,
-1.07930510024654,
0.509619729893573,
0.238839949922345,
0.603713474123510,
0.680675084496788,
-0.353920313715909,
-0.821674357482205,
-0.153170701222869,
0.875176963526503,
-0.315525933163056,
-0.713849953086980,
-0.0310911858009999,
-1.10709899363953,
-0.442100433233485,
-0.278018956507628,
0.366866915003965,
-0.0937812636764868,
-0.0756594141215658,
-0.758492057794744,
-0.570481709049661,
0.854304158507909,
-0.445210317285588,
-0.00669303529654954,
1.79841710795133,
-0.395775553363891,
-0.783637627698247,
-0.693705749379771,
-0.0747360527610875,
0.495846776943658,
1.00873290893046,
0.585438345746731,
-0.0203266735236130,
-0.950503615286570,
0.707620047018026,
-0.0906912192020334,
0.662714623718218,
0.0734310640096911,
-0.727064448469414,
-1.25116741625061,
1.06661917828307,
-0.948473198536456,
0.420237630533656,
0.165390058193804,
0.254616049317581,
-0.661922380997180,
-0.300401694249636,
0.642744130768788,
0.704553413446393,
0.941808102992683,
0.722175295341644,
-0.00716728229711783,
0.660350964501200,
1.18872849414895,
-0.554570948254835,
0.00855060339403070,
-0.0332331919087236,
-0.00429965610593215,
-0.0875212701223315,
-0.399426741857736,
0.111289681843595,
-0.144975633748035,
0.868910565637703,
-0.209648203960805,
-1.35589629005785,
-0.638994688270220,
-1.20372405570773,
0.206631080522693,
-0.0583454350560099,
0.250301214273172,
0.202340946148403,
0.551227415684505,
-0.0146995739851257,
-0.777245273919322,
-0.415465635173438,
1.46956639512945,
-0.420887014103975,
-0.136554257684555,
-0.459004082669732,
-0.188007836379914,
0.00197212154670800,
-0.272592877423286,
-0.0707689835984224,
0.933256091255012,
0.147619470379447,
-0.825854505965514,
0.517263910764673,
0.133051127565139,
-0.429384738407070,
-0.359669541202032,
0.203468013692444,
0.532240733652709,
-1.20706072797320,
-0.699942590191785,
-0.491615743584658,
0.714618738260730,
0.528975060305340,
-0.393733237717279,
0.572109526632464,
-0.432746933669776,
0.104122403847919,
-0.696880558137590,
0.425910142409121,
-1.47239053628822,
-0.0930865009943028,
0.618409573628069,
-0.519575197868758,
0.0431868738185756,
0.312202290379207,
0.221884784161746,
0.539324491433327,
-0.377065466131712,
0.221459507980610,
0.606311693841184,
-0.861689943572573,
-0.460916870664523,
0.0229993581233796,
-0.0672805703736993,
0.613735265382489,
0.350311842594092,
-0.566915002856261,
0.103366124302029,
0.375712188055990,
0.147110268215508,
0.437688997902336,
-0.485048102917821,
0.454887746268543,
-0.816479359337378,
-1.67521887322831,
-0.353933300578176,
0.282091436477171,
0.324956526987990,
0.862999082871385,
0.0696397804739124,
-0.0667579541130724,
-1.08569975045227,
0.718658532270230,
0.338990125599966,
0.505943085958418,
-0.927362285921615,
0.341981157416594,
0.423456120083170,
-0.0492753715812639,
0.818364413918927,
-0.130123194474596,
-0.376014320912525,
0.923372077382551,
0.123361400182200,
-0.374461644703236,
0.767282707890313,
0.643177465373138,
0.139230324194781,
-0.451273535192507,
0.469902280886319,
-0.215976859273290,
-1.18302950448624,
1.16046539809491,
0.0289267820403775,
-0.254707545117001,
1.17263348014106,
-0.0274034398427382,
-0.282563412998156,
-0.137917482930579,
0.233374272931949,
0.981800544846797,
-1.52329546657986,
-0.260065173944512,
-0.598810581240742,
-0.770489107798348,
0.341180251642046,
0.147641248797048,
0.0217643946692597,
0.454858233278071,
-0.769475085980275,
-0.729621655534411,
-0.793876625851307,
0.813711387937408,
-0.0437780970061386,
0.0252028718085321,
0.127258278144418,
0.0186358019404376,
-0.125429878643554,
-1.06557489052771,
-0.573640074805372,
-1.25669326505032,
-0.0698116231684821,
1.79648848866802,
-0.450694300291065,
0.502367031531301,
0.0828256462565583,
-1.71646102582323,
-1.04772944696015,
0.0730951156538291,
0.254884538272157,
-0.249323593110291,
0.904013825856059,
0.561305253583430,
0.784280646623402,
-0.0379054785657675,
-0.198577523677264,
0.100367099927782,
-0.630129994723347,
1.39275400197130,
-0.200934201290897,
1.87228552453434,
0.298215680489302,
-1.29546757270884,
0.236188011960920,
-0.288607558339913,
0.616567753846264,
0.0327882942536155,
0.175626010454375,
-0.397144030374850,
1.25974754221426,
0.0489736317622349,
-0.291476456074864,
-0.343100067516194,
-0.394161825334591,
0.338902999824784,
0.814853828342862,
0.262475502003257,
0.954324663862371,
-0.706317913057469,
0.555373987634178,
1.04868348437112,
-0.147197872318507,
1.14783653561478,
0.287049030507566,
-0.342221315303086,
-0.310403110543552,
-0.178648080071326,
-0.338169556834309,
-0.0500418626388160,
-0.844943958727154,
-0.629031666367510,
0.146581448197707,
-0.548153614507852,
-1.02907228588610,
-0.675368990400165,
-0.968898211577780,
1.67595988688065,
-0.348329891730784,
0.345192091221469,
-0.681815146344847,
-0.422614519947678,
-0.604790294569479,
1.19916188908044,
0.273497991001658,
-0.395557599357566,
0.777738679569121,
0.531184418244084,
0.0312211514745945,
0.600916507593493,
-0.0776546654695847,
0.0843075209320689,
-0.874424619197623,
-0.575650831411085,
-0.764041740033940,
0.136943864194511,
0.494688562108815,
-0.677242024181482,
-0.465731811333896,
0.968354608573994,
-0.164861146409053,
-0.516963463659929,
-0.127062045340385,
-0.00623408975183164,
-0.179433771613312,
-0.113010004320884,
0.983012495072916,
1.22083030411011,
-0.808745064880623,
-1.78982351611865,
0.192186687785896,
-0.0146199778949141,
1.83829298572363,
-0.127322244583786,
0.380608430059491,
-0.194971091220783,
-0.722002783858281,
0.387596217538928,
-0.467237929452636,
0.595112028783002,
0.194168686081651,
0.131393670048389,
-0.288627106182430,
-0.470902609947084,
-0.259537801056874,
0.232609778926739,
-0.307367935169824,
1.57837078370038,
0.690719810177658,
-0.809671112895646,
-0.367898415991541,
-0.583059260242230,
-0.918005406813283,
-0.484504709027981,
-0.139221837078167,
0.500030300237775,
-0.514607705337107,
-2.04446816415087,
0.912187072580148,
-0.903872650597412,
-0.184086571178065,
-0.674013874212992,
1.18559117858532,
-0.368287307492416,
-0.0930709516796097,
-0.398695578490798,
-0.125060751973134,
1.04182644113647,
0.304798502302223,
-0.302036696781040,
1.16188838654784,
0.990897751118256,
0.193973642462505,
0.197064444334877,
-0.594019881831592,
-1.12683702019487,
0.346294117575834,
-1.21495271986772,
1.27781420179413,
-2.02933522862141,
0.637601201948029,
-0.00439759491498060,
-0.349485537773413,
-0.709573409298711,
0.582503229478555,
0.278102559919727,
-0.376135837155346,
-0.855815520012580,
-0.0735662593453754,
-0.170911722467018,
0.844363546363408,
1.07710627617401,
-1.21746150569104,
-0.117296671020278,
-1.00514121111452,
-0.379544497018883,
-1.41125900634679,
0.231813612593083,
-0.216222920407103,
0.152164466225400,
-0.105396398561408,
0.198569021040933,
0.0302864418975168,
0.620497024401830,
-0.472392324775579,
-0.666364433795208,
-1.10260136857982,
-0.394941956020406,
-1.43549056047947,
0.485907542403377,
-0.494664529068907,
-0.279096060823079,
-1.40923754396313,
1.09597489381568,
0.00988108737832706,
0.860281999912301,
-0.521425535577866,
0.618391186757301,
-0.285891777616748,
-0.953988348312439,
-0.947536890353949,
-0.537175005604662,
0.339344706327892,
0.0314866748797779,
-0.959802853399344,
-0.851293198902731,
-1.38584342627527,
-1.31511336281446,
1.34766453027918,
0.192832281640801,
-0.206601418039793,
0.232867049826479,
-0.284800294495962,
-0.375186950904019,
-0.223244025673024,
-1.13800047437132,
-0.637393777400126,
0.242868468120660,
0.0882359194903087,
-0.326144426168161,
0.0744377022266804,
-0.622970149714646,
-0.817623739075118,
-0.815848385415089,
-0.310179222144845,
-0.0305235131622371,
-0.336630916830978,
0.418189444983603,
0.499869635548237,
1.52090836956874,
0.361217190034086,
1.29516865272535,
-0.470919187931323,
1.56004872915692,
-0.827281102099244,
-1.37259221470891,
-0.595183109040965,
0.798049871658750,
-0.910966226036670,
0.884385180809867,
-0.104448507849561,
0.348649593941899,
-0.0333224097613753,
-0.464727454586541,
-0.211278101582424,
0.337201022436986,
1.19867886724530,
0.102437360946950,
-0.673238810617135,
0.744627116264864,
0.983888568020851,
-0.438625871264926,
-0.747457724055117,
-0.476370465399852,
-0.788206181095535,
-1.42370691382136,
0.00699325906260386,
0.426562513869101,
-1.12343806650965,
-0.484050595447350,
-0.762641521217054,
-0.351511078909131,
-0.727926878277243,
-0.358782132432863,
0.138314158039122,
-0.0969891849496899,
0.649858330660029,
0.890163233870527,
-0.458793323287764,
0.288647031051733,
-0.281704305356779,
0.403742908338352,
-0.535069258056473,
0.389282995167557,
-0.802216105680556,
1.07879347725834,
-0.527199202680224,
-0.906273688281950,
0.822813288908796,
0.138387400324698,
-0.748814718135695,
0.0153999621569722,
0.858633834691031,
-0.137296549299779,
0.230132468922398,
-0.868460200358901,
0.694822392180811,
0.268084203030323,
-0.345515696088250,
-0.494690008073727,
0.0654341071114957,
-0.505115759176308,
-0.274570069495433,
0.105039954852380,
-0.116866737715784,
0.914717957165634,
0.130953338402464,
1.01194002421724,
0.505147940378401,
-0.686046440993243,
0.412213444546548,
-0.692484464405318,
1.03927637250617,
-0.0460141491110407,
0.444030131543831,
-0.235810916011408,
0.154456136335012,
0.670984923369959,
0.242365174755684,
0.322432154729106,
0.687898072135489,
0.0120875486242798,
0.469184526798545,
0.235744319552900,
0.116092651786343,
-0.784156460624413,
-1.10385436622703,
0.0400315483079269,
0.609833219371521,
0.215759109528852,
1.13201687973632,
-0.677607270381845,
0.126564986133748,
-0.639458763752015,
-0.137819402493882,
0.463465538105410,
0.350059590407647,
-0.736722937334580,
-0.205413108958133,
0.334750906359208,
0.663795740089301,
0.00691912846259510,
1.12160829400192,
0.156656246789573,
0.419407892714991,
0.379305214621426,
-0.295486743714949,
0.211662179846428,
1.37269803740178,
-0.705511278476216,
0.0696279723412899,
-0.0237641431225048,
-0.0507865036496719,
-0.118237340107511,
1.11020770316275,
-0.213211942439779,
0.362034246646751,
-0.141556749714996,
1.46644230581561,
0.771908143179635,
-0.714659622855684,
-0.353013008248458,
-0.205156061357084,
-0.420281833141250,
0.726681515857091,
-0.212899019903318,
0.0761165044979785,
0.445138171986243,
1.53488035593317,
0.525709241983763,
0.143490008092180,
0.680627925204942,
0.334713733560495,
-1.19536173233830,
-0.765596178758877,
-0.0995354203498900,
-0.242861709528500,
0.264942596322141,
-0.265946411640796,
0.219337427288249,
-0.326266941247793,
-0.526857017509955,
-0.240142667465990,
-1.43689930735333,
0.00727336875787682,
-0.378023961726559,
-1.27762116013406,
0.151625062228430,
-0.414539048766277,
-0.297788017125522,
-1.10743284090745,
1.16485601839022,
-0.572943822639654,
-0.498742707337065,
-0.162041329582036,
0.270181133321692,
1.45050484936943,
1.28726934077302,
-0.905538239564206,
-1.02374119409052,
-0.300126030770267,
0.460119257191307,
-0.847986262520671,
0.300282965210179,
-0.0937609929320055,
0.631287757653050,
-0.243160682957752,
-0.539608179697569,
0.542606263984224,
0.175317824439953,
0.885215740212939,
0.309702293599348,
0.295928827013878,
-0.235977145717251,
-0.643297116418848,
-0.391925305296408,
0.449194301161402,
-1.47554306525380,
-0.452399432959689,
-1.37514900284800,
-1.48912437933772,
-0.0240032706569752,
0.722532638969673,
-0.347740810281313,
0.311430378764177,
0.709769698221730,
0.957042497129607,
0.102436886477617,
-0.528316577714235,
-0.421700442090857,
0.284154206323611,
1.11744454576213,
0.409219744313673,
-1.28335632801305,
0.197671621802615,
-0.529437502639705,
-1.05365832175186,
0.149624417797842,
-0.553724234069898,
-0.418956492046421,
0.227142279596606,
0.654129840846515,
-0.312937044701468,
0.426890379565938,
0.184348685494104,
1.45662040400108,
-0.0843827762797591,
0.337886847842595,
-0.596661014871191,
-1.30966172014152,
0.269164114783446,
0.00258936446806952,
-0.551761579685246,
0.397069558951669,
0.426466083361007,
0.526855437981861,
-1.04209453354355,
-0.0970640011906369,
-0.825191800432748,
1.29404667948379,
0.279473950906711,
0.662360752207360,
-0.0884486416731080,
-0.0932475988541580,
0.137398833901378,
-0.461741211317567,
1.14064604131192,
-0.444211856442118,
-0.280665230862416,
1.33173891226804,
1.05001763941337,
-0.186825548502665,
1.58448874436618,
-0.742422306091902,
-0.0675897845296259,
0.891553296726656,
0.178777188338710,
-0.0459415260472808,
0.342434282530095,
-0.686701844697902,
0.819387729765630,
0.495317627356500,
0.279542957825725,
0.613372802035340,
-0.632355432012960,
0.209964190363510,
0.127564434852149,
-1.10225061212901,
0.235080169458097,
0.0338438509544272,
-0.453818911970295,
-0.351532829002155,
5.17302884636894,
-3.85363030497084,
6.69299830309416,
0.809514419904638,
0.783345008544084,
-0.747568704290069,
1.40522026441792,
-0.177265201898843,
0.246497710842200,
0.747659447387703,
-0.735640158014657,
-0.422218142071080,
0.721860231428241,
-0.824667882564972,
-0.769336689797188,
-0.404067164155174,
0.610745613536027,
0.618096504302552,
-0.780840585161396,
0.347030744654192,
0.0504583912544630,
-0.921433577154320,
0.172424503627302,
-0.295068329486243,
0.497653765722263,
0.306442477870939,
0.518421939867409,
0.208768145121656,
0.358668236287774,
-0.353706789809532,
0.548640925240379,
0.744061344571386,
0.777032043181319,
-0.846488801109084,
0.238936259684495,
-0.00866945920167599,
0.0111531837852869,
-0.279136441772424,
-0.142559331194493,
0.969798963693586,
0.371706955444226,
-1.18247142332223,
-0.333108240211406,
-0.435628560625546,
0.432766516656308,
-1.27635972170739,
0.768376914956282,
1.56557896988116,
0.935388677627676,
-1.31593131873639,
-1.24352819752667,
0.772248622286773,
0.423529267632396,
0.443073790628604,
0.0445989091915931,
-0.341297952044169,
-0.955547733694685,
-0.116233102642906,
-0.352588576064111,
-0.336921344620857,
0.214978841116826,
0.696150091211877,
-0.447231070532165,
-1.10109312488213,
-1.12509111777742,
-0.871552722197662,
-0.231572760959586,
1.08141887990339,
0.214854696064064,
-0.790872532429651,
-0.388334418360333,
0.488142024582088,
-0.0261258585386176,
0.723605767163319,
0.0264327193772123,
0.183065597846830,
-0.115017257761129,
-0.936407153235301,
0.00605711657485846,
-0.598835214570313,
-0.237911767529560,
1.12841654518302,
1.17667534798642,
0.511735918811242,
-0.0799188508010438,
0.412312848673079,
0.605667904663546,
-0.191267473030472,
-0.378748148460462,
0.537765391458568,
-0.0467288609110705,
0.475433158685855,
0.139165990989140,
0.110501592223953,
0.0212078358715618,
0.426936078120689,
-0.207593952771012,
-0.452652031484042,
-1.02380780785033,
0.0691614477898792,
-0.550588022037073,
-1.48795545525347,
0.505413771313006,
0.00985543117642104,
0.259242683480703,
0.944309534487622,
-0.356331480079768,
0.00281904768539488,
0.0526967950361663,
-0.125871022313715,
0.257337731108180,
-0.476171522437308,
-0.459037167320779,
0.472330945002307,
0.643423652257145,
0.102531771170935,
0.272294624419859,
0.960064074601967,
1.07185253993876,
0.0138254415732250,
-0.366473620782613,
-0.264001875685124,
-0.283804011115707,
1.29517558665840,
-0.248313720525012,
-1.44878344965720,
0.329372653883800,
-0.673068907948477,
-0.330107553368580,
-0.724056567987706,
0.951541171003922,
0.138976235180381,
-0.707578039239089,
0.181667393079462,
0.517398643564147,
0.0308164650171426,
0.300621338117625,
0.281223299167558,
-0.0183152976643943,
-0.317346313315417,
-0.300388881527773,
0.0763744469235467,
-0.358177509303188,
0.154502396069356,
-0.0987405805137279,
-0.0654609125047163,
0.439882683861505,
0.270834989697366,
0.616429734902522,
-0.100047083748869,
-0.918485045340003,
-0.247804049477407,
0.247334005281632,
-0.442903498984889,
0.203050761728700,
0.387660924353515,
-0.153274832792862,
0.462347420699740,
-0.115803260982259,
0.145313887270805,
-0.250719692986945,
-0.277379823372991,
0.380292909506969,
-0.331878565023254,
-0.249363750662967,
0.270525071325126,
-1.40474297673727,
-0.167779911056822,
0.353592441534227,
0.302757713439485,
0.380374423088567,
0.726997102231659,
-0.355426829068701,
0.334755931425730,
-0.229576963332646,
0.239790649450430,
0.0174171147112953,
0.543984886679972,
0.178734108533016,
-0.374544617512067,
0.543796913800555,
-1.35238211943442,
-0.912185579716868,
0.0625144978378285,
1.56080272807433,
-0.308447134802914,
-0.551308764364578,
0.119191328524484,
-0.345695421493100,
0.0682121478584538,
-0.366601140839596,
-0.517655763467073,
0.642476045507803,
-1.09955179922318,
1.28498973701032,
-0.739317188185542,
0.140871408583834,
-0.470667672078669,
0.803670445010862,
1.17364792906471,
0.00895764516362044,
-0.239619215518245,
-1.18733399404887,
-0.0742686401241464,
0.409698402804478,
0.308613554689431,
-0.496266410174103,
-0.827761112717909,
-0.898349273185223,
0.606265794854788,
1.14470002176335,
-0.180446770702907,
-0.983131051631827,
0.579711602343442,
-1.02311533484755,
-0.268381211086662,
-0.153354303686547,
0.326529976079049,
-0.221748901105918,
0.250933919291027,
0.533332207661718,
-0.141594940170410,
1.40592761991019,
0.0543453680284933,
-0.459513792189045,
-1.21256348778709,
1.09006970358749,
-0.0513842665752311,
0.393519719314408,
0.628416374021566,
-0.933570013539019,
-0.486136026668342,
-0.00447740418232843,
-1.03879374054562,
0.224659446060554,
0.204160061741199,
0.699637569758406,
-0.147056995351951,
0.505857681807094,
-0.313918098818859,
-1.05783293230749,
-0.997643284565996,
0.699725553217790,
1.21819068898869,
0.970813698926874,
-0.0384120413539036,
-0.926064016048495,
-0.507678584166885,
-0.700149003373976,
-0.589039924045089,
0.591758658924434,
0.184049786247598,
-0.984821279256360,
0.304567916154188,
0.861926192427185,
0.715649280560652,
-1.61244868460484,
-0.102060634905843,
-0.0312999077288693,
1.04942266746493,
0.169174492904779,
-0.388540011991076,
0.748131250089228,
-0.772244599003999,
0.827702485966822,
-0.609870489192602,
0.848159448898708,
-0.941687809900711,
-0.745817069194932,
0.230126842368879,
0.481267888189074,
0.582993732145042,
-0.343704784381467,
1.15376635102699,
0.238294066161223,
0.147478502329674,
-0.0615859041540625,
-0.0581498844446411,
-0.267808317203166,
0.680642808202189,
-0.494442895984326,
-0.451253735659249,
0.000161855351114971,
1.01218555814617,
0.576223728319387,
0.621416695005041,
-0.650403992212309,
-0.475687310872371,
-0.905883512363445,
-0.867672322451043,
0.778349004651850,
-1.46754963363126,
-0.557163941239948,
0.192916806315537,
0.500444637837774,
0.570578558920773,
0.0466420476842277,
-0.267940911006788,
1.25026631800831,
-0.271546976483941,
-0.451560700143357,
0.108417680636578,
0.796228571929731,
0.365640832573348,
-0.146135732303759,
-0.473641541280894,
-0.454163566133596,
0.359021186294638,
0.493467186523743,
0.312100447663172,
0.554084756245105,
-0.408690172312703,
-0.655856819743622,
-0.674797355891624,
-1.21768170266415,
-0.245896528315221,
-0.353282798240226,
0.341235073244759,
0.182632842829477,
-0.208299689578352,
0.680847025850941,
0.106236134629614,
-0.620870047538474,
0.422326257143677,
-1.21171492359586,
-0.186678579164484,
-1.27632003209646,
-0.904197872554042,
-0.933929716972870,
-0.105156808266030,
-0.492000178453768,
0.688725990187346,
0.224315260979196,
0.223271021907936,
0.474573008498543,
0.312050001240204,
0.681377577414067,
-0.147987761418190,
-0.612070418345770,
-0.0573372914312027,
-0.0847144082339003,
0.154297707138681,
0.0710987829607637,
0.574240281352232,
-0.256749134006387,
0.333476450395596,
0.184883229362472,
0.747597657437092,
-1.23280972748397,
0.346269282150059,
0.309430491178335,
-0.00807180502149967,
0.472341394267513,
-0.514835070933566,
-0.222957121277876,
0.635407900732902,
-0.653366619482841,
1.19214431070721,
1.20873625451043,
0.385248604461857,
-0.306421135627729,
0.0591690021727849,
-0.609340000007742,
-0.162926071793348,
-0.619851348495647,
0.284910679489679,
-0.972125334262467,
-0.807717951364068,
-0.0842926305567903,
-0.561759094201139,
1.35930194743860,
-0.0502349702415866,
-0.749646531721551,
-0.531108070310307,
0.153776211660103,
-1.71789283342458,
0.0427802238145541,
0.743989047319883,
-0.612516883652402,
0.467776254150781,
-0.551066934938404,
-1.07263830108800,
-0.279934651216319,
2.12021359913557,
0.188349812192075,
-0.878892967178679,
0.324527637267795,
-0.128179408809711,
-0.0138342251850041,
-1.00264802577368,
-1.92649734634346,
-1.03546359204590,
1.15213628533224,
0.0844618244688046,
-0.00333140812449595,
-0.355363453218697,
0.452819763446334,
-0.404788232514286,
0.827277260992616,
-0.716004923450185,
-0.188225832450426,
-0.0950391456637822,
0.00518667483801249,
-0.272559449963546,
-0.772239683249654,
-0.784757410470484,
-0.888410186213138,
0.268338959341062,
-0.634111335503983,
-0.888737987337251,
0.0749161324968621,
1.03777298069564,
0.905766544229769,
0.212157957518934,
-0.621813587724331,
1.26012905795631,
-0.242014912433489,
-1.50027537624514,
-1.16343976539348,
-0.586503519513574,
-1.34744755218181,
0.387889312851083,
0.663248325385282,
-0.313191345055721,
-1.02225470404056,
0.00518744811824263,
0.265745979952630,
0.255642367010190,
1.39133338489091,
-0.597880974224696,
1.07344490816259,
0.742679254385325,
0.130948482387212,
0.372723760366047,
-0.0177175141583088,
-0.0151446203527617,
1.04789163030086,
-0.448964873586350,
0.646250115811193,
1.50594062105994,
-1.24299523616620,
-1.29819273262469,
-0.0305527235261564,
-0.779949098871195,
-0.551556179395184,
-0.143327317094374,
0.236191029398255,
0.208809037252444,
0.350043353156311,
0.706553692497801,
1.20443682717235,
-0.674379832819140,
-1.91309586562130,
1.36650881132239,
-1.43998034570227,
0.226641901739107,
0.477733774713886,
0.510009314469363,
-0.122940416371712,
0.819707742677976,
-0.697498019504214,
0.282656824640846,
0.370643564405868,
0.156855577264727,
0.916644459254342,
-0.229478626993393,
1.72717030359105,
-0.374967884932487,
0.0466421995811328,
0.452281447826649,
-0.00656419408613859,
-1.02390719624500,
-0.233858562693803,
-0.694771496531304,
-1.23780153857095,
0.291032655770289,
-1.09735822560529,
0.213207864770143,
0.581270054864104,
-0.00817560522574794,
-0.721626169469934,
0.0845431447648809,
-0.335858795136426,
-0.161849577022667,
0.885223834968652,
1.10277777408248,
0.809206412378117,
-0.333398261981936,
0.855850872590635,
-0.280066508766609,
1.87502608245248,
0.252051505849160,
-0.971259615632167,
-0.114986072894117,
-0.426112454639731,
0.0648764724306664,
1.26111660633894,
0.609391263205473,
1.37871687791337,
-0.804773463749895,
-0.507025386337038,
-0.292848533678094,
0.909236380433026,
1.01336278800974,
0.327696293841734,
-0.672852996244191,
-0.491842667568996,
0.0143208092789170,
-1.04902588702283,
-0.334416061098889,
0.659563137058583,
0.419386102919187,
0.374604338406033,
0.108295920910077,
0.0519946792278075,
0.355031428772430,
0.404590185808366,
-0.506809887569119,
-0.719539006745974,
0.322575712220286,
-0.508577198241915,
0.204633624642177,
-0.664164566755097,
0.387966613523592,
0.313904873659520,
0.702843821137627,
0.923273774728080,
0.973128026401637,
-0.562901324122924,
-0.474351879518113,
-0.0445280192483182,
-1.05705297020813,
-0.736445093214646,
-0.0141188849713432,
-0.137778713302909,
0.322535628666266,
0.199156213829953,
-0.304314100717085,
-0.257734212446893,
-0.286486425529788,
0.610994726829522,
-0.0785169519883086,
-0.0177748747469728,
-0.265463623354591,
0.575054957884827,
0.0721375407771487,
0.780552553690444,
-1.45468483222225,
0.107233308930399,
-0.304058734837254,
-0.894772276693946,
-0.382949341969373,
-0.00571176982603886,
-0.0746969924958336,
0.243957405853269,
-0.267820405437807,
0.00695303694784654,
-0.509176658190348,
0.0519388409999257,
-0.928095656256361,
1.05991629303401,
0.847857878549279,
0.0461026778274023,
1.66598044527999,
1.17268957264351,
-0.00530485558618225,
0.160069265302117,
0.177948130123617,
-0.206747509366633,
0.0324709704727977,
-1.02828355392577,
-0.884993275670017,
-0.708625325141536,
-0.810619427095501,
0.608456846821159,
0.234210067658517,
-0.0326072874313985,
0.282723121265429,
0.357824313220572,
0.0589108482493528,
-2.00233409149889,
0.272271753168024,
0.962055364911673,
-1.23332078408468,
-0.484182129571591,
0.599082615547657,
0.370778023855656,
-0.0641683089252900,
-0.365919996942124,
-0.423142119381759,
1.78791679070691,
-0.332886007148062,
-0.941707956968721,
0.947833317036909,
-1.11671263292252,
-0.606542610359600,
0.115194143088731,
1.14131232231155,
0.187644236699491,
-0.622583070807552,
-0.237464754518936,
-0.112631116809370,
-0.0462059741428644,
-0.588916152362554,
-0.496021731282326,
0.485125847049550,
0.491555735899898,
-1.04442548442534,
0.305704370440352,
0.172675903348785,
-0.663371273962672,
-0.681447939636454,
0.365501676570721,
0.517296668781531,
-0.208427799245621,
-1.79674664155285,
0.0794200844161272,
0.0991996100264404,
0.222892465590470,
0.252112337602329,
-0.00268356192819179,
0.173678373708147,
-0.802942212276346,
-0.0266655999763138,
0.704341949977704,
0.497478061603396,
-0.580659592811487,
-0.459919196990764,
-0.490081735715490,
0.266420535511008,
0.0513443997248272,
-0.622716347923046,
0.315272296504673,
-0.663010378840405,
0.110314100377558,
-0.628956452050393,
0.351628821647440,
0.761341413436665,
-0.678130162621028,
0.270915212138342,
-0.186537798449409,
0.214619036303836,
-0.466362088817287,
0.155067149099680,
0.519222816709828,
-1.08062337053890,
0.342651860397783,
0.267034023069549,
0.164792820594655,
0.111801653206185,
-0.828360176177009,
0.355747795222694,
-0.351453192630844,
-0.272682102812376,
0.233887976169490,
-1.46851626125036,
0.314019663582558,
-0.226416243787712,
-1.74660780259483,
-0.794148221452301,
0.717533995514213,
-0.268697202324991,
0.781528338951545,
-0.560595442756313,
-0.235958113359476,
0.808834709288518,
0.437600218073605,
0.507301531889265,
0.956847031755643,
-0.150444594243233,
-0.292441776814120,
-0.617765346570191,
-1.18359710452018,
-1.10952756971732,
0.186731897441303,
-0.567950172467238,
-0.292481529777350,
-0.0988260082560272,
-1.47967681104977,
-0.503714371287257,
0.158514604078247,
0.290969088958755,
-0.777161779322337,
0.331182856909978,
-0.452448851581313,
-0.145921146588154,
-0.471834671270146,
0.0350966792781458,
-0.418934180143617,
-0.835398346893584,
0.214414622130833,
-1.23475488050985,
0.871913833810094,
-0.177087780317633,
-0.294376481992404,
0.860505168343400,
0.728420445557877,
-0.215552000766477,
0.813257662660277,
-0.0200019525133778,
-0.136070572997150,
0.270014602103438,
0.341927045997988,
-0.753009483584228,
1.48944360377515,
0.415982920471831,
-0.606979409856446,
-0.919504902214325,
-0.325357313359892,
0.174198623332382,
0.536818458630080,
-0.0540933082766554,
0.367604333220018,
0.145734412576757,
-0.413947272703401,
0.886313833781440,
0.776236597509619,
0.0826449051252675,
0.594796027706578,
-0.256692650605098,
0.324405581181928,
-0.288839331480705,
0.141815228331227,
0.306793679170792,
0.941104823189680,
-0.0870854847291246,
-0.195339762636732,
1.36139121036325,
-0.0252165382032320,
-0.215780427347023,
0.425872914692733,
-1.71517734521308,
0.759412583404848,
-0.211971532342640,
0.146751321367527,
-0.671737736382874,
0.651579820773503,
0.239223112439840,
0.752848683715430,
0.0436989537606233,
0.263161263556063,
1.49529509213267,
1.34644524883750,
-0.345906845691549,
0.602229330070717,
0.718752234540540,
-0.852574494550739,
0.0875939974598711,
-1.26051022481690,
0.344842212468196,
0.439517960097109,
-0.184376890390915,
-0.184298882188022,
-0.848154824059815,
-0.704596065042860,
0.364282993127997,
0.834687120528483,
-0.0639358530852223,
0.0327329364966493,
-0.0851393513938984,
0.966051993360753,
0.333853535314314,
0.692309380727128,
-0.289202273904491,
0.402347313797104,
0.268344745082275,
-0.418391737286110,
0.100830760722281,
0.0395555450753325,
0.903308894651191,
0.588536473041275,
0.198276237531208,
-1.34723332572501,
-0.305224517602822,
-0.921002143889839,
0.0519576829268726,
-0.585864025608713,
-0.649738362846041,
-0.553891821554792,
1.22342431326300,
-0.750884246411716,
1.34285665575598,
-0.564735569009124,
-0.498434209633977,
1.22162864872261,
-0.0759384103526257,
0.383260632357513,
0.613120902496705,
0.614848909932563,
0.775707433536152,
-0.776872485150940,
0.644650831612503,
-0.288985457855344,
-0.497990770361261,
-0.328210867743866,
-0.700016289814921,
-0.283864425813662,
0.344716573519742,
-0.659686786475272,
0.676102957064584,
-0.549374166561846,
-1.00576860195362,
0.754170202600470,
-0.989574255798429,
-0.0794094962315401,
1.06271560896846,
-0.139804183373644,
0.496467635939134,
0.0122535603406267,
0.315425229837292,
-0.263484946914852,
0.162432338208163,
-0.152546791821558,
-0.751499143900336,
-0.927767961689865,
-0.502685790732843,
-0.379701037296941,
-0.511242595762004,
-0.305967183004223,
0.616913855354284,
-0.990799838384297,
0.0548433252834056,
-0.627380353648462,
-0.640702177611283,
0.470265292272419,
-1.25317523019169,
-0.310039123687084,
-0.260029973737509,
-0.965092091894148,
0.208180823044697,
0.272748658914437,
0.678556283625684,
0.261880245243329,
-0.181956605655116,
1.19070241438568,
-0.701169792137812,
-0.261877673833362,
-0.575899051462426,
0.217315072932645,
1.20155530343504,
0.429499922623488,
-0.115801789985055,
-0.377890143714587,
0.0292468639065709,
1.10371051567029,
1.02912109326113,
1.12742087209179,
-0.205914154479373,
-0.344773135367727,
0.555288089299145,
-0.637826286223090,
0.0298967143270208,
-1.72220461844920,
0.224744119092892,
1.13724266912307,
0.889255264971110,
-0.716648898668397,
-0.135237898784042,
-1.74952880140764,
-0.633791672310810,
-0.620237447665059,
0.193440966204004,
-1.00058546261577,
-1.05852890411648,
-0.131513952375174,
-0.486161743662621,
0.792635718226744,
0.263586012118653,
0.779520659361425,
0.425483457646438,
-0.276671360007474,
0.277923495203251,
-0.255928858846273,
0.0594120084115763,
-0.790707702529529,
-0.579438899599669,
0.206358286474307,
-0.460487726756957,
-0.0776388362092102,
0.406982374453028,