0.511548816154435,
0.225915200259337,
-0.270096193916927,
1.48241665809428,
1.39758251309982,
1.05331868713448,
0.862804972020667,
-0.229704529254417,
0.0668072680800132,
0.129669836008377,
0.504947669438040,
0.134902374654822,
-0.238493299886966,
0.868086619475037,
-0.927645688331602,
-0.100123252914279,
0.538763347415946,
-0.0899594554774081,
-0.890051008700141,
1.03972668217425,
1.14613692339365,
-0.723365734033462,
0.991969908863280,
-0.858791576085022,
-0.276160797417155,
-0.0857599069568866,
-0.432986485127892,
0.106883577776981,
0.904064532885602,
-0.465952795372525,
1.00125269878282,
0.974007996586028,
-0.871041750486878,
0.410599883312496,
-0.448795665461359,
-0.409503492250251,
0.152245666160464,
-0.371779552478315,
0.257598598148509,
0.778047759736773,
-0.459482579283434,
0.983717965876422,
-0.700573754582396,
0.177918948512516,
-0.391065008989198,
-0.338017736501829,
0.178960565274689,
-0.127264302288157,
0.156618087985203,
-0.646342699469759,
0.452738815768728,
0.130336118269948,
-0.675025102418672,
-0.447165517177933,
-0.126759124859998,
0.842285091006527,
-0.406538057928435,
-1.23938035797980,
-0.640894751160956,
0.912773533279857,
-0.104668943040877,
0.763119817375198,
0.782483853909090,
-1.14842700568529,
-0.407216371178334,
0.295129178390161,
1.13622448450176,
1.43467786328200,
-0.871567757023920,
0.100261324668971,
-0.395415279040272,
-0.163968596611994,
0.442178348393385,
-0.0288833690423258,
-0.498973518761392,
-0.827947576430189,
-0.270782573300396,
0.524895084138266,
0.611594735283875,
-0.306284197094823,
0.120495138239499,
-0.641176293085672,
0.995503697154609,
0.494101664896809,
-0.393714348009262,
0.381661663156870,
-0.771340880098535,
1.58850730238412,
0.542668631300120,
-0.976184409907222,
0.434749116653767,
0.579030373959616,
0.130013157553990,
-0.127710056349192,
1.26622807637104,
0.393159407465894,
-0.877966057403481,
1.00620799509833,
0.361360161055833,
0.0253521212939220,
0.497325353336247,
-0.702745299622410,
0.0294475156277857,
0.685303939101961,
0.745302735069317,
0.622920948053645,
-1.14330356331377,
0.493942065838447,
0.949581922364467,
-0.765944249571820,
-0.625133495389552,
-0.118564243634811,
-0.424054734676889,
0.138986540743674,
-0.203138904667326,
-0.646651112070570,
-0.523587798154473,
0.176509811741200,
-0.533278595876052,
-0.136443566425627,
-0.117307602266233,
-0.165429838696254,
0.356815959676409,
-0.882764072755692,
-0.522972739894341,
0.556057218589435,
0.530925687221770,
-1.45940287437403,
-0.419722364315117,
-0.395535902464762,
-0.974841856912110,
0.819230648490804,
-1.32463729177087,
0.0643907301775442,
-0.0349347023854736,
-0.835315192015667,
0.165986153760960,
-0.547631374941437,
0.293960897213301,
0.532666328163111,
-0.0382657313712997,
0.248374728271199,
0.0609264324145346,
0.558587205956108,
-1.31592169002303,
-9.96224907007392,
3.94840636536624,
-1.37080292205239,
-1.31201106454762,
-0.432167244461952,
-0.344228271769655,
0.242524045941832,
-0.0223586360373217,
-0.198858656685912,
1.64135186512523,
-0.324781482523647,
0.460176694951093,
-0.626554220142745,
-0.559818761998226,
0.0394172862357589,
-0.740132016863935,
1.07323714677386,
-0.222591554877679,
-1.37587951329329,
0.0529436595112454,
-0.200608863605490,
-1.49498217440675,
0.135545331527008,
-0.0520767191492464,
-0.465950948397464,
0.100897858968293,
0.398373172580431,
-0.791383888794560,
1.08231662957501,
0.429529948463492,
-0.577482877333931,
0.314241742258655,
-0.101115607349157,
0.120010497842206,
0.126007688482738,
1.14759578364224,
-0.774582342558389,
-0.192148106080391,
-2.06802768689934,
-0.0249067759920617,
0.0463237717273525,
1.56844312382617,
0.378605418276465,
-0.163733929387807,
1.31322674722210,
-0.213359675230505,
-0.0542638938217688,
-1.14406966389754,
0.187585784754680,
-0.566082366982285,
0.407024424900741,
-0.681139950864842,
-0.241869124301180,
0.304403352436315,
-0.271398690980862,
-0.510024034828395,
0.879745176877349,
0.0330074373293255,
-0.479564010018644,
-0.731377582885171,
-0.551346411240835,
-0.317782105618651,
-1.90317008290347,
0.0370131101929033,
1.85707026383053,
0.615971520411946,
-0.643503313003102,
0.320995570469571,
0.268718147118418,
0.133815325939472,
0.507496397042717,
0.954819148513985,
-0.389521943878087,
0.194201231061086,
-0.106159045211238,
0.330699038812145,
-1.36462017939846,
1.27764916537537,
-0.751677808153744,
-0.623430354057623,
-1.29396785452889,
0.456684068198163,
0.776144910903022,
0.329232674250788,
-0.207486970342809,
0.204062268758322,
-0.550315735399326,
0.0118611169911753,
1.03407004681463,
0.356833621058352,
0.683786594525595,
0.266163699303872,
0.877360654514075,
0.211007316739262,
-0.0794598355094417,
0.103113810296242,
0.368639205248819,
-0.368524250931459,
0.359298346031878,
-0.161370170610887,
-0.475766543490222,
0.303205980204496,
-0.621347800545507,
0.691797105575785,
0.452539526851484,
-0.651478924395533,
0.161114033147046,
-0.580695364209219,
-0.499788983082697,
0.761292194066564,
0.289519546199087,
0.134100285617277,
-0.399458142718686,
2.03920914375822,
-0.357661025038386,
0.527526857567693,
0.396771771819232,
0.931663555982816,
0.327331917124584,
-0.156899142402474,
0.738193940186167,
0.0559408202083876,
0.762587770999745,
-0.533661608907387,
-0.302683780676222,
-0.678471582927287,
0.550923543329470,
-0.412577393127472,
0.290731921643770,
-0.595968877438898,
0.407297135927197,
1.35387559743996,
0.585103784517730,
-0.216626903645605,
-0.397010242814455,
1.09251684662763,
-0.587760426657368,
0.610056145892867,
-1.08593171987744,
0.977270362497719,
0.303474777595701,
0.362865315483186,
0.562728090416460,
0.310202565492630,
1.35715179255006,
-0.798348829558818,
-0.520104945903657,
-0.147309407835895,
-1.45414152205852,
0.0792035254786838,
-0.526058245136798,
-1.38352279302284,
0.0110556825242955,
-0.157852960711767,
0.0994559943363211,
-0.317394100293543,
0.267750580620390,
-0.492833186270458,
0.148391638150607,
-0.316999607367096,
0.454852727915466,
-0.629462524387108,
0.255241078559876,
0.0355172674758726,
0.311191146992055,
0.304680702995306,
0.486647973869743,
-0.910353069041468,
0.818522491643788,
0.551040941412166,
-0.554570351548560,
-0.374395181242347,
-0.578448670065780,
-1.14748103736129,
0.742457534253459,
0.761373725135227,
-0.301237351985536,
-0.459656236339210,
-0.559252645751126,
-0.0641081577599621,
1.16768833986889,
-0.651287028092717,
-0.634045078088133,
0.0503715808021740,
0.0651620128140994,
0.420187003440149,
-0.371635327133995,
0.481801387144991,
1.04564844703890,
-0.906348616383920,
-0.115348546506103,
-0.178665896723554,
-0.272949007720258,
0.628044574882308,
-1.19924756751552,
0.796077211195231,
0.128140015537404,
-0.315165762536224,
-0.506938244823227,
-0.422782889555486,
-0.551991099189076,
1.03234794239974,
0.704482578337164,
0.787783197269995,
-0.334855862736760,
-0.413838787130435,
-1.14204627814063,
-0.273582993345410,
-0.289360712196690,
-0.226054287119764,
-0.794263121713698,
1.29777942026049,
-0.152692807670692,
-0.273306812658044,
-0.199823012844286,
-0.673722052830405,
-0.445793426437269,
-1.19146638600137,
0.509444475576533,
0.00890129065331404,
0.121734663241914,
-0.320466718790219,
-0.435175103878898,
0.353473842757279,
-0.489897293637282,
0.0361659758322355,
1.02911411194743,
-0.189747187252739,
0.296367788496751,
0.654539442316825,
0.756655544140910,
-1.01290206783960,
0.531690947034128,
0.600446983681445,
1.72368702011111,
0.0237716288241322,
0.240038480385705,
-1.02098807773877,
-0.201641014047674,
-0.262747603497159,
0.844098452584981,
-0.126801922695654,
-0.681981886934879,
-0.337559684377160,
-0.435725466848907,
0.808825028916586,
0.185361808651587,
-1.40783843705717,
-0.726874104823370,
-0.700155475934616,
0.139586456956398,
0.452220302680085,
0.257617666894917,
-0.859969931557187,
-0.739072677543418,
0.528649409595253,
0.197987328612306,
0.707709077082900,
-0.527523844807767,
0.110986824356127,
-0.837528549822399,
0.0817117052423346,
0.522526848015941,
-0.779609748944516,
-1.38745618163189,
0.327011821175688,
0.222144680039807,
0.570399335376794,
-0.448251103689975,
0.373393989939852,
-0.562014738895627,
-0.0373092411770109,
0.197439623693726,
-0.646427123980926,
-0.895499375516475,
-0.585031252575559,
-0.834088309120929,
0.627498417553630,
0.549342450072186,
0.833153283213814,
-0.339558103406409,
-0.964833007485386,
0.123972196690208,
-0.0518147400729676,
0.773159721991217,
-0.182989082737187,
-0.0490363986338490,
0.495756695055460,
-0.160624469320512,
-0.565896055723602,
1.10022783840488,
0.910249965102483,
-0.431782340806257,
0.125932114099289,
-0.898643465393840,
0.167278696385838,
-0.460129161690659,
-0.0999963251048604,
0.394431665370168,
1.64047798140421,
-0.114793886429705,
-0.303954273827870,
0.0343095972525233,
-0.732043481280502,
-0.726675760389054,
-1.43936396772797,
-0.360481499917059,
-1.18103223287606,
-0.860480754390040,
0.291682992226880,
1.65774038773352,
-1.41493736135883,
0.437595425725304,
-0.0472997531146500,
-0.0717756887794068,
-0.127647098127251,
0.0609839920106644,
-0.402335814597197,
0.723477081392771,
-0.308325550324826,
0.470883344882886,
0.171297545880771,
0.401878513279200,
-0.845848812777005,
-0.366077598661277,
0.716129516260657,
0.108102145414140,
0.465753126939912,
0.649205707133173,
-0.500861707342785,
0.397339003776461,
-0.272769744157060,
0.343667927697003,
-0.280697562116778,
0.0569109607260073,
0.838777148574612,
0.609386917603282,
-0.551704827655501,
-0.887336804361352,
0.338996801124323,
-0.890996108990322,
0.541491848461545,
-0.0155521135314726,
1.02154210609703,
-0.384627382883444,
-1.05744525321120,
0.382021865262977,
0.690141761454393,
-1.24278123516446,
0.586994624546517,
-0.366792794601558,
-0.924190333362335,
0.154306832816086,
1.32409874299318,
-1.05754547029200,
1.25286831966277,
-0.358778075400543,
-0.583985083119549,
-0.635104045944826,
0.603914153060076,
-0.129631328979528,
0.360687237592707,
0.0591535696066640,
-0.718425807054189,
0.584601387577496,
0.468224239453389,
0.220449838374364,
0.415895695790988,
-0.334558853254115,
-0.151040781800702,
-0.432300035790965,
-0.601084021339606,
-0.381291183654930,
0.322656566470584,
0.196526364894565,
0.354706507043054,
0.0797771508278844,
0.368320495132794,
-0.639514090841159,
-0.804391935950511,
0.727522793016671,
0.560013990412118,
0.758946810143635,
-0.289520378314109,
-0.244176831949526,
0.235691055322190,
0.107472791591088,
0.0185355726984092,
0.465872533153285,
0.122376426863841,
0.682148821593858,
0.533700805560971,
-0.244965614795963,
0.434436955726215,
-0.271341246518106,
0.275019047735604,
-0.904681415280014,
-0.970297995327997,
0.0561724416212242,
-0.907032955624559,
0.262622738071117,
1.41839197424092,
0.295574600083429,
-0.0382973443984950,
-1.42281815188212,
-0.286137050270936,
-0.717766568493169,
0.0783567045811897,
-0.319428566080384,
-0.0641350538154290,
-0.506100061925375,
-0.189330659880233,
-0.983156362014004,
-0.971582868608652,
-0.905411920757061,
0.466235858997237,
-0.385089604932636,
-0.163443026015724,
-0.365740860853183,
0.582888829861540,
-0.191712742952975,
-0.366899668795242,
0.882140247871469,
0.00494546047915542,
-0.887683861599017,
0.176173716120611,
0.771708180089994,
-0.741342516383319,
0.0826901751045692,
-0.111639710458302,
0.152900556928675,
-0.185541652657819,
-0.921705564851547,
-1.85105158243409,
0.164442997059042,
0.408038634286220,
1.16511200849468,
1.04577628086575,
0.0938786472173253,
-0.308112942927656,
0.269848232810241,
0.0661472354676888,
0.352667209175068,
0.471997348508964,
-0.0893528476755865,
0.278281023298904,
1.42737773627547,
1.26709234039219,
-0.198019277026370,
0.0279103934813375,
0.422732967076054,
1.09186881247958,
-0.753528388577582,
-0.344576718891695,
0.338906011455577,
-2.04784234118903,
-0.776467409914757,
0.585879669283685,
0.755681064117799,
-0.0891551843103798,
0.864408288939310,
-0.411935140458952,
0.819923627972801,
-0.565609216949291,
-0.0366571182343079,
0.491963719151336,
0.717534055732789,
0.545158402453047,
-0.751179762647310,
-0.0109238102609048,
0.853320460860894,
0.371677250391164,
-0.326425162760780,
1.40513529218717,
0.106927038553766,
0.00447365936784227,
-0.250191693160559,
-1.23405390409993,
1.81219418265310,
0.819493026679342,
-0.184769524002085,
-0.600897772468115,
-0.543578149065259,
-0.0967301974853413,
-0.854396814239635,
1.57117234070269,
0.226983945262614,
-0.0501433130827659,
-0.904127033531782,
1.42464078072329,
-0.838466812370763,
0.139129779784759,
0.787939525391696,
0.449439915896014,
-0.0823937284788936,
0.392211291006134,
-0.147890190229327,
-0.840815804927651,
-0.689512345676060,
-2.44810720236438,
-0.0509381370898523,
-0.211568473528123,
0.0533958682396217,
0.310358667438949,
0.311676368412627,
-0.356343075602052,
0.874901741663452,
1.13853669105218,
-0.210611039896352,
-0.576548848872120,
-0.106655021541463,
0.144250590011917,
-0.350534906833431,
-0.824690376526662,
0.411556696803234,
-0.565813538347139,
0.237000314692505,
-0.357322051186757,
-0.315360579551127,
0.809710839226784,
1.00543995286135,
0.348549083219956,
1.26718644099572,
-0.0821676800729712,
0.475468562128501,
0.690674330596461,
0.388281542085226,
0.492581859943104,
-0.00267522160534176,
1.06782112272380,
1.57100586821699,
0.598571592937771,
0.543740145712216,
-1.20992574526883,
0.0227187550680524,
-0.337815428077656,
1.45127411423224,
-0.912565017166618,
-0.131630336803946,
0.306198654594202,
-0.541272337528883,
-0.952143132882600,
0.907761121116224,
0.888409908549674,
-0.861184637511291,
1.09385190344378,
0.246569533963055,
-0.717207545530657,
0.204447379716033,
-0.665284019433670,
0.202926060602944,
-0.0677906084172882,
-0.999805813023077,
1.32624083897581,
-0.264809948972497,
-0.190202726944178,
-0.717119216110886,
0.569002053655349,
-0.592893338826408,
0.541155645117437,
0.0965530794115361,
0.551856173234707,
1.04692712505179,
-0.338443147003780,
-1.19332207399820,
0.0744636524130235,
1.05515877558683,
0.390017645970754,
-0.951810275991722,
0.421751957458031,
0.130818138084832,
0.339479765280300,
-0.618250133128303,
0.632220878004878,
0.802481295533721,
0.298547012984417,
-0.00320091146595542,
-1.30749685359524,
-0.530586625514233,
1.04268885748489,
0.750212901231064,
-2.13520297645812,
1.10476469612360,
0.663576475482257,
0.639413593869434,
0.0599640781716719,
-1.10885052185177,
-1.10198729675567,
-0.0425473583831386,
-1.04385817123707,
0.00483918216781856,
0.771230178205452,
0.0541592448959389,
0.808052095243746,
0.348389315979096,
-1.21538086578504,
-0.271416004359691,
0.336672138755163,
-1.30037590414101,
1.61125213965826,
-0.995734899485164,
-0.645510148665832,
0.195808130398915,
0.251001900020331,
-0.575309605304102,
0.0871693405529288,
-0.370711898949568,
-0.336707211521851,
-0.399631625059269,
0.526888381448647,
0.0278211443582084,
0.663930958060849,
-0.502844842100525,
-1.61535314264112,
-1.07263062270724,
0.937772502161769,
-0.499802070491789,
-1.24331655099707,
-0.917060506110295,
0.261600711777386,
-0.0335852751574169,
-0.268948159965363,
0.375296876554107,
-0.577451777454502,
-0.476444649418819,
-0.0300212025543593,
0.833407790390108,
-0.893319562133596,
0.919507671564255,
-0.690701078109228,
1.07598543238986,
0.694985916246250,
0.717906514585658,
-0.00826359426755759,
-0.277771900271790,
-0.0948600938939013,
0.393889944293281,
1.66256359031762,
-0.609200932688257,
-0.416357415435894,
0.491832662331512,
0.436034690732739,
0.0400063635267235,
0.116299127231489,
0.355098104547512,
0.447151798794686,
-0.177152171224433,
0.583291478889549,
-0.569281041934376,
-0.0590213394824002,
-0.454138510662721,
1.99860145236812,
0.127041508191606,
-0.300133446242577,
0.508231257732255,
2.15047713089536,
-0.813542407131981,
-0.0588340341433767,
-0.180656310479777,
-0.223150746758302,
0.547778783491261,
-0.101130637699530,
-1.25253781768581,
0.567655815957576,
0.381590242552601,
-0.900321931006359,
-0.0437007696306064,
-0.338518343662031,
0.169935705791374,
-0.553775113324727,
-0.173786161648299,
-0.457833016267131,
-1.05561702095278,
-0.518607841249457,
-0.515509927125932,
-0.00324370037009021,
0.739980004316012,
-0.667842994076167,
-0.853606489585710,
-1.00663481823629,
-0.222502532501682,
0.159559604148319,
0.713517971819003,
-0.624471193532962,
0.870411955583301,
-0.0399097033559026,
1.16564066346739,
0.413433720118305,
0.271635304663933,
0.0636308605635686,
-0.339971495315655,
-0.592014603217761,
-0.861422984129788,
0.585364175100395,
1.40472157721369,
0.660413510649997,
0.0545012634726001,
1.56441462998042,
0.252885691722762,
0.597317334784855,
0.261861559638682,
1.47882118793190,
-0.862647114505187,
0.409670477827007,
1.10104719621454,
-0.124601591126900,
0.724507663017755,
-0.379672597681400,
-0.477802893669719,
0.317605420616889,
1.34197926389385,
0.414874164579785,
0.303509689303543,
-0.192251269779913,
-0.747356472111957,
0.318975356171038,
0.196957842087977,
-1.03126038562482,
-1.28453873967073,
0.335343683123550,
0.243262982391665,
0.956477346707921,
0.529588802505401,
-0.866563821750297,
0.995666876044952,
-0.238675105174095,
-0.0100208344498195,
-0.0914075608176321,
0.842129198311088,
0.310295749138501,
-0.291643925117098,
0.0969199065194748,
1.24820574912409,
0.344088494196696,
0.565341797698108,
-0.428153770678382,
-0.444718321589680,
0.113763659781966,
0.219048681780215,
-0.220886789504632,
0.384000465093211,
1.15703461805049,
-0.695628514199204,
0.562088191677702,
0.518012790279396,
-0.487693687934153,
0.494663868520106,
0.696687095501010,
-0.785442410450263,
-0.855955936753068,
0.103628499403602,
0.461831908364494,
-1.82813569119070,
1.76747519916314,
0.461478185278461,
-0.209467378098063,
0.787786312260643,
1.01566580639562,
0.181028407551790,
0.838810246794150,
-0.500188006793571,
0.346056613224242,
1.07587695748931,
0.167759956456547,
0.373350580630251,
-1.04029435963919,
0.0230585372766464,
-1.09823828690122,
-0.486613705692779,
-0.576886560633164,
-0.158332672555118,
-0.297153513413783,
-0.723386804321069,
-1.43249254088439,
-0.788104090151648,
-0.886665331757493,
-0.577723046245688,
-0.137139043956187,
-0.188993467436400,
-0.482200675146614,
-0.415679137908653,
0.879015098599807,
-0.128262331962207,
1.30292058156937,
-0.850804647449850,
0.451907761920761,
1.45858709509888,
-0.946305472066704,
-0.759850492394753,
0.892862612872973,
0.0539198133078229,
-0.212449696949793,
-1.44784049513046,
1.02544504207091,
0.0163822624990710,
-0.803402803496201,
-0.472952084501123,
0.282311086010596,
1.21018239707506,
-0.496432323275587,
-0.401816623895362,
-1.19002023034093,
-0.978603748208605,
-0.229098557017567,
1.07467097016079,
-0.715613774258402,
-0.838548200061557,
-0.860145715208817,
0.693525593447110,
0.0164663213357422,
0.763438853819002,
-0.275372181127851,
-0.590340746626678,
0.375701064399363,
-0.111923818559943,
0.113410054718233,
0.166284656625167,
-1.34182017873101,
1.67605144769485,
-0.769615282371478,
1.02314615444087,
0.198236187414076,
0.0452655062619384,
0.832383108230154,
-1.39692209467973,
-1.00775028485267,
0.846816607283587,
0.304425601893164,
-0.640168652826095,
-0.282285943511520,
0.0779776708139045,
-0.265953686948358,
-0.537828076131512,
-0.151432287042426,
0.895911612835981,
0.497830557906915,
-0.356831041151719,
2.04737019152732,
0.874387042932468,
0.757917542084959,
-1.08126277050404,
0.394894300907644,
-0.695034185567201,
-0.376866404225604,
0.112969218122728,
-0.418654742507926,
-0.621697897691570,
-0.636918885164682,
0.882451099330873,
0.0440913691052968,
-1.21421204454227,
0.200134677797146,
-0.255877046070000,
0.220429913261317,
0.907988769312041,
0.412459060621846,
-1.24493633463215,
-0.252204755445072,
-0.0786940712274674,
-0.231689672756750,
1.34417759007343,
0.108553772165372,
-1.00289371151168,
0.405093601535909,
-0.451756991691688,
1.38093485536442,
0.706303804519546,
-0.294232838991857,
0.776941435195840,
1.00099495448514,
1.02299236069260,
0.789805939610979,
1.22373935685233,
-0.219004720387708,
1.63128624995824,
-1.13885899142693,
-1.04395976328341,
0.852120003371196,
0.384920559367830,
-1.03901860972771,
-0.329810549854597,
-0.0127300330264433,
-0.663745472404529,
0.139184708474585,
0.246374535841505,
-0.160648898542913,
0.940958598102855,
-0.283842257666177,
-0.0651771174846759,
0.724489417063836,
-0.999165070933876,
-0.111034825054169,
-0.240642947170857,
-0.669877367857902,
-1.33872209574473,
-0.660102228009744,
0.273380778524798,
0.428595647372009,
-0.428792548245508,
0.823837456277668,
0.963636466721800,
-0.582860340438424,
0.596541446322962,
-0.808563183984239,
-1.27383251143096,
0.865303864121380,
0.207710523981944,
0.513171869113519,
-0.785090542742456,
0.400415381168103,
0.780816577965319,
-0.00196747577908344,
0.0913840226723845,
-0.447524068679196,
0.266001123839391,
0.363606978327939,
-0.0203421206419574,
0.339602455308896,
1.15754816495960,
0.390919443288044,
1.45182813528647,
1.09028199374935,
1.40490713019296,
0.227481099092280,
-0.913279917060830,
1.12429935120892,
-0.00975910691746806,
-1.05495042101419,
-0.569366491072560,
-0.856772789031286,
0.523367691022937,
1.61141732618884,
0.546415121359721,
0.0382125109187692,
0.0317927434211746,
0.937631015946824,
0.349781901046286,
1.63137313174318,
-0.590984166169189,
1.69049160652851,
-0.257639489700342,
0.878492450494899,
0.992035932423978,
0.259103233035455,
0.478990719108091,
-0.746005749309903,
0.986713314355565,
-0.334378658720137,
0.301610623019199,
0.833439021648546,
0.00774293166298246,
0.492157838803987,
0.942345247082958,
-0.142536919730970,
1.01372538382889,
-0.0198413233102524,
-0.935638347581358,
0.720932335142356,
-0.111214533524492,
0.0729628583501144,
1.05209536311224,
1.32368749974901,
-0.362174464919534,
-0.251349737296218,
-0.684528138226502,
-0.272779823837748,
0.111706926740061,
0.705044299601670,
-0.0633243758626406,
-0.258865797466731,
-0.405070045892240,
1.66818120381630,
0.286400501205386,
0.360748092300756,
-0.849411681154923,
0.220695154292930,
0.0320977603298578,
-0.917571461380826,
0.804793767277168,
0.836307545720977,
1.03269930333843,
-0.0773173491909505,
-0.0380877501903126,
0.666750664207049,
0.152496500618799,
0.567506060880147,
1.16186800766536,
1.57843396068487,
1.46100237545557,
0.357024593525810,
0.338505532352121,
-1.31486712832052,
-1.09662549336261,
0.334540375256818,
0.352512880424035,
0.168922542500812,
0.952528617152257,
-0.528836893413038,
0.277786443143498,
0.408219313827326,
-0.654822021999035,
-0.951281757830640,
-0.249558323459268,
0.735852669335832,
0.294464963049565,
0.335339704713484,
0.00103121018709792,
1.01502777263621,
0.720868545611431,
-0.461516510614554,
0.503537353699277,
1.28741270481360,
-0.316512704425737,
0.337544532235658,
0.882161370326374,
-0.275332532692868,
0.0994863052321242,
0.877595442730768,
1.18826277316481,
0.0410265646190735,
-1.05700453588832,
0.205020515715949,
1.79795134160965,
-4.13040552867234,
1.80111253793384,
3.65380232084537,
0.153824105016659,
-0.452288884334063,
1.12761454009371,
-1.05909069215944,
1.25517285831691,
0.615105248251107,
0.0107883077122249,
-0.395216514876929,
-0.220478657027196,
-0.634199770545012,
-0.455119296269812,
-0.548432074985100,
-0.0321590209808845,
-0.950509198326004,
0.531877927158232,
-0.619073584138407,
1.05671453582791,
-0.0480026311559991,
0.801157097438730,
-0.326473742962131,
0.124712741865814,
0.179813049434887,
1.15711238642750,
0.297485296414400,
0.0888805579453410,
0.736509685318305,
0.437477249107006,
0.0592373560695997,
-0.325526831741125,
-1.61136397589165,
0.150435768919294,
0.0450514638808528,
0.376896621522609,
-0.190880540779681,
-0.260024026688712,
0.638603350709885,
-0.320712794604353,
-0.507675915719083,
0.164767455984096,
0.357290240445806,
-1.18482573441854,
0.893946931728945,
-0.968058572176623,
1.42596767042711,
0.194481100583910,
0.664214941254550,
-0.0259308103688817,
-0.478300928731635,
-0.938502903520964,
-0.160071014420286,
-0.249355223345658,
-0.588933594581305,
-0.434722090345130,
-0.249754603400140,
-0.708310689605769,
-0.441594255317450,
-1.05239526077400,
1.20368074470450,
0.682644593061880,
0.173720393540074,
-0.883934023293306,
0.322573262657098,
-0.861555725080583,
-0.715842468438544,
0.765073683737463,
-0.610748793633409,
0.0951646562781387,
0.208646734354316,
0.746591186360559,
-0.696093132952624,
-0.177558879630846,
0.586686096383632,
0.0409388094886397,
0.522752946962507,
-0.244174886305458,
0.115191834808313,
0.521883040554047,
0.207245327135134,
-0.553753051480225,
0.179997891023313,
-0.408251131671048,
-0.814471990002361,
-0.177322212601953,
0.655968306239006,
1.19783242281014,
-0.691266947730658,
-1.02368262168211,
0.116918149876522,
0.125957616571285,
-0.390114484345056,
-0.483349350000297,
0.0874946447283656,
0.0487272105424661,
1.32573923724162,
1.14896260531784,
-1.24618023234768,
-0.198259137378551,
-0.779974302581823,
1.19187409957399,
1.15477164915031,
1.48566812587468,
0.188300782677472,
-0.151197427284532,
-0.0164234889908930,
-0.395139614786520,
-0.374853037200528,
-0.718686209454704,
0.942785053038786,
0.564654301441494,
0.893634588313211,
-0.788826324988800,
-0.508137572390568,
0.496895237155483,
-0.554614939008335,
-0.664040489406800,
-0.515240880556314,
0.151332101389226,
0.995786641197431,
-0.00449229583212828,
1.07523749289999,
0.0118399108929785,
0.267278428180617,
0.618487721164790,
0.0575955265844679,
0.759685598170084,
-0.461802515130246,
-0.432732798964837,
-0.985726038114268,
0.218963411913396,
0.484591006321707,
0.340525240016821,
-0.801843357890334,
0.385243643634257,
-0.331231155986868,
-0.201357540015191,
-1.23102286511785,
-0.298558732464240,
-0.973483447501363,
-0.664147602712970,
-0.231017655000556,
0.135414172448663,
0.196722897898140,
0.186262943979999,
0.550736193461956,
-0.189909809665346,
-0.369189492227180,
0.407372173798087,
-0.869461457419859,
0.266772442150562,
0.871584192723486,
0.00416017661652231,
-0.168521234088134,
1.04605397002154,
0.976670110094376,
-0.147779064090968,
0.241028958981182,
-1.64022272782066,
-0.193600983410052,
0.612354901288473,
0.784409355187293,
-0.990109201224169,
-0.313804632553717,
-0.536576901148370,
-1.01756314407664,
-1.07174240973650,
0.330990583312451,
0.459048879853699,
-0.732594266036359,
0.0901342297753261,
1.02923787864428,
-0.764669382700754,
-0.439449013915625,
0.362487392667471,
0.364611979003554,
1.01178909498453,
-1.05095578378812,
0.742388038349934,
0.435989703946912,
-0.964792805603637,
-0.0219073168870313,
0.103877278483108,
0.610712095938693,
-1.04599496876018,
0.208843666377563,
-1.40215232963339,
0.518498352357270,
-0.00165274308777430,
-1.30231797362744,
0.0785005290187249,
-0.367859615382631,
1.03797638439863,
0.845843989267048,
0.277967984220758,
0.0695240833988494,
-0.489379439718678,
-0.295758528892966,
-0.654299745813198,
1.22282399339409,
-0.993880841902409,
-0.602999338386758,
-0.215352967685195,
0.0154063608420300,
0.466456840468939,
-0.770782604781292,
0.991075418775629,
-1.32059398119198,
1.02342217341248,
1.31914678644870,
0.0811485812276960,
0.0587817934712818,
0.685527202551447,
0.246135221262390,
0.175481251593065,
1.16398647958501,
-0.167922828344576,
-0.206838718561449,
0.537874921380651,
0.602879371882619,
1.51824324746267,
0.316964413749832,
-0.294364185682729,
0.543711144509292,
-0.0415428510746410,
-0.342668039505059,
0.634674673339591,
-0.255282793175581,
-0.0943096184546306,
-0.523688643488162,
-0.178937261833556,
0.383598366253456,
-0.230278300102618,
-0.667760290765675,
0.613623728180935,
0.807120085224006,
0.723779293865231,
-0.440788646224792,
0.643142235295352,
-0.205509353063775,
0.301887341181117,
0.751090400515830,
-0.784015576399620,
1.03956344282970,
0.369950559710760,
-0.231718879252369,
-0.506436355780320,
-0.776198915144979,
-0.726075798426133,
0.699674155870582,
-1.60327995943670,
-0.283961584650490,
-0.00882576281328406,
-0.455625923075935,
0.526720349495530,
0.0178179690705974,
-0.449809702899573,
0.465998345729285,
0.586111033807098,
-0.211478475514362,
-0.393843621668561,
-0.818870705860778,
-0.966241205997937,
-0.404256710603976,
-0.554528731099677,
-0.273420554250650,
-0.852420010963787,
0.677544031460004,
0.298651139291740,
0.505337751248995,
0.292282540676541,
-0.129328072015671,
-0.510258958656386,
-0.667857824357929,
-0.859168677827567,
1.51822608706160,
0.473713830443118,
-1.58370472659635,
0.851289177993618,
-0.217848482787437,
0.823001158574928,
0.0749161345302562,
0.197186369256842,
-0.645422906320615,
1.15030606109636,
0.199914890962261,
-0.865476574740017,
0.590423608366975,
-0.881112521829435,
-0.381515540672511,
-1.10063009198555,
0.235968281209789,
0.0417935931423275,
-0.438485911426704,
0.251192578908752,
-0.119091945264481,
-0.494312847472614,
0.397560909899643,
0.662111573731982,
0.451383022999440,
-0.647139526606196,
0.0999882493822977,
-0.186057930741451,
0.858136293055388,
0.810117884752235,
-0.224323941784665,
0.148439670062266,
-1.41188383694849,
-0.600600113538563,
0.282632270921236,
0.140929135791416,
0.676786004191886,
-0.270513553674197,
-0.111102044797778,
0.135532343689358,
-0.215169425984512,
-0.0279804342407618,
1.57263075396183,
-0.107506783612474,
0.174052420892294,
0.555624975575700,
0.271069855955924,
-0.290779998369425,
0.233118019614196,
-0.140110625726726,
0.451177032543825,
-0.486340879965697,
1.01213635820257,
0.440464606818925,
-1.09078214148136,
-0.791971371314901,
0.346578190814236,
0.250336674138295,
-2.09859469363039,
-1.30020692105052,
0.420836801373285,
1.16217195378424,
-1.55127288893331,
-0.613672414555840,
0.00270050455506704,
-0.818091053572893,
0.501085396774599,
-0.427055969071323,
-0.925564732739110,
-0.160481143792303,
-0.613029156400416,
-0.909350333561636,
-0.640219264855989,
0.466903699936078,
-0.419165964375434,
-0.472393910788439,
-0.0255469792105794,
-0.491984453601805,
-0.0810479933142056,
0.0243489058693194,
0.0429943593762354,
-0.691768896138416,
-0.279496884551574,
-0.00145863703342409,
-0.669391567693652,
-1.16010403673176,
-1.02468258388326,
0.341255807682937,
-1.31515790458038,
-1.12092993669604,
-1.62031148404645,
-0.391502197310256,
-0.474848869056473,
0.239709628609664,
-0.943474362761896,
0.410618241431599,
0.869641866811297,
-0.406564161071955,
1.86710663562942,
0.171082388332077,
1.15086961384382,
0.983459871479018,
0.329789825697769,
0.396944980011241,
1.42299105367323,
-0.100371723611149,
-0.0725392300474939,
0.0858224120510584,
0.749525490363529,
0.0380391831854411,
-0.319472270799133,
-0.0327882256338049,
0.465758412859322,
0.382706941238233,
0.346226289488716,
0.675099522455294,
0.0184729394713200,
0.847014993089076,
0.120149788972690,
-0.118683362861256,
1.12699749156719,
0.625232988781342,
-0.691879695548999,
-0.857669820328762,
-0.0389087037126611,
0.156432745105521,
-0.915637635275369,
-0.0516865781670441,
-0.635114671647140,
-0.350182780886707,
0.887872984148881,
-0.711033096503581,
0.608916277563666,
0.108586514649714,
0.419756642033490,
0.113114163758910,
0.210207292209033,
0.0730804413510455,
0.450837306483308,
-0.0839785134090823,
0.322772042244777,
0.359736382946309,
1.51680848396679,
0.0940321147865039,
-1.01916697597505,
0.351685020838129,
0.242504939683339,
0.989424116135605,
0.650929977427478,
0.298199340826124,
0.603192475998604,
0.107186004297074,
-0.992035671879452,
-1.01108596877294,
1.04362072229966,
-0.796965483435591,
0.722894458090224,
0.0614316883219753,
-0.496908091005654,
-0.376906823765442,
0.763269332195414,
0.430538651650069,
1.01052950150629,
0.687808602350552,
-0.502658809921177,
-0.991915500149112,
0.442837068864770,
-0.317871945114209,
0.409702993866284,
-0.151990798983476,
-1.11344164262715,
0.0840365475144810,
-0.313593337785584,
0.392652262600150,
-0.994488471206437,
-0.782291534554871,
0.839457152625765,
0.945713764643312,
0.395742745874944,
-0.0934758564483351,
-0.316536256484007,
0.644677035964667,
0.165761956272289,
-0.00840442499705297,
-0.0116582115149036,
-0.891885086206334,
0.518468613157073,
-0.871393668406463,
-1.12750340624505,
0.0650406639025677,
0.769515929766327,
-0.478343099052900,
0.440803911322673,
0.613762151838685,
0.376654664456690,
1.35772427582236,
0.447124420794063,
0.348385649600586,
-0.214098578818691,
0.961434196758616,
0.592767173790566,
-0.274771090697621,
-0.609025940522130,
0.280952847374012,
0.520958595611500,
-0.279412871883230,
-0.290345270359379,
-0.985274008050674,
-0.266153007062440,
0.789946876461400,
0.634828561435510,
-0.681271624457778,
0.747882699806202,
0.753119014400778,
-0.176454233647445,
-2.22259622291535,
1.29852800932583,
-1.22586800233105,
-0.0595105947102665,
-0.350096579121260,
-0.0908699279610924,
0.139471353510051,
0.605334384422023,
-0.00903750311834638,
0.344814445900874,
-1.13654348530620,
0.236648245108029,
-0.320319055741469,
0.246330044208151,
1.06051745283860,
1.09069521408773,
0.736164763181458,
-0.201412959681410,
-0.298825944880734,
-0.456289251451950,
1.09581738169847,
-0.241517527812432,
-1.01376508896862,
2.19208820774509,
-0.103640230506079,
0.316228434203100,
0.982689599319549,
0.801757492987943,
0.121093240191432,
0.840267590664800,
-0.105926098168940,
0.603766898229273,
-0.635622091073933,
-0.210958279718938,
0.171039227756166,
0.586523285076452,
1.60834399226560,
-1.07494744384956,
-0.977824787431857,
-0.405909283805888,
0.601054181905651,
-0.517907141631060,
0.994799111785582,
0.134486049418891,
-1.25829279748754,
1.54764631184151,
0.877687722135451,
0.265575758810439,
0.383530093385389,
0.0976011693035892,
-0.271036365013203,
0.0855334341380912,
-1.85875068932854,
-0.138993532402919,
-0.170504675071538,
-0.708974362050233,
0.554561419740264,
0.0339737212494166,
-0.318753832302918,
0.694769097041077,
0.340088726793561,
-0.282911451555972,
-0.636733022352065,
-0.230637957850384,
-1.33804520681913,
-0.143617447525963,
-0.795446652257655,
-0.604765076577326,
-0.446716529509262,
0.536962930109694,
0.512410084762785,
0.166786923150160,
0.522044410041634,
-0.735044341166387,
-0.951816814546098,
1.70537437941367,
-0.219994927675054,
0.271078854079389,
-0.383635683248629,
-1.43173889258292,
-0.257443074433609,
-0.0679404093730021,
0.404507232947551,
0.350018131643094,
0.00180733494432233,
-0.500920270205112,
-0.631788618656297,
0.168142587511141,
0.855628878669100,
0.583143223660604,
-1.51604330337010,
-0.859671199798889,
-0.750254811726602,
0.0707035574584353,
-0.898942526410458,
0.149947297342647,
-0.0844383810682106,
0.866730264237069,
0.395005213645677,
-0.568381038977502,
-0.489914015947546,
0.169867756430766,
0.00267272049828420,
0.0490569493081565,
0.356370429815712,
0.783591909291146,
-0.984598552792594,
-0.872405334779820,
-0.997955282582381,
-0.771197756299100,
0.558594631547506,
-0.0133545671110802,
-0.0373628245030295,
0.416466190860201,
-0.410866881556531,
0.611447159164010,
0.309338822465898,
1.28354376433889,
-0.935471275964153,
0.782187765990469,
0.575307496383036,
0.953829452040459,
0.545127229717594,
-1.00598481059591,
-1.40044751448858,
1.44563258343758,
0.494203100320284,
-0.213901782301534,
0.602864886042845,
0.756540054760299,
-0.0138356082973221,
-0.392195063502884,
0.0868238505930114,
-0.126658182438059,
0.699721262130369,
0.371045355743409,
-0.338795225714070,
0.732663181252691,
-0.682491626301425,
0.201577128219884,
-1.30068911114373,
0.565696044989810,
-0.0590247660628818,
-0.723156490626824,
-0.636242374869560,
0.416249215034495,
-0.638628764221634,
0.0124840245522197,
-0.0122391007866802,
-0.189344322612467,
1.10272959473259,
-0.730548601312327,
0.162637474706986,
0.0344720410629898,
0.199028692475304,
-0.505310929539031,
0.517138978320921,
-0.635090076944961,
-0.499896291221956,
0.794673833183154,
0.0500338506558431,
-0.759571657374931,
0.265008430119151,
-0.757336406640651,
1.20298853342509,
-0.270946216757603,
1.02739228123022,
0.350068253392921,
0.287821621801820,
0.192938107838393,
1.64387985236330,
0.405646464181644,
0.0708939313523307,
0.290447460714738,
1.04453693272875,
-0.0941270625119253,
1.80977151106660,
0.481819618586037,
0.618973952128190,
-0.603241614993522,
-0.338409776656910,
-0.788635456898091,
-0.197020400249690,
0.195403607633845,
0.284400031762955,
1.56905553058034,
1.58333446860703,
0.0291321674540114,
-1.42984951953776,
0.411911166569252,
-0.809349313165049,
-0.549706026713259,
-0.278923843755008,
-0.872004333294587,
-0.514523586880713,
0.742265713069163,
0.381571877137527,
-0.0536080965189501,
0.290025310534927,
0.0860408975218835,
1.00906276867604,
-0.874689613863709,
-0.191651529644296,
0.439311378916859,
0.909098751924923,
0.155160239889107,
0.494766543542692,
-0.892306060603517,
1.77084404600528,
-0.758229960373024,
-0.653518231166836,
0.858320465061186,
-1.73953920780627,
-0.194116546737798,
0.398380213471258,
0.883281186266594,
-0.684984084165299,
0.521635667760870,
0.119879667367490,
0.659549181701771,
0.591940233215266,
-1.73018821220384,
0.255174231550963,
0.185823313941199,
0.533869661522447,
-0.962496965934024,
-0.487700090260244,
-1.02345062359618,
0.301390177058251,
-0.780674744333636,
0.357643794630635,
1.28800022348871,
-1.30459403875712,
-1.15434885509186,
-0.282763240771997,
0.970063710060932,
0.149984216352872,
0.659990511861505,
-0.297140483203553,
-0.588442213368573,
-0.137125858636190,
-0.907358649348720,
-0.167216457214257,
0.00705698302802488,
0.358508472170504,
0.00244338712836300,
0.858897111051902,
-1.18105521970516,
0.209203994429760,
-1.10346151410563,
0.767270291908700,
0.605461204238105,
0.348945188461558,
-1.09760520741442,
-0.142565456923582,
0.447113853108416,
-0.417244694576653,
0.632383725246111,
0.894248308510492,
0.469669290848765,
-0.132148987585798,
-0.328534764837927,
0.140472709090818,
1.08497154484357,
0.116882977385938,
0.0176699208514945,
-1.08357965313686,
0.772183797657953,
0.578367761603452,
0.385768825174264,
-0.814027287835286,
-0.128221364426832,
-0.610868797532179,
0.375887781197914,
0.168857492517611,
-0.179749588515790,
-0.132681782496516,
-0.183803294726291,
-0.446866400065617,
-0.892459223618878,
0.116709380470656,
-0.557585805611165,
0.724623002622526,
-0.107458775867445,
-0.153453166042611,
-0.626230023603225,
-1.16533470485292,
-0.0811262879707474,
0.446435208039123,
0.114230246847349,
-0.475328894147468,
0.0265974435236867,
0.685001762578821,
0.681854253898140,
-0.822268678247067,
-0.327020285611944,
0.173549374307026,
0.0555110821613842,
-0.317228472211296,
-0.959798402087645,
-0.0437665819521919,
-0.436682948131622,
-0.564485113003615,
-0.221387087353684,
0.254757582224707,
-0.607452675465015,
-0.0417010929844114,
0.536308064770599,
-0.443272675658966,
0.366021280640701,
-0.262818909581915,
0.925724328891094,
1.32073358900096,
0.452989373372772,
0.900023153327383,
-0.979291986190951,
2.77293902902291,
0.301754513976478,
0.00715942683595634,
-0.0309946272247921,
-0.585584941286978,
-0.257907810668720,
0.0600796212576721,
0.699259782730526,
-0.540340168154246,
0.156656603968627,
-0.124368343837970,
-0.669818147506616,
0.627283141208621,
-1.01472501535055,
-2.07054526513434,
-0.275380022504508,
0.0883143932224309,
-0.638548188702484,
-0.582804679182636,
1.72204752972853,
-1.19925925746603,
-0.565252547104645,
-0.139468965561532,
0.216884838094088,
-0.940392798697970,
1.08427992090421,
0.151226595340968,
0.159736735741195,
1.39313266828502,
0.185236988809543,
-0.907633254723584,
0.416711984563509,
0.196442590494766,
0.369359585432102,
-0.0114389977664846,
0.730428734473218,
0.753772839675726,
-0.446732151584180,
0.183896595431773,
-1.16769215097473,
-1.49995859428360,
0.368763056348619,
0.717554056450103,
0.0770760540913152,
-0.486959393196691,
0.357772097951269,
0.0775249938762350,
0.840828473687627,
-0.509771910590773,
0.562184660099807,
-0.875969765608511,
-0.0519467421901283,
-0.274332622969549,
0.268942115842782,
0.834193041323662,
-0.303241842419954,
-0.246137534260120,
-0.484821601171147,
0.434504241364228,
0.0113223252406692,
-0.656098959310090,
0.383180030057477,
-0.515322646354646,
-0.868634580347444,
0.0747593797472517,
-0.607931887601230,
-1.02962546565696,
-0.0450454625467094,
-0.123123785005657,
0.293371075456624,
-0.142290757429359,
0.256169416920781,
0.544584885677597,
0.352383550825966,
-0.554296600523911,
0.361778024927883,
-1.78956969511378,
0.0928940369983750,
1.54484239103670,
-0.0312795559805832,
0.748683277008637,
-0.161099798449695,
-0.359276517256622,
-0.140456532360470,
0.259361333952976,
0.271777381688228,
-0.0361222902724228,
1.11996060200725,
0.342224336722270,
1.20439153684324,
0.951284484312834,
0.441817879945369,
0.968203190953830,
0.538086701868206,
-0.0480285639267232,
-0.507575069300447,
0.848741290574876,
0.817488683148670,
0.165748617876044,
0.341543184592559,
1.04402192578977,
0.652149490872650,
-0.334851227198978,
-0.569964989610766,
0.275089258179799,
-1.13484890633390,
0.235057530486151,
0.563707492247559,
0.182120036433640,
0.129223623460956,
-0.00445499579895935,
1.22448122703258,
0.0794370162150343,
1.43901686619170,
0.361224264876501,
0.356784578352989,
0.587251003400885,
0.159600251362699,
-0.833396628944988,
1.69290200671324,
-0.220056313435019,
0.156596528169364,
-0.300019749547052,
-0.309808081478327,
-0.862660903559585,
1.30349506889824,
0.900837811556958,
-0.364766891326684,
-1.32520541503844,
-0.462813824495735,
0.0633380377751654,
0.487486907032879,
0.303125684711951,
-0.835090192048939,
0.0425435049539731,
-0.645660903214518,
0.0514934580951954,
-0.245078026416105,
-0.0991248284254060,
-0.976048105537008,
0.0972030216109050,
0.824958230473862,
0.547302497608181,
0.0553127923484440,
-0.0360584947439569,
-0.989660256365768,
-0.460510630737341,
-0.258187186067503,
0.211002148519498,
0.756971088291174,
0.272017547120659,
1.35841037372167,
-0.498637534927543,
-1.27824322115039,
0.855587231241803,
-0.501358132206407,
-0.189928540523495,
-0.753523021283637,
-0.445683084247988,
-0.173410442315866,
-0.412483253937181,
0.186860039931488,
0.185898213725253,
0.744745460668071,
0.635808930708214,
-0.686780020972365,
0.918389000105945,
-0.0510315442822925,
-1.31723092729438,
0.775162518679701,
-1.57775329812156,
1.25245970180470,
0.0477681679579097,
0.528860169590339,
0.506465763737527,
-0.270557290207745,
1.05500031163135,
0.577084877094842,
-0.154403022985779,
0.234142068349292,
-1.43841030650811,
0.114172220238487,
-0.789669903177591,
0.502486183093756,
-0.888067484864019,
0.519844372875347,
-0.928325125465209,
0.989294383204381,
0.535794142633701,
1.27698342617571,
0.403661665862629,
0.192446502468466,
-1.14599156621223,
0.480995035684719,
-0.292386445345225,
0.829847428384137,
-0.899068244402394,
-0.164735663593244,
-0.710843299432827,
-0.0576738107236032,
0.802357889586302,
0.911036241269558,
-0.189363148597310,
0.603561009383130,
-0.661155500616440,
0.371948971694051,
-0.812172240147409,
0.176300984699640,
-0.308122513596568,
0.619721347362951,
0.692572595364891,
0.552852646015094,
0.422028568037362,
0.395865188484216,
-0.872352495330956,
-0.148753510073869,
-0.122501634400090,
6.69385053060747,
-5.84167726215745,
5.41096473796772,
-0.771896633237981,
-0.0346878927217819,
0.198074590700573,
0.401371136335564,
0.627687457643520,
0.548642063783370,
0.0918686366994674,
-0.273352669870658,
0.201164102640138,
0.0243903393177477,
0.0726551280408865,
0.777433205517528,
-0.817942579449150,
0.535848218834050,
0.817419640513480,
-0.0348915092770237,
-0.285161675156712,
-1.13629251045746,
-0.716936558696653,
-0.555159925271181,
-0.782888188083001,
-1.08619086690870,
0.325083081175807,
0.599012759818993,
0.753132520499101,
0.168440545221009,
-0.244886130062278,
-1.67096606275298,
-0.0129542990269842,
0.0561451616485701,
0.411097706282557,
-0.634359328243466,
0.460490199771622,
0.934276771162735,
-0.211055415307280,
0.225066973927570,
0.247170590877490,
-0.270620709083270,
0.728422630682931,
-0.0345498506923229,
0.425909932021490,
-0.483362648139425,
-0.400013026345937,
0.339011644075127,
-0.391793368563154,
-1.13300966051825,
-0.0977359123836816,
1.18293912557270,
0.385632559602501,
0.810872694741725,
-0.0605644122785391,
0.358486767725259,
-0.250878428628764,
-0.824813156156648,
-0.268005542755971,
0.172871429450023,
0.682506942713537,
-0.0512128442355907,
1.05476200260848,
-0.324655199102356,
-0.354786053475266,
0.920977826493848,
-0.616641386334074,
-0.753293239949112,
-0.430527205193194,
-0.964404107541733,
-0.170310200192469,
-0.430298165742004,
0.691343210133878,
-0.109763044725664,
-1.09386797824767,
-0.371631333309211,
0.278055165188975,
-0.213186977294145,
0.0346465179605664,
-0.520705311631836,
0.379818854175342,
-1.76876554779369,
-1.64986719056961,
0.550184658905601,
-0.218931279976281,
0.317186414471717,
-0.0730670945966933,
-0.326540870283111,
-0.232270778418139,
-0.0901428775360577,
-1.09721520310180,
0.522953770661376,
-1.58663748913353,
0.0155551290188759,
-1.18198004585197,
-1.24276218114226,
-0.324517361216626,
-0.287329786734075,
0.402712905463340,
-0.464278963384391,
0.445719433028298,
-0.153492072811460,
-1.53658133442925,
0.0517505338381711,
0.355713734778613,
0.785138067869544,
0.0577342348147090,
-0.0378797399590600,
0.910343624515039,
0.264464682687605,
0.920190300467405,
0.196356876191502,
-1.10253795795818,
1.38725806871428,
1.18556389081635,
1.17748442655248,
-0.652152958807274,
1.89666901525132,
-0.454860811826210,
0.166521897613692,
0.0133032403878082,
0.530350116864519,
-0.587329844319666,
-0.133783732740581,
0.382157555065007,
-0.678710990982751,
0.951823541492667,
-0.00873955694315506,
-1.74693273228515,
-0.504038566026187,
0.445811987750873,
0.986837303266921,
-0.838364026016655,
0.380289072575126,
-0.449233998295207,
-1.87127355576963,
0.555169933912937,
0.0873944958506609,
-0.939240400845318,
0.201629120301734,
-0.266813229401620,
-0.788273428871025,
0.467856550830869,
-0.0610261211080150,
0.760666892680356,
-0.523230040115030,
-0.888795662521274,
0.864211810467448,
0.685386861884820,
0.266914639527852,
0.573788133600056,
-0.263797641283481,
0.422232182791736,
-0.827688853916329,
0.363089326740605,
-0.208825855829861,
-0.307684239657816,
-0.816505898348932,
0.418206714965108,
-0.395504119373675,
1.86709669598548,
-0.172827972178440,
-1.24541043363078,
-0.360073714480851,
0.923668242065508,
0.498440917804645,
0.268051232886248,
-0.831893003602823,
-1.05970856537489,
1.01113272122274,
0.161888447149364,
1.15861341267243,
0.646800033140183,
1.14963046960144,
0.610952959354379,
-0.954430698174068,
0.964121259767735,
0.150218387486935,
-0.271942515906338,
-0.346950359725652,
0.405636515440374,
-0.565133812752230,
1.04017814083171,
-0.294480184100599,
0.936153160251028,
1.13626712257722,
0.842768924413728,
1.64240624475762,
1.33392357526935,
0.383678600854372,
0.149014909178686,
0.576563088094928,
-0.188908477196990,
-0.818050724934161,
-0.437214583014379,
-0.0484841146555811,
0.667368733016208,
-0.0590420270214068,
0.234167867565498,
-0.764793769410524,
-0.555943990396373,
-0.769637696939654,
-0.333898515153111,
-0.402854522959988,
-0.811780895573395,
-1.37192275970973,
0.324658525544320,
0.547849453901774,
-0.585440301138139,
1.06692611404238,
0.0562782195441538,
-0.451528891139294,
-0.0632367703504221,
0.523821935699703,
0.400507105802960,
-0.497850406609540,
0.259348383609174,
0.864993291737012,
-0.430171477932964,
0.450125493153765,
-0.367403938331216,
0.0950115377024374,
0.0760459890331581,
0.107675897908760,
0.0831578326986032,
-0.645567992485387,
-1.04584103043240,
0.397988616050720,
0.589852794569145,
-0.512265399932892,
0.173986811748802,
0.169185065508482,
-1.74122990490026,
0.151998600952481,
-1.82309187935347,
-0.601960893991161,
-1.08839404477442,
-0.122414785642375,
0.00185939560938453,
0.170713189630279,
0.187093012653680,
-0.488652745357566,
-0.972023064675241,
-1.12926057633631,
-1.49488981370599,
-0.00699577336729702,
-0.333111261261934,
0.719171910396220,
0.823496273320413,
0.0497985330148153,
0.678303057748440,
-0.194907485960349,
-0.526461119126095,
-0.639889059538756,
-0.375078147345847,
0.318084126928444,
0.152705636608398,
-0.552825738422746,
0.338804690884025,
-0.607039240156756,
0.411409380304441,
0.316215470650753,
1.59393972905890,
-0.362315951806372,
-0.938527280873764,
1.19688201157797,
-0.241245285657956,
0.243426231911324,
0.0528275873374579,
-0.0100931071756593,
-0.715680950895645,
1.28627055599043,
-0.535793240813052,
0.229797888521108,
-0.438931537861202,
0.980626570510743,
-0.317168434143747,
-0.941886592757483,
0.237756148147174,
0.247421459879230,
-0.606113555256330,
-0.0557059896507709,
0.163026773481741,
0.0608188942239882,
-0.0247500760855747,
0.813048856255132,
-0.0769184687339613,
-0.313225999036546,
-0.191674523833878,
-1.27356489372769,
0.722771126332428,
-0.164995563610930,
-0.242135801940145,
0.119679803313562,
0.748229492665217,
1.13536195591673,
0.557152762046798,
0.101690563354681,
1.05839002310984,
0.897993378362295,
0.470700360601265,
0.0256198957267769,
-0.0368065077198567,
-0.268816530497250,
0.180771856616135,
0.634710469881300,
-0.546387924645549,
-0.539755273787500,
-1.10328331159377,
0.120616794562428,
-0.899920934936222,
1.46600489214648,
1.34499727729517,
-0.205029174742926,
-0.477613363586670,
-0.0645743894968394,
1.41932232161192,
-0.477645750424318,
0.00733917258844372,
-0.699516254746901,
-0.670472675082727,
1.11718152084185,
-0.0293360879872024,
0.293772726808045,
1.84645236698519,
-0.402264579192501,
-0.308960379805805,
0.580851777448222,
-0.424368916595891,
0.0558873600095226,
1.05532218830987,
-0.309149037200032,
-0.324228766724407,
-0.349117466417829,
2.16510137354811,
0.227470737021633,
0.173122116332559,
0.670347724811902,
0.831778887528883,
-0.220751040001741,
-0.909861555251478,
1.26345508397408,
-0.667546436217854,
-0.699688236106175,
1.05806538717994,
0.445132673806224,
-0.0397559518528761,
0.908693425622203,
-0.361978049137182,
0.635192998472139,
1.21154332950255,
1.05928401665153,
0.427232581016801,
0.944814115016461,
-0.427637104421742,
0.911337226415837,
0.710400945592665,
-0.222107196769281,
-0.0218153861083025,
1.12278099755448,
0.401327261885611,
0.648206076427162,
0.961729015376457,
0.575741804356159,
-0.667344947007456,
0.118541098418318,
0.143914789632657,
-0.193622745002604,
0.426338077269135,
-0.500911591502532,
0.241376717941545,
-0.140958820495529,
0.0118928439228149,
0.570306539844460,
-0.435846181700885,
-0.159415330661905,
0.465683269654613,
-0.385603004328223,
-0.121470595525641,
-0.0249056150569849,
-0.143818120415214,
1.08977122155292,
0.759755403462258,
-0.876319188486790,
-0.387375569994489,
-1.35221376824047,
0.395313512724459,
1.19674802997347,
0.255342864928690,
1.06649982507438,
-0.410666587628836,
0.455382570908478,
-0.729846451391183,
0.424490976160545,
-0.0855869980885056,
0.0736250650849194,
-0.0295778647797136,
0.0919070516816507,
-1.11613824584988,
1.17876159475872,
0.0276325998415696,
-0.282926051327135,
0.143356436280898,
-0.117472083575675,
0.182301254103211,
-0.652080467987269,
1.47263088383871,
-0.420380548587476,
-0.169569419311458,
-0.0687006863959213,
-0.235989333329053,
0.556668445804713,
-0.672736587042662,
0.146358709485648,
0.306757222788970,
-0.553682749088484,
-0.0350511722534915,
-0.172775971822919,
0.403292418608620,
0.799365491846197,
-0.0490481325252878,
-1.36269636054954,
1.52706128469075,
-0.560685468726150,
-0.00813417717330575,
-0.297240350160228,
-0.454052649612763,
0.187800806441202,
-0.312554315593566,
-0.473592046811875,
-0.427765248629319,
0.0153542191868504,
-0.180763080052478,
-0.516301899359507,
-0.924520938663112,
0.901572049757149,
0.447517213967203,
-0.167511794247983,
-0.581057161425133,
0.727087180839174,
0.321831365259888,
-0.0583632280591613,
-0.323805891047981,
-0.910691492237162,
-0.461272211734406,
0.215775632677326,
0.460372206137884,
-0.968551804554483,
-0.282647645553235,
0.416397373165043,
1.43429126835125,
-0.222545114883987,
0.106286192462953,
0.164696482748814,
0.477386011969453,
1.17768067892814,
0.419715872830345,
-0.276970095514451,
-0.0911524068226501,
-1.25794994430717,
0.277731340250472,
0.142906466202247,
-0.411242765092806,
-0.967279493260873,
-1.92527601882446,
-0.893869314464075,
-0.117311782594342,
-0.741132222478495,
-0.368925504206881,
-0.455661181211871,
-0.0875778021559912,
0.220388176530600,
-0.700610824592720,
0.0219097499909926,
-0.563137763544938,
-1.03602179109417,
0.228056585515482,
-0.384881709622255,
-1.06728484314610,
1.03058300566292,
0.0818480356876265,
0.971796466900896,
-1.13137481626772,
0.543800612319813,
-0.393213509082477,
1.07411950890953,
-1.85392483584387,
-0.270453273580359,
0.738079819955647,
0.120379496937845,
-0.191082975278368,
-0.166735150061586,
-0.0320155981861693,
1.04647205346084,
0.665248345803348,
0.567109747925653,
0.283133953356751,
-0.135585293310529,
-0.535228860328798,
-0.0893233719134457,
0.248007221384035,
-0.149212285127606,
-0.0692664593753775,
0.960220007345021,
0.659040923720568,
0.186041566124570,
-1.43102163357740,
-0.0572472194627168,
0.135068419154629,
0.657755640446974,
-0.352628220517647,
0.349365425312512,
-0.308743742158395,
0.473146971889891,
0.454375457939480,
0.737631797223205,
1.22900227652057,
0.988577320942919,
-0.661774214202085,
-0.789806589844976,
-0.391723424635040,
0.433682255166878,
0.617241961714335,
1.03498830172927,
1.32152652590871,
0.608478806894275,
0.915348006389177,
0.788396551318952,
-1.40863635358095,
-0.160545069482181,
-0.581070703340829,
0.425801641625532,
0.502006370190446,
0.0814495510042086,
-0.0864300724062359,
0.136408654495331,
-0.207126005027446,
-0.140072843819223,
-0.855527245052126,
-0.643824075693430,
1.64692879042276,
1.23996520960081,
-0.514766751670811,
-0.0434241855215781,
0.736071271999439,
-0.643970943136335,
0.768576434246122,
0.213131165753139,
-1.05647316374914,
0.828133785266560,
-0.450405974138833,
-0.607747215848061,
-0.530367815340888,
-0.562378894892983,
-0.229489107743600,
0.653335603086514,
-0.691490322735481,
-0.423190876217598,
0.515576201592488,
0.256218522495610,
0.388580872439691,
0.0568756152304292,
0.570611369168876,
0.0964226232524641,
0.186203016427600,
0.746629542216305,
0.296656731836731,
-1.39799448201672,
-0.558134041867522,
-0.265897810802720,
-0.469184963626865,
-0.0854200935283559,
-0.465011988474699,
-1.00876063992469,
0.306526810643503,
0.0654813301962571,
-1.19351356852664,
-0.0354960176885917,
0.126369799743241,
-0.685649654047304,
0.115796617293448,
-0.280081725303026,
0.567417112710011,
0.679278799387238,
0.696146522789691,
-0.526595072595709,
-0.247065225764503,
0.607655739367190,
0.494955927523061,
0.172080112481596,
0.500473223687530,
0.748124620801981,
0.759559979061746,
0.482928406378850,
-0.293907386376263,
-0.259974183545953,
-0.675701861087076,
0.773158956660445,
0.952170973603989,
0.915544247317076,
-0.198252832373196,
0.479231092434628,
0.336002193081498,
-0.578763078610585,
1.47013550986761,
-0.725991656297236,
-0.357477416604023,
-0.923605934429050,
0.705177210725137,
-0.621386709358736,
-1.30746405775394,
0.0773758585703606,
1.52343309240616,
-0.168435104807520,
-0.589560163356006,
0.242902500605059,
-1.28282692798787,
1.95124145816617,
1.29227036656798,
-0.106331685520536,
0.518103356942290,
-0.805894293090618,
0.314751916919481,
-1.14439128890228,
-1.04714062711049,
0.392985821702761,
-0.272726485462667,
-0.0781894374988235,
0.00901880252759807,
0.535693990856425,
-0.167789692523012,
-0.295579811985403,
-0.296659673145017,
-0.336426855378826,
-0.620703354130398,
1.46520833821239,
0.561556061298554,
-1.77220141429252,
0.602794643539821,
-0.224526152944309,
0.223686760752561,
-0.0982094938451304,
0.359274873997483,
0.563901510553346,
-0.860649456401058,
-0.725836015304685,
-0.397677822655934,
-0.857310069594075,
0.485194301690121,
-0.762910687840695,
-0.152853019168232,
-0.292511872571787,
-0.691220948992002,
-0.00949079942034228,
-0.361680666288980,
0.715946347653185,
-0.797394207856879,
-0.713682779920804,
1.19442774517655,
1.03079211355789,
-0.897060392056179,
0.859451697849926,
0.131809860095209,
-0.0937224959613509,
1.11470646121005,
-0.358133202523021,
0.307436036026839,
-0.419871797559215,
0.162193895626440,
1.04970864628077,
-0.690529864628621,
1.10321183560531,
0.0852140354738223,
-0.937408340402830,
0.666091533772440,
1.59843113253666,
0.393040652629233,
-0.0259922817283161,
-0.139959298881253,
-0.874251388977271,
0.225096522300845,
1.26734186554111,
-0.0694356109495422,
-0.898688804509837,
0.00214792536126316,
0.876142984884425,
0.261164920764715,
-0.638466813841921,
-0.138250499304133,
-0.204966115440657,
0.887668387271491,
0.892755879995280,
-0.554666382693949,
-1.26712647898188,
0.0754853711693539,
-0.328867852555347,
0.591023331591700,
-0.499839607670606,
-0.260831668287718,
-0.509592886288359,
0.248086686778174,
1.39018638502955,
0.605887551921416,
-0.381772589809208,
-0.287807141552912,
-0.772548702317476,
0.445057205425243,
-0.213824827958310,
-1.35762341112727,
-0.425320441378777,
-0.459989215567345,
0.0359425975783344,
-0.460201790810485,
-1.30150884224873,
-0.315855986390869,
-0.802057154438607,
-0.00924175509353940,
0.363536993622248,
-0.270724988337389,
0.0994758298168463,
-1.11919480409158,
-1.73828647499229,
1.23898570847704,
-0.0626889978798843,
0.664885488666361,
-1.38140983613891,
-0.621620962345454,
1.00524825285112,
-0.433193313768601,
-0.473148079772864,
0.678948707740353,
2.18698337586127,
-0.332057796837450,
-0.139816446225832,
1.06994997672561,
-1.06583913984695,
1.38500903973879,
-0.485990794389812,
-0.358019859687179,
-0.241580153195548,
-0.412776045923287,
-1.11464806246207,
-0.161269909630778,
-0.0491217484463857,
0.505163319690678,
0.257826042475642,
0.243406968516143,
-0.162884627558428,
-0.170889440602460,
-0.148994151806459,
0.676958164263315,
0.270936276668540,
0.793276280173016,
0.729066752322967,
0.213756816013172,
0.0384895122657056,
0.319167533050266,
-1.53838802964937,
-0.178588599685837,
0.166377046977661,
0.181231523070589,
-0.461586167783519,
-0.241758634055582,
-0.501006143358397,
0.479350360445249,
0.0502832398826206,
0.0827337792721302,
0.997692924794711,
-0.0134746269478389,
-0.189324291915914,
0.204532279697814,
0.454919077047056,
0.835109473410906,
-0.499043972171989,
0.204971398332962,
0.482056346236432,
-0.0326151537365142,
0.0405376198745990,
-0.833280328774134,
0.321369824236353,
-0.00400581477893655,
-0.0625004058417512,
-0.676897554274789,
-0.0275342071032407,
-0.305423617245927,
-1.32508079139164,
-0.0633029377431297,
-0.660470875221557,
0.638026552334127,
-0.782159311564320,
0.190497973459422,
-0.0871463072407953,
0.334219275896070,
-0.875617760803197,
0.940236501671377,
-1.04815939566097,
-0.658647695608288,
0.210158931983588,
0.167563099422185,
0.0238203864616487,
-0.681420647747233,
-1.12550234294138,
-0.811330861392362,
-0.385400915404570,
-1.29140397786998,
-0.247357545546868,
-0.864466820285750,
1.09237121523390,
-0.445196707027043,
0.167332254245248,
0.294146204460927,
0.198108753400376,
2.11643871714916,
0.912079828810615,
0.948730757142169,
0.817514558536512,
-0.0691000515314166,
0.462076355209895,
0.105496535085819,
-0.113331505346999,
0.413648535191704,
-0.587137459645994,
0.144910675172485,
0.00551732363841931,
-1.02116214624177,
0.131236633433744,
-0.193599261398579,
0.591855667724894,
0.396246653534638,
0.923517736046256,
0.953042942002279,
0.691918317912738,
-0.0413907149313070,
-1.39329986467326,
-0.0669587233068203,
-0.718872384646391,
-0.600027890873847,
-1.14552740266240,
-0.105398060668629,
-0.215647075012988,
0.0501542797826034,
-0.320235262243192,
-0.867923267085935,
-0.0781672225554053,
0.655605580342590,
0.365356014881484,
0.0900677597501508,
0.891182596967039,
0.271158236507503,
0.0802704618664094,
-0.121388570550158,
-0.109527743990536,
0.508278186665723,
0.310439536366005,
-0.945640144128553,
0.0676260392521135,
0.833617472190760,
-0.549359053695712,
0.169330322646459,
0.295524630523299,
-0.206274936000354,
-0.0174670135563933,
-0.675679551146428,
1.75026447574118,
1.02446852994041,
-0.234907528791675,
0.941789060359756,
-0.983753880850553,
-0.218323475485357,
-0.0682871470213422,
0.0715385580470981,
-0.338744714341378,
0.258236925069563,
-0.511630062681419,
-1.23851523689976,
0.0491664836821677,
-0.249194102774619,
0.323972694988745,
1.54756678686061,
0.00635444900834313,
1.31308758843210,