-0.552237859319011,
-0.104675945649374,
-0.820162944933132,
-0.0155452963904000,
0.714840076754049,
0.287588032641780,
-0.338172158875002,
0.0187303068906579,
-0.269871347351028,
0.492256741480208,
-0.586739674691883,
-0.773423638170260,
0.601045104475531,
-1.09698170692413,
0.121436013468479,
0.272289321245603,
0.725017779440869,
0.612107785527350,
0.676198504043502,
0.225725068725397,
-0.175886154025168,
-0.158402460249237,
1.54687833028129,
0.338761350135584,
-0.0575819967763038,
0.641086896265648,
1.68155546045475,
0.205566075155232,
-0.441076240679568,
-0.0482804460862517,
-0.201869677486792,
-0.304044500223597,
0.280212574217172,
0.0498397108557125,
-1.98747002672116,
-0.102647900825402,
2.05652664029205,
0.677836904322580,
1.25953302018119,
-0.406478630388905,
0.435117514212469,
-2.21739163676927,
-0.447133765525551,
0.742691584318614,
0.839100805346093,
0.178883652261205,
0.283362689690256,
-0.409767752825058,
0.812346300749950,
0.533613355943597,
1.16807774238877,
-0.394800959729398,
0.339738875701420,
-0.405930370526417,
-0.466327154822972,
0.354228696322802,
0.0520767045690704,
-0.716160992139375,
-0.384596566387991,
1.45856887961105,
-0.517830834635583,
1.32915516493056,
-0.515855694243411,
-0.437100287067409,
-0.347103727259723,
0.0248599857072820,
0.993091726976113,
-1.98480591402864,
0.738259692883071,
1.00232144119346,
-0.327951766450446,
-0.691042168990054,
0.371259066143010,
-1.29287980933287,
0.257678667968400,
-0.380699849778438,
-1.21269453957384,
0.0395216512694788,
0.386136427894402,
-0.0324250005391814,
0.466948193103748,
0.295336125803689,
1.06873505487316,
-0.722092408301666,
-0.585286261332530,
0.576240654861935,
0.704915783656239,
-0.569071159465224,
0.840616727512866,
0.273072543823669,
-0.598876553882126,
-0.0398049124587930,
0.566661294904615,
-0.305121786536306,
-0.0936323412015195,
0.211683594285290,
0.658503731329447,
-0.176594035670248,
0.731667248981797,
0.919051129295872,
0.943527766133979,
-0.769598747591020,
1.34188397566698,
0.443221957722773,
1.46099906355717,
0.573394911388990,
-0.376948978228944,
-1.18488628111830,
-0.159560250230898,
-0.619506545818172,
-0.0608648858857369,
0.970403045095340,
0.555837155969034,
-0.127824492770709,
1.90653494140125,
1.08984464982748,
-0.0358719309383049,
-0.223764162206758,
0.583348641590565,
0.316724979002579,
-1.05328994608242,
-0.171010472129148,
-0.913119578419695,
-0.325471210832498,
-0.0802259286539821,
0.163674360440006,
-0.0209201306903896,
0.219340904816604,
0.702276116127461,
0.992476513328207,
-0.596009676444632,
0.829270174942234,
0.0383685951644381,
0.804310929912392,
-0.403046680407600,
-0.429544222055761,
0.508541012688847,
-0.241691123092370,
0.222896666147420,
0.0377820516697379,
0.0249668371734828,
0.0394659148479026,
-0.879047737614476,
0.614937508052206,
-7.15342815485525,
-4.00225181597085,
-0.0418231153841028,
0.896503506831324,
0.922777376023879,
-1.17041048801642,
-1.13906507507583,
-0.118824012974920,
-0.223959359551506,
1.05696541293247,
0.405115529885880,
-0.190321110838145,
-0.0361657775273639,
0.628621507853852,
-0.0129663170572487,
0.846776062148535,
-0.469326854574889,
-0.412234740506040,
0.237710537668290,
-0.0195374584857645,
-0.209320422577290,
-0.663525658195959,
0.519467187131987,
-1.25003445840077,
-1.31469395418198,
0.0769913108301298,
0.634343072197725,
-0.128845853527612,
-0.266048898439298,
1.86797756885720,
0.582865626680415,
0.820984757907959,
0.0561513134407954,
-1.22746523170873,
0.335950788431325,
0.903180658710667,
-0.640669412850446,
0.928070925149796,
-0.849856950987929,
0.636038343919490,
-0.272995848644810,
-0.0345964760383830,
-0.218369016508735,
-0.234891881086415,
0.859980146645667,
-1.02414135344335,
0.863144021367385,
0.283353378662098,
0.667897945389650,
0.500122462022466,
0.0651694477759810,
0.157603035759044,
0.194671827677572,
-1.58860957563469,
0.133845804659173,
0.733623445804773,
0.323802832113379,
-0.396647687669277,
-0.733890111056031,
-0.109478434876576,
-0.607593263608135,
0.968826087491694,
-0.242092142053471,
-0.965968862009902,
0.0532213539532420,
0.212519388916579,
1.03137190422625,
-0.0284181392207507,
-0.667201025573862,
-0.562301629609105,
0.0786118024580231,
0.557545693921970,
0.488943571961695,
-0.559894110616888,
-1.39680250080161,
-0.725031670102883,
-0.520589765636792,
0.458473777903899,
-1.17705692173803,
0.0899263366772554,
-0.767924088655858,
0.448049374993113,
0.918372359586032,
-0.0627425324916628,
0.802316723235413,
0.0272781262346713,
0.0928836002056491,
-0.793059472665183,
-0.284727112720409,
0.332083184187496,
1.02237844152905,
0.0741384293628134,
-0.0551855522937176,
-0.0185180205754079,
-1.04903157556472,
0.775743859727612,
0.414416975460379,
0.680287620819400,
-0.447986052341114,
0.363397533602027,
0.228272395915897,
0.0527882891043804,
-0.433087252899883,
-1.10122828051960,
1.56047518070614,
1.06320457776869,
-0.499180104745307,
-0.284455306028753,
-1.01583588462798,
-0.166697608643819,
0.549454553420052,
-0.200025105049751,
-0.483133167710340,
-1.69597896622380,
-0.309180656037785,
-0.759194385149077,
1.49964604106349,
1.79791380194934,
-0.433928976485468,
0.951425238065781,
-1.79802371686982,
1.12412717414151,
0.116458638041930,
0.297452419700506,
-0.129970606844816,
1.16996048398742,
0.561744925259292,
-0.396515030743716,
0.881558865104245,
-0.579882100851625,
0.0384447399968994,
0.0623303551725420,
-0.391994909099923,
0.237452808209581,
-0.0224659153566584,
0.117807543925383,
-0.505051947180509,
-0.0460909938734224,
-0.116257835431318,
-0.398044100579260,
-0.653683604969518,
0.250840846613486,
-0.179858778650748,
1.30246605231333,
-0.0339292658052380,
0.981687349473413,
0.172998066787554,
-0.988861480288774,
-0.777710279907882,
0.129178721574005,
-0.510787543471033,
-0.260172873327852,
-1.63467130611150,
-0.0678483054215969,
1.27811745338139,
0.883635063958985,
0.318664689357885,
1.21351328182086,
0.0856705719171367,
0.818303202593389,
-0.0188486927716167,
0.00389681951257230,
-0.973423573446769,
0.367164418238880,
-0.819476926842719,
0.0324921455913459,
1.33149310810359,
-0.0636317299144371,
1.36096314729795,
-0.00400152253932221,
0.264200058466264,
0.577055987300289,
0.188905670990258,
-0.0590951871213126,
-0.715028299907839,
-1.17861840425974,
-0.218229896179358,
-0.503816062313363,
-0.937993945403775,
0.243170741183113,
0.800136335814530,
-0.177775099662291,
1.00299155103634,
-0.869443035772148,
0.461427851131101,
-0.293461513407994,
1.20629762461280,
0.0270548777645798,
0.608783088316373,
-0.114247762952020,
0.873087528668637,
-1.29350624096835,
0.117168320435381,
-0.221729765882088,
-0.0123381404907374,
-0.126297547292932,
0.105371006318255,
0.304055099420093,
0.857681406668365,
-0.0849946661191972,
0.131087105314893,
0.231559265277263,
-1.00083322882860,
-0.916365073862864,
-0.0479138520657520,
-0.130134806490422,
-1.05807648583188,
0.140738174359487,
-0.0845276154745646,
0.875470314744228,
0.667840909995573,
0.443604165186007,
0.398036725535566,
0.239988955585645,
0.0677062695128240,
0.0867778801841666,
0.466627430239793,
-0.0711546195789738,
0.631086230608038,
-1.46441050824827,
0.889841418401964,
0.105995095180022,
1.72119481439786,
-0.862553844798522,
0.329073864928247,
0.719060729999543,
-0.891960184476645,
0.483738462082319,
0.234957694574761,
0.353049469084686,
0.328207048652575,
-1.58576700951379,
0.456817069780507,
0.575315832152808,
-0.189649086397642,
-0.793181235358420,
-0.0744451074561270,
-1.29858012979601,
2.11128780896510,
0.741249538233547,
0.653620422340102,
0.216960091400574,
-0.124644103957274,
-0.701295452905994,
-0.329081957502399,
0.690386083944770,
0.0796953376035233,
-0.243593528531069,
0.586792408465020,
1.06427008156261,
-0.184706386646647,
-0.709800404877119,
1.01454755622692,
0.436645067691011,
-0.307226552532032,
0.158482346572338,
-0.557881303028698,
0.124312987308462,
1.05480327850161,
0.501643765359326,
-0.0291342842964147,
0.301825580048822,
-1.01013022305314,
-0.140200891374170,
-0.406979398517936,
-1.15090407766572,
0.914985820363845,
-0.587249084047023,
-0.972146038622909,
-1.22298635541642,
0.475669983367551,
-0.722121832726285,
-0.869310383882631,
0.429386855817196,
-0.698703677826584,
1.19473438308440,
-0.434169191721616,
-0.346937056097523,
0.935784266792053,
-0.567003549259869,
-0.340999984929642,
0.616064051358958,
-0.164097682716432,
0.300818336085070,
-0.508420474769319,
0.501378197684549,
-1.02015893512366,
-1.57221779949829,
-0.114253009252923,
-0.134273128643018,
-0.171900298041764,
-0.529127016565926,
-0.829499719445635,
-0.0576944434811983,
1.18837452359279,
-0.367587175875147,
0.177867093417156,
0.427907526766200,
-0.821913926595361,
0.825808196528786,
0.611058812596616,
-0.632570869235757,
-0.563226692815677,
0.470374611181277,
-0.595755883338211,
-1.19214776586822,
-1.15003492788445,
0.520733129913082,
-0.558012234412929,
0.458370036073952,
-0.420196047235433,
0.233011929225617,
1.03666986678607,
1.16166079169843,
0.00801800873726168,
0.602046247539822,
1.11516837956018,
1.66254334500787,
0.456939239460419,
0.0673119761893164,
0.337443240990178,
0.686742084778994,
0.661740066928106,
-0.713718267926952,
-1.18130162954268,
-0.0577038858111313,
-1.21951322560428,
-1.54522028272628,
-0.734967315666881,
0.648348457953863,
-0.378671636119370,
-0.333978512035483,
0.487383403905594,
0.969675670397169,
-1.12700913905487,
2.40351718601292,
-0.355353784941882,
-0.834772371528984,
0.0783084100039981,
0.902513103027669,
0.423724477447592,
-0.623760587331282,
0.0330847094772660,
-0.112474192831737,
-2.31378402997074,
-1.51158343755958,
-0.111069880436413,
-0.205933996781090,
-0.684877868077439,
0.661677363895831,
-0.109783427843537,
0.898190769013502,
-0.704781146045203,
-0.131317565060471,
-0.474877687368774,
0.472499323629979,
-0.724611452990468,
0.556959021999525,
-0.733407452304494,
-0.0619871225124616,
-0.872062864063862,
0.495387453948915,
0.0797410139914754,
-0.156439762814415,
0.376789307049045,
0.158335648753754,
1.83676280148777,
-0.597010491130115,
0.946479900849053,
-0.0770080047887876,
0.00182118589330488,
-0.286014692368387,
0.0428443930563995,
0.0173170929966757,
-0.955340975447788,
0.155193882995958,
0.524293010953600,
0.0401096165194967,
-1.67046610992067,
0.100528402267631,
-0.0234336343465475,
-0.857119719531986,
-0.269800807219472,
0.497281349174377,
-0.276928110635924,
0.454966036645403,
0.763170683832814,
0.337154034261527,
-1.07940231915539,
-0.451153845989963,
0.760989779782801,
-0.291915421558995,
-0.752880653865307,
0.882485205634015,
1.09401923496886,
-0.0889539416469733,
0.406730203497879,
-0.546244027652368,
0.266201116383595,
0.355981527806528,
0.510662863828669,
0.323499680188742,
0.945384082700706,
-0.191322012521989,
0.750440289922166,
-1.03626606514256,
0.0697829459818043,
0.0284770891025918,
0.0729980718935812,
-1.17614555745073,
-1.06867540609019,
0.490757519382032,
-0.506555854601871,
1.18794458895007,
-0.632012760574577,
1.15370458947209,
-0.243105272106773,
-0.0301966282695262,
-0.0246123754055707,
0.233888681050937,
-0.0175900305398235,
-0.389829143924410,
0.223650325097377,
0.553964134000769,
0.386107013151512,
-0.300428602808008,
-0.751757479117789,
-0.107121870668903,
-0.552891165282790,
-0.0416666325491427,
0.276920102348706,
0.00352775576997887,
-0.968418953841079,
-0.463276083695518,
0.828724712195753,
-0.375374490852829,
0.193329127359835,
1.39778181748478,
-0.0843190334729398,
-0.486077353010286,
1.21002548435015,
-0.389923223596723,
-0.966319342581362,
0.0436295786547548,
1.03647953777212,
0.365861818813190,
1.56199480944484,
0.348411636616543,
-0.703238947207337,
0.363745847187613,
0.0970340898177804,
-0.428826012380128,
1.07812555484758,
-1.27822555185287,
-0.289001184655147,
1.51179568252855,
0.130658681961522,
-0.191007402229937,
1.07500981906881,
0.230355184183966,
0.0796287812067962,
-0.226613896423419,
-0.904027423111187,
-0.710938549831453,
-0.0867896729533763,
0.557183711116292,
-0.739610373606563,
0.00241941530539164,
-0.0543232141912704,
0.268568062446074,
-1.04316888780687,
0.491282148529370,
1.42007622294180,
0.690024211260236,
0.864535580107984,
1.43852014633517,
1.03743159658834,
0.653244936620434,
0.210534833740681,
-0.0433764341024072,
1.31735351420893,
-0.0126504869410533,
-1.16812109727112,
0.569703774853350,
-0.828031750529513,
1.36106914097175,
0.0371384654972993,
0.371535044915808,
0.412976700364820,
0.640156339738453,
-0.890597369112895,
-0.506510253864078,
-0.202069259200437,
1.13954373808480,
0.418771323480991,
-0.270024187981549,
-0.330344036969611,
-0.694963209822418,
-1.14875222996190,
0.451478624373986,
-0.259238611202271,
-0.0614139034884411,
-0.522950347166785,
-0.114934660562084,
0.587220831638577,
-1.01749395328993,
0.257867081728189,
-0.661893131108518,
0.412111136970763,
1.10511184323259,
0.498939717626034,
-1.70105084779158,
-0.584066293149476,
0.459600171480049,
-0.560639116971831,
-0.339880753403036,
-0.183245657251067,
0.486769464659251,
-0.900550503194430,
-1.27124171732238,
0.0302970992169823,
0.204605824758847,
-0.926375733228390,
0.0329821509578888,
-1.08695258420878,
-0.994788687348296,
0.00480784254309484,
0.494166073248737,
-1.48825965110136,
-1.04867551382660,
0.934099776297743,
-0.403509918876412,
0.541154350949983,
-0.361812346261606,
-0.802925822676526,
0.0165086208481929,
-0.159002454828640,
1.36051356920773,
0.587142132486707,
0.646779020878923,
0.525284932119851,
0.741555032925273,
-0.527945878968280,
-0.410946312534698,
0.624366777577644,
-0.0978813290853282,
0.704605458655771,
0.817736131225812,
-0.228198353560712,
-0.181800958470948,
-0.471550812692379,
-0.486445975523396,
-0.942124536001420,
-0.466657488863173,
-0.994382649148825,
-0.168939360943285,
-0.856310832533561,
-0.435540598409517,
1.58081781084594,
-0.112629223026575,
-1.00852532306964,
0.213601621616349,
-0.621729820287114,
-0.820200385386648,
0.318825415617917,
-0.475812934787201,
-1.35246021535655,
0.518221790793845,
0.227827499541091,
-0.202449010646982,
-1.30007048015236,
0.312554384634796,
-0.0188691881268864,
-0.520024640979964,
-0.0478206997818430,
0.0376192154547340,
-0.253239434060486,
-0.989518285299542,
-0.510517942118934,
0.254474803269732,
0.712487628461399,
-0.757661416679248,
0.856718505539584,
0.100508913240810,
-0.0207740820290922,
-0.132101578586049,
-0.365936447181278,
-0.701280943858439,
-0.103117279675925,
0.319023704196053,
-0.787126930278164,
-2.08635367798423,
0.806684506297208,
1.06450946047947,
1.21424009850458,
-0.454045277742379,
0.512172057145564,
0.102441005501276,
0.196240935817717,
-0.507704618544947,
-1.00313898326510,
-0.716564242452389,
-0.548839460761614,
-0.488774127185016,
-0.210843902100683,
0.825647909365800,
-0.178845155731788,
-0.396893674054759,
0.0726384454758349,
-1.23517102372691,
0.296534222932363,
0.110013887021645,
0.455316348565718,
-1.11364775204995,
0.497826202663396,
-0.516330672495345,
-0.188000288146452,
0.303089799168337,
-1.19166255716920,
-0.388269617993395,
1.25616721511740,
-0.669800015971049,
-0.577880803052764,
-0.387362628516037,
0.149436931519866,
-0.0162708919105178,
-0.613534667773972,
0.958614960522219,
1.00231221560700,
0.410542528332703,
0.266416767577787,
-1.25499287103890,
0.980085147879534,
-0.490347468362577,
-0.134318918647075,
-0.431567330814321,
0.828161370594792,
0.0545458569142738,
0.637457768699721,
-1.11434439504082,
0.251774860485494,
0.618168030686543,
-0.820966780015909,
0.381699271511164,
-1.48199813170530,
-0.673733084575950,
-1.30639625819531,
-0.606619991927453,
0.143997520071411,
0.739580305889628,
-0.991703052274452,
0.819067004820296,
1.54272765366363,
0.679110939320247,
-1.69316418843876,
0.491695301806053,
0.127659270106278,
0.218629191798935,
0.294756596469161,
-0.445042439103238,
0.209395347412829,
-1.44716650292547,
-0.409729734516537,
0.128742147044251,
2.06616032186697,
-0.0309565426321167,
0.147373200112872,
1.11991225913075,
0.267455557250986,
0.0887993408496018,
-0.758049106831659,
0.318606167527999,
-0.0264193669068359,
-0.432945036887496,
-0.712478964567692,
0.447868280810539,
-0.292338279246502,
0.490912175940575,
0.298256362859617,
-0.503441601712207,
-0.981992701290104,
0.154779648297637,
-0.371376281186111,
-0.568123277964981,
0.00551831362708604,
0.570234747766889,
-0.400981418737244,
-0.849905648458488,
-0.000738855882365754,
-0.309765526434467,
-0.313101836932076,
-0.897551078605087,
-0.627478102583741,
0.0671690240863601,
0.498454826937924,
-0.108327881107309,
-1.08004493676789,
0.00628292348936025,
-1.26909726100515,
-1.24506605720658,
-0.426972650338779,
1.16047082122267,
0.0491326305006198,
-0.146558907096157,
-0.594171449458590,
-0.530374552366131,
0.853313349859226,
-0.612392980156100,
1.14640984821925,
-0.342765751255161,
-0.0131937554341699,
1.15532216073319,
-0.0388162290846956,
-0.172590822903711,
1.09376910010697,
-0.573724013565820,
-0.469489958830987,
0.662546027308670,
0.495214880567793,
-1.27690735898758,
-0.786163736478488,
-0.603266813380164,
0.239955292931072,
-1.01275145262623,
-1.24924624876732,
-0.402350855193903,
-0.781533101464257,
-0.647688300405722,
-0.736264002807155,
0.508606592611704,
0.254016434090319,
-0.939678089654913,
-0.115421917005866,
0.161497564184373,
-0.174045191074506,
0.384499119111484,
-0.318371741744057,
-0.121483420596344,
0.0920120547315336,
-0.295437067327641,
0.313089498274789,
-0.566933367539102,
0.907814603164953,
-0.284241649204683,
-0.274647345262954,
0.274155797281350,
0.408883095060370,
0.782635610742101,
-1.39791406330161,
1.16235586690758,
-0.845518049208375,
0.388555353904630,
0.0325144505945524,
-0.181365398912621,
0.457753389452603,
0.387883946529820,
0.205460963071716,
-0.0765950070666364,
0.481692120659517,
-0.499065155319507,
-0.327056216842510,
-0.379271050828207,
0.517041942525203,
0.240188074619695,
-0.647176228390147,
0.360053635378718,
-0.427808279907764,
-0.419626584089879,
0.420524126210523,
-0.945826329975313,
-1.23469030183883,
-0.0296796580908155,
0.440633605354908,
-0.157951141187316,
0.148697652560832,
2.12401477060362,
-0.433385649663101,
-0.0656863975504090,
-0.325872778257226,
-0.153329331153973,
-0.775521624267588,
0.124578483518573,
0.281219033199861,
-0.621462089629322,
-0.259077284714976,
0.284562625608451,
-1.86136405051878,
-0.931189890855475,
-1.13101546860549,
-0.226706144506424,
-0.148482950176539,
0.215876729191885,
0.136659104033247,
-1.69131241788632,
0.913908221776292,
-0.862364572632192,
0.0966420950237353,
1.46833971260855,
-1.25956812679809,
0.616150523694798,
-1.21291569157438,
-1.03632034528927,
0.616295491185653,
0.348069620670226,
0.198618929790575,
-1.12181245528636,
0.0987896656900552,
-1.18188504783055,
0.865632630059902,
0.661797838397658,
0.0173583898222276,
-1.22979828488736,
1.29371275034728,
-0.694371411331260,
0.746349400937390,
-0.723173064035306,
-0.877200479825165,
-1.40676547329821,
-0.00649234680292592,
0.891782412650996,
-1.19723184841508,
0.839079721544945,
-0.141383875330135,
-0.689473858544924,
-0.840232370301251,
0.187475900142204,
-0.408201341360626,
-1.84634272444400,
0.353112767315738,
0.197504272185238,
0.0703731317318999,
-0.132431618786863,
-1.25100080267937,
-0.0236603160208373,
-0.462247885740253,
0.198014584481458,
-1.39152432777706,
0.636426056243008,
0.272032875880491,
-0.426666421761636,
0.709260645539026,
-0.210417004743272,
0.375107595625189,
-0.392744635894121,
-0.613868279142563,
1.08186768249913,
1.46225181169820,
-0.600012626591394,
0.643259279257948,
-0.467371488407400,
-0.755440134471972,
-0.655039576550186,
-0.185766648752427,
-1.19456725719440,
-0.162149839499176,
0.721276123322056,
-0.718239935671630,
1.21235790217385,
1.32706185207045,
-0.727994596826704,
1.00067548684652,
-0.259227919812494,
-0.525691841903210,
0.410487537142321,
-0.124821246420209,
0.0378981260898227,
1.05498860221934,
0.728759043038091,
0.161066253030943,
-0.156029888602917,
0.264237454399002,
-0.100927423828145,
0.621079407310016,
0.435914477021470,
0.709716014267027,
1.05710754021841,
0.222241149638515,
-0.804831705955461,
-0.563681425726981,
0.929256406263633,
-0.0731467235487001,
0.704268286096850,
-1.15808707216586,
0.956377803781185,
0.516636566963670,
0.515748148819221,
-0.315057437217760,
0.0155495503594226,
1.01577692423485,
0.933944723832276,
0.860646867578232,
-0.648179070987151,
-0.579419542262541,
0.573592358024690,
-0.635004939239336,
0.317441441309345,
-0.632836088998282,
-0.709271754118340,
-0.00557741128510789,
0.811546233368080,
-0.335163892159051,
-0.0294819829700645,
0.972434988198201,
1.45536671946607,
-0.825501972223884,
0.814854137024932,
-0.745166187440107,
-0.858120010279051,
-0.172178246022074,
0.488958141289138,
-0.0979102383835745,
0.0780220724580505,
1.35813266075807,
-0.540414339564578,
0.552754617453997,
0.254596386963062,
0.195590685260044,
1.15551981072862,
-0.247253587416284,
-0.493491028050813,
0.742520631353298,
0.669932697815866,
-0.197915463785721,
-1.10315600590416,
-0.562159352295400,
-0.553984895374395,
-0.303982799247850,
0.946505507424697,
-0.338977364145880,
0.145098617809593,
-0.286000041379752,
-0.315502019380446,
0.728800402123653,
0.685880911522303,
-0.630517524114090,
-1.60759599251454,
0.159123142010090,
-0.294236610831488,
-0.225017026605051,
-0.717856954856409,
0.109109572388813,
-0.607734227677528,
-0.239851683930621,
1.18145266636881,
-0.635081736970209,
1.28514047123306,
0.809899949682183,
0.854534761593464,
0.00741879700392711,
0.482635794630030,
1.55649380709290,
1.00287590116129,
-0.0583687944872629,
-0.550837181426216,
-0.468164043003987,
1.34116700997906,
0.200068016032079,
0.171961654072009,
0.913330802024401,
0.356337086789668,
0.00993010372609516,
0.270212693063810,
0.774559139137645,
-0.777165840359351,
0.504144794289394,
0.0542781713573510,
-0.155681515444803,
-0.521486826644969,
-0.473982169731595,
0.872963808033536,
-0.628683323046039,
-0.603082541274844,
-0.226664398470698,
0.00174280683460485,
0.866632645906909,
0.256824402953618,
-0.106775572609292,
-0.669342528789937,
0.463368111053247,
-0.953702205669279,
0.118704871826842,
-0.421442467254047,
-0.675138356347302,
0.382685736439565,
-0.895397196303749,
0.371175011864242,
-0.769169259101020,
-0.430176986971033,
0.892293184643216,
-0.607352895757021,
-0.466593861753977,
-0.423074213561674,
0.574692273526453,
-0.779305563529083,
-0.111442907357658,
0.0630973134630520,
-0.174756674888861,
0.176953824825768,
-0.118442196931174,
0.728738643118547,
0.177988570287893,
0.869955474885196,
0.544571033671151,
-0.670721337149993,
0.228162412382648,
-0.283933169993055,
0.597829162585938,
-0.221219384921818,
0.426897119911190,
0.327540150685828,
-0.625316619076206,
0.464611707782936,
-0.0133167628647968,
-0.624298732895099,
-0.602588307241409,
-0.0478480443296813,
0.392556090646508,
-0.513360776553870,
-0.0325856901178228,
0.00132133708274354,
1.15589940533945,
-0.143863595625856,
-0.313258552303965,
0.241090652791314,
2.61828353479758,
-9.97061961703962,
6.38097321079904,
0.425267164436406,
-0.0857472086788319,
-0.252885744640328,
-0.875566243488820,
-2.12997785480253,
-0.164257421293553,
0.396916236691466,
-0.495630957841707,
0.0835232780707747,
1.49594824238275,
0.0614061903074569,
0.258582653374113,
0.999269176115587,
0.536273930160234,
-1.53039297865133,
0.759050056973125,
-0.918919727629523,
0.703542919738629,
-1.00448068665722,
-0.631346608464419,
-0.247568292198373,
0.0917099756415104,
-0.327955434255283,
-0.437750103843615,
-0.361530769594955,
0.747319220902848,
1.40823485113286,
1.10505665247065,
0.653488908185822,
-0.233674140482503,
0.130153904130093,
0.893884715457122,
-0.146400038428163,
0.688801425983877,
-1.51351354638404,
0.139892815278640,
-0.222640567321528,
0.841900607497600,
0.717802646279003,
0.855806840751609,
-0.755466568044787,
0.130429099417786,
-1.40604752133773,
0.250908295495157,
-0.367282987755674,
-0.370847981200851,
-0.0692661451165049,
0.311250616812998,
-0.876463285082455,
0.449793743130309,
-0.983453962609695,
1.81606698536728,
0.0516797299597538,
-0.268253231863346,
-0.430251111162347,
-0.260246869635461,
-0.769928107529943,
-0.499390092589760,
-0.128462282013598,
-0.856797798788381,
-1.49574595605064,
-0.162511557094137,
-0.595505344874583,
-0.729060024009037,
0.354500735115820,
0.452565172268629,
0.341332878000504,
-0.0975688458627981,
-0.0118242710332684,
2.03356634032968,
0.122639272676566,
0.155359930118109,
2.21138749416958,
0.293032422697954,
-0.349807450869070,
-0.478247389230270,
0.472381202189767,
-1.04172597722752,
0.579891587851886,
0.257843802473479,
1.16666153101216,
-0.191171134106305,
0.480472419428348,
-0.197305070632396,
0.676425203189045,
0.184938557088330,
0.293810603565551,
-0.647907800647527,
0.534612208309543,
0.616761224656370,
-0.371637852025631,
-0.291063233077804,
0.298472416683382,
0.529780075475935,
0.429532421672161,
-0.408097475877736,
-0.391048189011629,
-0.703322189619192,
-0.624231791274571,
0.244215326750737,
-0.241698586690303,
0.238372845218759,
0.395073028941398,
-0.329196411895880,
0.336345883676272,
0.508681115005667,
-0.322461114372746,
-1.07794596046484,
0.898148111280033,
0.281440065468219,
-0.0242722011116185,
0.387941609419710,
0.623598393188801,
0.325346543727347,
0.752262726797580,
0.173190934286591,
0.199257157963355,
0.589986396860941,
0.532102664068138,
0.0510727925733628,
-0.646587590832811,
-0.155702513401423,
-0.773525077847985,
-1.21347171700152,
-0.371846817737047,
0.363164010652542,
0.754456579149666,
0.0820498885667948,
-0.0124519766946018,
-0.112482746593717,
-0.0878791288285751,
0.303111001958438,
0.0452895160370645,
-0.794019508154757,
-0.383710642620249,
0.550198367821898,
0.982079819499960,
0.834276303735415,
-0.340689307592310,
-0.205337491555470,
0.501506368545671,
-0.0339181799035522,
0.375423935228190,
-0.0537959054995332,
-1.31155561851475,
-1.26853886778369,
-0.0942427906908740,
0.366977501517197,
-0.431545476436078,
0.233371133566290,
0.429472454348498,
-0.246056048849236,
0.821262951147255,
-0.525661512791885,
-0.854219117764482,
-1.14913518062200,
-0.330587688688661,
-0.275999141415167,
-0.514003270803028,
1.22892307023064,
-0.562424408024562,
-0.374151744338885,
0.687717443620245,
0.0691840269733885,
0.499137995738761,
0.316369183818919,
-0.261751224719991,
0.818072887973889,
0.309782946692575,
-0.429832822462350,
0.148193171669743,
-0.0420464384937840,
1.27785299238801,
0.377968506382467,
-0.0637317627391542,
-1.46401395247890,
-0.905944657804851,
-0.490057737543660,
-0.670598963561272,
-0.200649521114845,
0.752292075513694,
-0.435715530007396,
-0.502055293671340,
0.721942270522384,
0.359101613743044,
0.143838337172689,
-0.541980216186572,
0.329732500326016,
-0.271170673543175,
0.854317497143736,
0.321663094417536,
-0.184904525049813,
0.679124671090244,
1.20879376473753,
0.281284226236352,
0.171042321821572,
-0.0296628816937190,
-0.575965520012560,
-0.620238627845303,
0.751052525932398,
0.396964567874023,
-0.934600087215237,
-1.54093544217496,
-0.248771060296226,
-0.281424646254433,
0.551700912928757,
-1.15376716329253,
-0.319682946378741,
0.227951012870635,
0.165488849273569,
-0.436904304872073,
-0.374648562636062,
0.959013947261109,
-0.492903266267203,
-0.819415861538347,
-0.00222737394483029,
1.10361887882422,
0.811336892007478,
-0.607599034934867,
0.127267946310010,
-0.399567356792789,
-0.255838395395969,
-0.220560610948834,
0.394343523484541,
0.0109227804388535,
-0.576440525920349,
-0.0296490072757051,
0.905544594402033,
-0.887080740464941,
-1.33708645388122,
-0.351153170368934,
-0.231403993724048,
-0.548318553893323,
-0.536798894394668,
-0.442145660987582,
0.419062948057577,
-0.225487900333927,
0.288939800889722,
0.0543754670884084,
-0.731762155347355,
-0.231428529199293,
-0.833885145120137,
-0.597719504267735,
-0.143924153263822,
-0.122511863045871,
-0.0344799148604524,
-0.507702726334755,
0.291297176622929,
-0.597684223384904,
-0.413276350159850,
-0.199277623212528,
0.557550408828670,
1.43419627948200,
0.254369796455487,
-0.715560681911772,
-1.41804721947541,
0.0646886674823350,
0.548129569971342,
-0.0159113818301238,
0.244292865714580,
0.0887362195882976,
0.412356545156359,
-1.14881434912701,
-1.08831567172006,
0.613490708931515,
1.13257088480452,
0.400104347939590,
-0.100661854708980,
0.0275657331031915,
-0.411318706362231,
-0.366061197308423,
-0.775781994309649,
-0.403614635474564,
0.398368616901305,
-0.823494317483386,
-0.279520211587855,
0.165255932616185,
0.848412655392305,
-0.0941744462093135,
-0.312373055991499,
-0.511026229585580,
-0.734777710858900,
-0.840966963905629,
1.08698477890485,
0.711058417610563,
0.0880751510324180,
1.02414963768880,
-0.190766344471464,
1.07163065049846,
-0.398304195857200,
-0.246306553512803,
-0.209867672193309,
0.878085939679786,
-0.938874243455731,
0.168789535782777,
-0.0848082556785242,
-0.329202920523013,
1.55270333043633,
0.155928050613477,
-0.337141974960048,
0.760612756924424,
-1.75280177374059,
-0.160886252130789,
-0.662790112961298,
0.528028072321475,
-0.192873189710135,
0.0229684788845770,
0.509800383754798,
-0.460135947227281,
-0.519162531198765,
-0.374032643322453,
1.22245990927391,
-0.771348676764081,
-0.113394997919651,
-0.788272814801758,
0.695432357373862,
0.839605389317654,
-0.0192515373054748,
0.911402225475569,
-0.998697226550774,
1.19706102060588,
-0.117214217373966,
0.509679462744593,
0.782622424578924,
0.138219993859680,
-0.342647271064172,
0.518710404235367,
-0.0310888010340528,
-1.05136829198006,
-0.848350017840870,
0.111094961208242,
0.495864903009541,
0.297082491459578,
-0.390383853140339,
-0.578878976635350,
0.217750570007776,
-0.0374519686511447,
-0.801250000317093,
-0.0549481588914471,
0.200716703788821,
0.651090448869893,
-0.525463121014952,
0.236935130733073,
-0.846489625929800,
0.367345905846212,
1.48612412300457,
0.0885266063374817,
-0.656247334633174,
-0.170545044789756,
-0.545110333051336,
0.755595403147573,
0.385600563395306,
-0.339076460615281,
0.0375222291425775,
-0.397036801594561,
-0.506714170367054,
-0.393457119384636,
-0.556832943677720,
-0.905000402553112,
0.711243820249552,
-0.234800406676369,
-0.274810495647206,
0.772383215327552,
-0.444027302898864,
-0.516371571211302,
0.166495263289481,
-0.466623839591859,
1.08873184580971,
0.955784479845869,
-0.604341467157923,
0.206471203474223,
0.687974744222755,
0.897088741468067,
0.00962707917992591,
-0.663089522418649,
-0.931764137390768,
0.610335191751471,
0.548519352867156,
-0.952701637032325,
-0.441988443378945,
0.236736200341666,
-0.351667812771021,
0.186585726100435,
-0.923006028169120,
-1.09595625376194,
0.795865822723335,
-1.01513379129613,
0.592479969212604,
0.0364845255894328,
-0.535529103917606,
0.232624466881220,
0.0643264559183401,
-0.640323799191226,
-0.988155458225522,
1.00221618639209,
0.906800520861688,
0.877775351037005,
0.972083996402445,
-0.608595245723179,
-0.941508716555878,
-1.18562554171345,
0.562612890537909,
0.120352712304782,
-0.225965817107640,
0.984697378797855,
-0.406901662430248,
0.570078069566406,
0.567207568992225,
0.659858304067532,
0.214131781196696,
0.446107553921533,
-0.344982476705481,
0.951454765411776,
-0.465308309961220,
0.784329790856069,
-0.730575200275833,
-1.01999149806913,
0.110033056073065,
-0.738863586642281,
0.383778418174293,
0.631839479226408,
-0.615264478817226,
-0.468265096182367,
0.834001872071532,
0.562111933735246,
0.254367324125466,
-0.522569957685644,
0.769886213308034,
-0.331470692679854,
0.264683310727748,
-0.353614628810086,
-0.690662802895816,
1.10974353954357,
0.231752306481890,
-0.961541271731139,
-0.252878127440162,
0.0816626025228508,
0.0645859370508543,
-1.05609200478477,
-0.826938282719901,
-1.01474961731814,
-1.37003994199847,
-0.883439050002485,
-0.284423938002501,
-0.360996773154866,
0.0496240294656414,
0.254089675126429,
0.414451883227309,
0.127061439771185,
-0.762566730314376,
-0.626569341239769,
1.61765031397220,
1.39596320267199,
1.83013110226863,
-0.0218613848134569,
-0.820777161450774,
-0.176952172389581,
0.494028966160077,
-0.634754147130729,
-0.0729682917878895,
0.0793423937689065,
0.445939066656622,
0.323000032830391,
-0.253064817308015,
-0.455390325273694,
-0.486397321837272,
-0.0817886960232896,
-0.384135186977006,
-0.0716797359878319,
-0.593931706128505,
0.489962599939161,
0.115752777990581,
0.675517233339923,
-0.213035920249446,
-0.949399459601107,
0.220646393900900,
-0.327228362699589,
-0.165778648883051,
-0.143683772962023,
0.629945198189453,
0.319330488757678,
0.130453829125734,
-0.863239247619924,
0.238518720522949,
0.0725941938858862,
-0.234407836007202,
-0.749098928437937,
0.122072283388513,
0.260923676787344,
-0.878725659919560,
-1.01758223253323,
0.267451084868233,
0.116071449323670,
1.15017835590891,
-1.06446531588367,
-0.305292552885141,
0.720418066110217,
1.02771837479527,
0.0505781684695463,
-0.0117569470662205,
-0.357576899043314,
0.311168993784049,
-1.31534162568928,
-0.470687818308205,
-0.779486680242675,
-0.530925333309977,
-0.442982413784714,
0.912879776049526,
0.408191424873040,
-0.511418943585537,
-0.246395804969263,
0.278001342094202,
1.04719659565547,
-0.121123676539214,
-1.36645961213384,
0.581650235268882,
0.488413905845536,
-0.492324969695085,
0.116310556930536,
-0.849021375061741,
0.466429105963403,
-0.849935217624660,
0.731558927395761,
0.839462361762391,
0.0240200748472483,
-0.338003785906162,
-1.53891216643352,
0.0783311330127099,
-0.286892007206608,
0.520279581192497,
0.648045929037957,
-0.394792053399891,
-0.289244728892528,
1.02792543481291,
0.580454073109122,
-0.888428941182979,
0.408317393345146,
-0.971596337827225,
-0.443475990034980,
-1.55125367762240,
-0.354453555473076,
-1.39639965887266,
0.210747131827752,
0.0379465699055154,
-0.0495496545023058,
0.705705020763624,
-1.17602293449485,
-0.594942310201594,
0.00374374834512692,
0.719643342784167,
-0.681383955367889,
0.463656593042768,
-0.351265760418103,
0.727263251716941,
-0.297321998324894,
0.749919830907387,
0.529417946697784,
1.11139076953672,
1.15361340514107,
-0.861624640100430,
-0.382989184693145,
1.25357698582137,
-0.827124243992713,
0.649349047012588,
0.427410708720665,
0.345065936671907,
-0.0147553555817800,
0.289978614040073,
1.43365692556126,
-0.280286027045275,
0.498195890991071,
0.316441159154649,
-0.502986773977479,
-0.573436046994804,
1.39613635987271,
0.744897885100843,
0.678993608931867,
1.60847818332976,
-0.929805045270461,
-0.752326181530453,
-1.21549944455971,
-0.850374365390871,
1.27130274856805,
-0.212524192275390,
0.0956283838771391,
0.779886951334589,
-0.474605356065255,
0.0276825023775349,
0.340822079287701,
0.0900854447970543,
-0.276724450630091,
-0.0436560029426762,
-1.17445233662744,
1.68475227325048,
0.753577729498630,
-1.05718842940043,
0.345642652520620,
0.503836773589177,
0.258050266496761,
0.936763894194817,
-0.180521745228866,
0.331812747041142,
-0.363330418242912,
-0.231722809050974,
0.507146053556333,
0.632368314519756,
0.115026171110879,
0.858922467285926,
-1.23575847499747,
-0.337630101224320,
0.293910064780393,
1.99465445028902,
-0.595235444967806,
-0.270592429616506,
-0.00626835765805646,
0.827521450240017,
-1.31602745988569,
-0.222410003412975,
0.944364710107856,
0.763292763940675,
-0.625132383990057,
0.126426086902938,
-0.351088492546091,
0.227040695575678,
-0.129880755335704,
0.960628420369063,
-0.947358647675678,
0.918784428492399,
-0.564364542744288,
-1.32329533980992,
-0.347863928672835,
-0.873494101272043,
-0.399312518268270,
0.678908314970906,
0.207163320910512,
0.338653784086713,
-0.612115368849517,
-0.451864468015894,
0.0219847101321494,
-1.13699740423503,
-0.364971858314959,
0.400063933404393,
0.307330032219545,
1.16117773544635,
0.719443031489591,
-0.111858470441680,
0.271345773925984,
-0.901636522281669,
1.19708432590282,
-0.115038130339512,
-0.527452804775419,
0.103930844918713,
-0.329380838492609,
-1.15967778389256,
-0.592514861503254,
1.30341627776186,
0.910800129853005,
-0.771781004494680,
-0.0236290491927354,
0.195782578898135,
-1.30829528408707,
0.368361789202674,
-0.629676230802636,
0.422113280251377,
1.17313578485868,
-0.0325249630509917,
0.0440758591637868,
-0.688463573085423,
0.0744964979871021,
-0.578180210728775,
-0.310313346600509,
-0.104499062954089,
0.540220491443251,
-0.453243050349025,
-1.34577220089343,
-0.671297295502202,
-0.282770021273006,
0.366755151046687,
0.818918729498136,
-1.20735882268760,
0.195347557956259,
0.220407805460744,
-0.0489003536181234,
-0.379453563049609,
0.562432870285460,
0.662017884518185,
0.0910908741978931,
0.253029881907351,
-0.587965249768340,
1.08660574327446,
0.859536974603492,
-0.360650219722144,
0.950371852404550,
-0.548800430413336,
-0.627879457373463,
1.28209098223682,
0.227392701268896,
-0.235683972122181,
0.171598848308793,
-1.49319103723230,
-1.31692095459573,
0.751365964646587,
0.476551773637622,
1.13539564254200,
-1.23910298972750,
0.416836005597139,
2.33106204786888,
-0.389812448787703,
0.0282688465213118,
-0.230714271272443,
-0.0982907394832978,
0.0235611019810851,
0.0375852333985460,
-0.206175682035220,
-0.929023082614102,
0.677564056867520,
-0.206524687592490,
0.603951378589270,
0.482406278508453,
0.150011684524937,
1.21545703600042,
0.556439002894721,
-1.00939010033027,
0.412221602849107,
-0.400900298176323,
0.499228328752193,
-0.505572630064291,
-0.786258658413449,
-0.0979658193334150,
1.52296619567916,
-0.661674134690535,
0.865564613096142,
-0.0243560200671489,
1.03494014870013,
-0.957856294590250,
-0.945198609394485,
-1.05785154829225,
-0.646048762929452,
-0.220486483057914,
-0.988523059001167,
0.681326479235786,
-0.0158781324561852,
-0.446307560535453,
0.0503332919942039,
-0.540314146852786,
0.148650849130440,
-0.0352936698831922,
-1.35537351151092,
-0.868752537210390,
-0.930452548538215,
1.47179851103804,
-0.405428595446577,
0.663989063999567,
-0.230224508205019,
-0.494808022223022,
0.0550243220746152,
-0.0842236709975853,
-0.372910182263272,
0.895524870460362,
-0.617008457120607,
0.272332584801476,
0.770391973811526,
1.49838758606575,
-0.330470023904833,
-1.06787898465218,
0.112377048642347,
-0.0893127155430917,
0.837681722514168,
-0.555403877856225,
0.507618765030424,
1.76771667664988,
0.617174433795616,
-0.374695961248316,
0.443692010107915,
-0.397289531309987,
-1.33021524468634,
-0.553544885020141,
0.486344572874621,
-0.173439655959171,
-0.625984015251563,
-0.336021199106032,
0.369010348365231,
0.476717245566126,
-0.216400331743433,
-1.25441767496236,
0.626285231222243,
-0.632179880078781,
-0.369182223577153,
-0.0564107191258207,
1.28729416171312,
-0.662949257149999,
-0.00672089566767350,
0.677053885670771,
-0.0222835582040568,
-1.11550691779891,
0.761136873414959,
-0.128131955966104,
-0.120733798565308,
-0.572959656348095,
-1.18004114653677,
-0.628250479744236,
0.248230406679988,
-0.445769664509035,
-0.794726126787640,
-0.698805047726864,
-0.000163670389581930,
-1.60686447262265,
0.0102834339575957,
-0.561705436116770,
0.465079524337449,
-0.920912038108687,
0.883920669640527,
-0.721477208331336,
-0.297811453835191,
0.322729750675959,
-0.160633474298145,
-0.916029521012563,
-0.632187275393182,
0.273108342280075,
0.264345338518585,
1.41972864332551,
0.556384279359428,
0.159733359311532,
-1.61640274934863,
0.529299026860682,
-2.00891534317404,
-0.119080887662083,
0.998323542433124,
0.615324816989282,
-0.287309359746282,
0.104027825127689,
0.149155995211651,
0.700368406713818,
0.988048220094535,
-0.443583403682834,
0.465316895956083,
-0.991628303466207,
-0.432108441501370,
1.42487001040103,
-1.07077874615720,
-0.553445250713115,
1.55067234214843,
0.267618373045439,
-0.874435520407516,
1.15277913296961,
-0.757266918856126,
0.463919735242687,
-0.743185930231873,
2.15255125858317,
-1.22597003760761,
1.01763952205350,
-0.833186091676844,
0.244017706725186,
0.305479610256731,
8.62697950133777e-05,
0.0970894037901960,
1.04301444215225,
1.09424822643336,
-0.304260058245924,
-0.0102939176716637,
0.361922301997860,
0.518111033698303,
-0.188357580861468,
0.545246438691346,
-1.03416897855468,
0.685984683481390,
-0.467236760632136,
-0.352986275707307,
0.327082379547677,
-0.0903328547719770,
-0.856251124884016,
-0.411437546582623,
2.11443162104972,
0.0171896308320259,
0.124068326423176,
-1.18876999186277,
-0.650556526214957,
-2.44627325675849,
-0.419024786082588,
0.0986441175359582,
1.34270982891762,
-1.39253543219091,
-0.488359626238702,
0.453993313809879,
-0.755030867977003,
-0.326340263935563,
0.219031022048533,
0.334697878332923,
-1.34179053226488,
-0.503196996321639,
0.577003963605643,
-0.581272817766468,
1.08765401655381,
-0.0122369900587580,
0.341799708822666,
0.974833666925112,
-1.57064866336608,
-0.447373634122832,
-0.975446133344788,
0.329351979751002,
-0.569048521874520,
0.514864916851615,
0.467777640648599,
0.296945172519485,
-0.987197275344905,
-0.710990964244794,
0.130484087212709,
-0.113868955366585,
0.934637462146627,
0.816234099756510,
-0.531133670905952,
0.179998980506790,
0.782997517235751,
-0.682905299407193,
0.149221812508147,
-1.26545647486270,
0.434476448794800,
-0.507774985445950,
-0.705100373845237,
0.246236929694175,
-0.550315065815771,
1.14370895328193,
0.300335642104829,
-0.522025967742876,
0.545296997503658,
-0.557373660815439,
0.359167953862448,
-0.602579939081551,
-0.846908111478759,
-0.608318302789131,
0.877941760434172,
-0.250664319137668,
-0.556747669867139,
0.115604397396746,
-0.768767339672516,
-0.119422759820083,
0.0580912151046997,
0.0199257969753331,
0.825222858855775,
0.0690776078837560,
0.235199918055035,
0.165178191301273,
0.351148035512061,
0.794759173545885,
1.54022440646544,
-0.415933436357977,
-0.344269791524394,
-1.02364933056322,
0.989944929473633,
0.242569875568348,
-0.327862019219181,
0.609231744230570,
-0.139651546361802,
1.11286090111381,
0.641984832799155,
0.125270816320025,
-0.617740415160322,
-0.549812615930207,
-0.205605092845638,
0.194825704724677,
0.00341412224907773,
-0.589609262559293,
-0.0885361946212032,
0.119707591468576,
1.29292749553352,
1.03715937727250,
-0.581557049668833,
0.348816138212392,
-0.386382169102998,
0.355958603648952,
0.406100972152799,
0.540121664447543,
0.445533514298534,
-0.260731352378970,
-0.482679246239649,
-0.415821629931321,
-0.520365453961623,
-0.394438386497196,
-0.656420290603221,
0.326180238233961,
-0.124541992422424,
1.09158444654920,
-0.565609803466206,
-0.160844459483445,
-1.70719683211867,
0.267142155653631,
0.295233256708006,
1.67177248715033,
-0.211410304451988,
0.264731281099570,
-0.601820315004089,
-0.532231632987316,
1.08407733346155,
0.621062529141881,
0.783138363298795,
-0.778181678342785,
0.355147001704289,
-0.491014174752172,
1.00276085853175,
-0.278229849826055,
0.809574954241686,
1.05728183855812,
-0.214322779064420,
-0.900945528435009,
-0.484349739369249,
0.629531444364402,
0.972473869276028,
0.664382459999921,
0.768020652402362,
-1.17794775060603,
-0.0780679557663773,
0.472473484455816,
-0.895360488761976,
-1.65716568228752,
-1.09959626246183,
0.434041852236324,
-0.181743656322510,
1.05660636752638,
-0.672632112164628,
-1.05594034218542,
-0.395306058993988,
2.57538410280680,
-10.1348051054285,
0.426946086015749,
0.756653481348523,
-0.981754679623695,
0.00582009213098180,
-0.469680093271752,
0.0981483806771428,
0.798979221627889,
-0.347383908682694,
0.402564707723595,
-1.05709113004115,
0.493303616884940,
-0.0916676885988360,
0.593873535504392,
-0.456776656626343,
0.795757797701584,
1.09976570691113,
0.704396178036317,
1.56178440730436,
0.0999666214171452,
-1.04961176593498,
0.336649895175686,
0.537819826551161,
-0.0379253484839085,
-0.114889889000999,
-0.144241697257901,
-1.60384037239874,
-0.168115863538758,
0.391503699485773,
0.294505881605798,
-1.00599361791978,
-0.230384388123409,
-0.307004407105929,
1.34216534679438,
-0.628896366152397,
-0.188933977782861,
0.282871074611883,
-0.187146153383581,
0.604615049222705,
0.298144092772825,
0.380452416239240,
-1.14217641844448,
-0.992265023418761,
0.369674042964736,
0.772200352852629,
1.03686938487140,
0.475718009228588,
-1.03839174479892,
-0.672048406527359,
0.0857727358980466,
0.693172711084724,
0.686927235790083,
-0.626894224358947,
-0.683922556668326,
0.172701494590329,
0.541318275072613,
0.522078511024411,
0.147531690294177,
1.40562730838250,
0.354355368982235,
1.60003713579194,
-0.790019243748596,
-0.209639855832902,
-1.09397849681776,
-0.542431121446584,
-0.839970350711063,
0.123322528216318,
-0.662969010445025,
-0.727754911852310,
-0.721682054308060,
0.341747664623399,
0.161351785870739,
0.273992136874617,
0.960590555058334,
-0.0157281063509804,
0.969161166712608,
0.322058641944429,
1.03581785561656,
0.751890451060210,
-0.247031225228733,
-0.0201062708630839,
0.0945310038535319,
-0.0689090830118264,
0.346323596209492,
-0.382272111615687,
-0.359625408404828,
-0.490184425058947,
-1.17697200905802,
-0.256124221161281,
0.135555370077837,
0.589827695641589,
0.275423466497160,
0.398452076211742,
-1.32884365444066,
0.446371443968434,
0.0843472339998753,
-0.532467454369491,
0.977336805182682,
-1.19403937532677,
-0.181241603397326,
0.194383255793114,
0.715687008363268,
-0.00524503337478126,
-1.10933112522261,
0.532608038293083,
0.131020027478366,
-0.147064642440638,
-0.740524113817564,
0.411449982846247,
-0.397709995019457,
-0.205372104235506,
-0.675895471456584,
1.51254953337934,
-1.41518443650026,
0.192831588207188,
0.175214056481403,
-0.863288496257534,
-1.36469696758336,
-1.36462533014458,
-0.0606191322291147,
-0.861589421731946,
0.126915138052400,
1.08928875931502,
-1.44612012730762,
1.02272493600934,
0.636126344379124,
0.245870883100797,
-0.305661559940028,
1.55302624630102,
0.883697189179445,
0.0818346454039189,
-1.66529100718605,
0.285694454199763,
-0.103981637771391,
-1.19831317677953,
-0.373589494869169,
0.875772259761799,
0.157137000100307,
0.719423901588336,
-0.301557197481309,
-0.104084845013755,
-0.223575915295344,
-0.445098318584939,
1.21535491648342,
-0.300150215888030,
0.0999953104632918,
-0.381938787002224,
0.298032368688476,
0.812548983235212,
0.750664038603241,
1.24434276827062,
-0.403073118930675,
-0.963632435809264,
-0.963849765158165,
0.119107936127372,
1.32511285749209,
-0.284668880515509,
-0.264362736817406,
-0.908336789833996,
0.430755636480790,
0.0452333411932339,
-0.0320918974034320,
-0.115217774896295,
-0.350294748243620,
-0.333872958549152,
-0.309534384341308,
-0.216003123292262,
-0.162013962917611,
-0.886362165759620,
0.791016233925886,
0.255624103755062,
-0.188367645231588,
-1.02639714336593,
-0.219441623344105,
0.661983307197938,
-1.13286268641884,
-0.173270681047355,
-0.446955988324830,
-0.0433820213270976,
-0.467133104749713,
-0.448648278304581,
0.229230833750180,
-0.971548331224820,
-0.0979126391182059,
-0.494790935470360,
0.979359105700708,
0.422373694424840,
0.261806540004552,
-0.626548534325812,
0.165982454452739,
0.204050668025459,
0.888395669232012,
-0.214441603951029,
0.0827833178205385,
-1.02844457281232,
-1.24697652822355,
-0.632031526255960,
0.406075481645852,
0.922514258146204,
0.342066709711601,
0.336037170727873,
-0.724288498998215,
-0.462658807512327,
-0.583121005394247,
-0.269872168565572,
0.388722903190408,
0.390372170953995,
-0.915461608009067,
0.374116811757215,
-0.523933308771158,
1.24689333741975,
0.337996345067724,
0.361667954835206,
0.0203255764937286,
-0.261886343166796,
1.68799852443235,
-0.854381464049924,
-0.152869425608632,
-0.871259029367163,
-0.958972157425217,
0.233074084892149,
-0.601621962022626,
0.130367706703997,
0.660332807657290,
0.118738312638615,
-0.529123439807131,
-0.194013987207864,
-0.242353702689095,
0.274206410108345,
0.689604273041892,
0.0213954967151545,
0.279300475109170,
-0.170377607439134,
0.690596368938102,
-0.351260676773848,
0.0666806327806798,
-0.424184008929480,
-0.536593326306532,
-0.377983962862533,
0.233500777054442,
-0.397494934872788,
0.0273891452526032,
-0.294296923199673,
-0.361680893668613,
-0.887505897428456,
-0.0243172962646153,
-1.05355848691824,
0.346904823648410,
1.19998287460965,
-0.217485556301615,
1.56537826654319,
-0.0808785107101883,
0.353147956966624,
-0.0501536866815938,
0.391152847743979,
-0.604323900365754,
1.55079329953104,
-0.886779409483287,
-0.0111078673545778,
1.11765236194662,
-1.69643278732926,
0.662480809950179,
-0.540068037936247,
0.0120060954134037,
-0.862773921933669,
1.29203095215691,
0.525493992701510,
-0.684240074593808,
-0.280890905766646,
-1.19207733884538,
-0.745383472492579,
0.611532332849160,
0.0266311124194844,
0.993905628712994,
-0.144208813616011,
0.288892966426368,
-0.355073024413425,
-0.800828993934526,
0.584506297035966,
-0.0897145130666631,
-0.180793962203447,
-0.00434184110328503,
-0.123491476921967,
-0.167193721312238,
0.654952054413640,
-1.52211795837444,
1.67025826400399,
0.305643910385184,
0.0324644029642818,
-0.192760141679877,
0.809393159133367,
-0.171083738561011,
-0.670722171063245,
0.816401661224449,
0.822988454761558,
1.01868740488461,
-0.600047896350427,
0.579377878298267,
0.409257195070491,
-0.0737478948687439,
1.33412891339193,
0.119858611858333,
-1.18168814068044,
-1.09438943934716,
-0.950006953676357,
-0.943129337455719,
0.328670715674839,
-0.399366419048729,
-0.950828323036613,
-0.680759487640330,
0.425294681620757,
0.197297694334463,
-0.232876500473485,
-0.115155732252292,
0.701249015585705,
-0.448903230379478,
-0.0109681285040464,
-0.249855559919119,
-1.33438816565798,
-0.0300727104917466,
1.49332922282572,
0.527235423100864,
-1.23465956384843,
-0.141551143016378,
-0.276404898195466,
0.401680458226655,
0.115648592360581,
-0.241072875633198,
-0.0329220923201665,
0.154556022015130,
0.306132536643980,
-0.735996559626283,
-0.197585184813916,
-2.20422853985928,
-0.0691483891086716,
1.44365330389609,
-0.182647809085012,
-0.446842891504953,
-0.117699939439843,
-0.368789232144815,
-0.366581299568058,
0.577434829330765,
1.68503942534932,
1.08165395430156,
-0.0849726965274349,
0.121958460539613,
-0.575971363977156,
0.187269962947984,
1.02306297224154,
-0.0128767006175222,
0.115698438355008,
-1.02510540602691,
-0.985371762900666,
-0.182165605819820,
-0.162211112312731,
1.35952771928242,
0.701801523201234,
0.511119875694278,
-1.61909088222444,
0.110608252338549,
0.589324176559734,
0.553258484061889,
-0.100763693931368,
-0.260913691575159,
0.513538809441680,
-1.13129994986477,
0.101084366162590,
0.222810607317714,
0.763548296439390,
-1.42128916526591,
-0.239308520527030,
0.695138340598731,
-0.145820639164754,
0.431108935170842,
-0.408307898560611,
1.06550791547414,
0.832854365513192,
0.0135928894790104,
-0.415235277825029,
-0.803420214526390,
-0.374866597368175,
-0.577818820939099,
-0.178403525973271,
-0.837552024012326,
0.430162327510044,
1.53692667235221,
-0.490973755799247,
0.938863897890647,
0.806235701174729,
-0.0999628634453132,
-0.152369118870298,
0.540970803502270,
0.514679992282327,
0.822594599955735,
-0.217453898767683,
-1.17371747463614,
-0.109540917928397,
-0.669905399157754,
0.0357187228476356,
1.13355542824937,
-0.126664359023719,
-1.88711989789501,
-0.325018430102499,
0.384434849766493,
-0.483541545437925,
-0.223570291258060,
-1.09151316923337,
0.301131564812396,
0.848013072490804,
0.771295402355616,
-0.857673900348350,
0.282831485445992,
-0.158967283808767,
0.291563115052488,
-0.583780421624379,
-1.42337536884616,
0.241411452031030,
0.544825077846551,
-0.256340746994101,
-0.591617199122837,
-1.39027926240049,
0.812111845554138,
-0.970687272254783,
0.564239826381773,
-1.35291726795239,
-0.230955622995973,
-0.292096477802187,
-0.740508747827702,
-0.0389916298350926,
-0.214832504315967,
-0.383036289938804,
-0.305626886496944,
-1.12545256960917,
1.14486852489714,
-0.226293828741611,
0.584680149587995,
-0.892492923846392,
0.328228178452831,
0.173142983591893,
0.490871982785815,
0.971951133309660,
1.23897301914481,
0.141142145574151,
0.140709042523632,
-0.656556728198656,
0.826012141803521,
0.444959587738849,
2.44552096503965,
0.693108888828043,
-0.297062287191317,
0.0756326906436504,
0.173375864238279,
1.13570643248526,
0.235116969025008,
-0.145162165515969,
0.361045274076332,
0.243598679920325,
0.0641732403916529,
-1.35643686783286,
0.150847490546909,
0.213519374098200,
0.0168774981437318,
0.387498068097791,
0.132530217231912,
0.349995715639008,
-0.285646073678282,
-0.822091876861725,
0.479406526390070,
-0.422977696237951,
0.244915240158574,
0.843865587634590,
-0.153992286677293,
-0.0961531429430524,
0.282544260018402,
-0.0350883729101220,
-0.0139120132721165,
0.162590945030218,
0.684118477897950,
0.0475127216440633,
0.609169872887312,
0.465264161212294,
0.858307592080213,
0.635864633566354,
1.37711027225113,
0.175222911111478,
-0.186456401753761,
-1.63102076187047,
-1.61760146036105,
0.970128107731170,
0.158815764137739,
-0.497814261133777,
0.157332139050535,
-0.323510922769190,
0.602702619658855,
0.309062399902239,
0.227224824207169,
-0.918769547378779,
-0.610200475795037,
-0.208778924253583,
-0.455404627774632,
-0.841949731471974,
-0.690014267402594,
-0.523663781299892,
-0.0555322582575121,
-0.0324981662005911,
0.128937938005432,
-0.337605844620307,
-0.533477872298985,
-0.700417452374012,
-0.347278664838191,
-0.159392770437371,
0.259416287859015,
0.694539189040742,
0.406219201877110,
-1.12028175993587,
0.211866704000323,
-0.104042376437834,
-0.509592150473984,
-0.267285709648578,
0.449755323298096,
0.163621328624623,
-1.03329199175064,
-0.464275419641529,
0.423451723350697,
0.583117373904894,
0.455143800650241,
-0.149983156339766,
-1.76350829877280,
-0.171779959000411,
-1.36265421527900,
-0.384325034079703,
0.567763530329149,
-0.811797902404572,
0.495336742094918,
-1.31898445740830,
-0.238457716769454,
0.123298270475546,
-1.90422951303701,
0.0788160732046863,
0.900713619952169,
0.906116685753646,
-0.306489117867928,
-0.380224394486755,
-1.20365210838997,
0.410875927788585,
-0.598465843473032,
-0.403616078793744,
-0.352145638178217,
1.95364860876029,
0.426786471642241,
0.189423249179184,
1.44471095121658,
0.906072901783257,
-1.80506297757198,
0.464848091896929,
-0.551326756094396,
-0.416252396316032,
-0.514271189386228,
-0.620032379979237,
-0.0830099882021092,
-0.336557414148665,
0.791269243732620,
-0.343548079928633,
0.383479788291113,
-0.356071749766937,
0.188158804589327,
1.00553295106292,
0.830252970196460,
0.104784994711187,
-0.817991810047627,
-0.167617365298400,
-0.337120734178899,
0.431319017380760,
0.231995485295018,
-0.874911896373546,
0.902239599876299,
-0.0381637665115214,
-0.307888924133648,
1.76539232511023,
-0.446857715254118,
0.834767899189827,
0.232799028530954,
-0.517161622677668,
-1.64917053767962,
0.576698758101020,
1.12837154931350,
-0.680534237254507,
-0.457103898184137,
1.09619745740448,
-0.731560975015284,
-0.207098155155205,
1.16829217529472,
0.115362430837831,
0.0386798967152634,
1.50637984785617,
-0.479514704564799,
0.740947956662871,
0.0691644265811078,
0.415205002088265,
-1.27078864545620,
-0.652109885909159,
0.579048909823910,
-0.629349492559788,
-0.187606167019670,
-0.558609440609497,
1.05430701666296,
-0.241065555437205,
-0.152802188688001,
-0.541375981974018,
-0.253076808251399,
-1.18069640805420,
-0.0940513094472644,
-0.379816225316266,
-0.751124654813684,
-0.0261834086135968,
-0.445725750594479,
-0.362136473897645,
0.214301273058356,
0.136735236792634,
1.26373108608827,
0.558380441457345,
0.176855393050775,
-0.584514641994480,
1.53009802771596,
0.120334485289039,
0.864716388762674,
0.0659012473599267,
-0.0972097678963913,
-0.235344463277837,
0.906127090625337,
0.693321096663529,
-0.448171291182413,
-0.934228552629700,
0.543425120654991,
-1.03402544641867,
0.550852107069381,
0.448924346967848,
-0.503959205173678,
-0.207323248928400,
0.235777880259111,
-0.261889657073347,
0.497871403340426,
-0.711386945356557,
0.569407889807522,
-0.888194595951939,
-0.149437628751711,
-0.763993229580303,
-0.142739226406919,
-0.802295462314172,
0.842429441746556,
0.759566417778629,
-0.252951699522108,
-0.191877785098508,
-0.242513601181399,
0.580366495283852,
1.07197602095932,
-0.671022150665937,
-1.07553182191157,
0.518543254609645,
-0.452926046267427,
-0.146184015498433,
0.128061508315334,
-0.188648122606380,
0.297562224851878,
-1.33069270681264,
0.200520425625324,
0.152548905505524,
-0.374167191385256,
1.01749709615598,
-1.11432137580385,
-0.165137515629501,
1.49903280520841,
-0.0455646469961177,
1.25116191788479,
-0.818639714165244,
-0.236188862256239,
-0.145388252757862,
0.181031136560238,
0.0109621579962658,
0.497790315617209,
1.19736542194809,
-0.293305430472062,
0.217393919230844,
0.377572543699392,
-0.741980427695919,
-0.0784760287150617,
0.184916634691238,
0.366812900365706,
-1.51760302012387,
0.364325354934284,
-0.567263536111872,
0.898565880447973,
-0.801664958969433,
-1.17193878795860,
0.276752983631090,
0.221375248512022,
-0.233280553435409,
1.24524325559239,
1.30597036431733,
0.150264020205026,
-0.878822777096712,
0.383610461847682,
0.391503626069973,
-0.923442281794911,
0.0956218911100416,
0.568273817729700,
0.191716728698363,
-0.906319525949829,
-0.0604213282076762,
0.753248013531254,
0.0285731673850317,
-0.0739878927008575,
0.0398179393851028,
0.969284254519403,
0.623672976708303,
0.535669561901144,
-0.910902952604660,
-1.65809283685833,
-0.525978036464686,
-1.29932425555507,
0.721238139555494,
-0.227061863293641,
-0.164807052788459,
-0.196106761841777,
-0.388557634040213,
-0.111619743787667,
1.45071211527876,
-1.11311893721346,
-0.808176876449942,
0.0877905392225907,
0.660835568095293,
-0.750267601413328,
1.09611249253337,
0.856084293621729,
1.64001949672426,
-0.643890773892842,
-0.918187774490684,
0.789930640351173,
0.471488371939545,
1.26568737307157,
0.549141751040508,
0.241350174784852,
0.515621666281776,
0.119575363932260,
-0.880878390699977,
-1.08689719329195,
-0.959878835420146,
0.563638227618491,
-0.993700284793706,
-0.536371500468424,
0.977955048303452,
0.746685861948854,
-0.978374931069058,
0.109073850054127,
0.391265732801374,
0.0381395097912594,
0.275483279651795,
0.405360403533549,
0.681885571230847,
1.22827532730834,
1.55148046069623,
0.508672965678847,
1.24921823099871,
0.599016553671858,
1.14454568900555,
-0.123177745742561,
0.564462942631713,
-0.287062612413158,
-0.697307784264398,
-0.0259520688251446,
0.964036663534463,
-0.300544836299257,
-0.201554362380557,
1.27348098334329,
-0.577522377034586,
-1.51265978655785,
0.254183075401211,
-1.34478721700084,
0.0265532457784839,
-1.15687222677126,
0.429497791418537,
-1.18307799953539,
0.607772227544805,
0.187868636125969,
-0.624071733710449,
-0.391602121272573,
-1.04282085717849,
-0.200448776880054,
-0.384036443882875,
0.166534511856372,
0.494730185817309,
-0.131906524143039,
1.04372837302357,
-0.794716182499117,
0.344089796652060,
0.0378328148099591,
-0.519004186625046,
0.403746256961844,
-0.148306765367564,
-0.302309558721753,
-1.78145023673670,
0.411838855292202,
-0.0554434845400173,
-0.418803097727039,
0.420949632893948,
-2.04476057520611,
0.611405243133057,
0.461424742620343,
-1.19301928207528,
-0.805922951127517,
0.138564434518037,
0.820689578735002,
-0.278804321527079,
1.50893727820441,
-0.479602994002955,
-0.217394376405177,
0.00774232403166324,
1.32546294759975,
0.922004776402479,
0.406595221641519,
-0.207321833514013,
0.331988597399645,
-0.151245140111755,
-0.908686065670880,
0.868387193080795,
0.868431329160702,
0.350050160322216,
-0.798060299918368,
-0.0485709182415547,
0.317779892850144,
0.718774714230160,
1.57895616223276,
1.07468754003802,
0.687821453850124,
0.892854975530630,
0.152700673883290,
-0.318580020651446,
-0.163889004112868,
0.791071385072533,
0.356076914617900,
-0.512880559669273,
-0.127943481408627,
-0.502837382581837,
0.628836413238259,
-0.869397391468763,
-0.320985840357548,
-0.181231828831029,
0.968035869100384,
1.00055318248518,
0.932983657696191,
-1.44421799073000,
1.12789793636427,
0.493702672435852,
0.121905844605374,
0.183745177979666,
0.318609647108889,
0.0724685355643569,
0.187719765714129,
-0.182100197183258,
0.0201580803286033,
-0.419210420118943,
-0.425510279003606,
0.0170361611057352,
0.364756520355893,
-0.0611705426332599,
-0.701161689401068,
1.41299234535864,
-0.252583481096500,
0.358892972224187,
0.601109372029764,
0.446515613355002,
0.578915158183378,
-0.271747903346194,
0.0262766763558702,
-0.535589402029113,
0.927903286720252,
-0.352268126654429,
0.0247231512638524,
0.260292769668085,