1.16504704664354,
0.209779782653250,
-0.890422650029490,
-0.822417409103115,
0.0376111491445002,
0.113312578855425,
0.512057409248349,
0.130669195363148,
1.36395850059302,
0.739043928265070,
0.766484631504329,
0.172128073599614,
-0.560193862353536,
-0.197624781281287,
-0.0414510245239816,
0.00630082715388883,
1.37261843267408,
0.786775056305440,
1.15165833476602,
0.0957179409451963,
0.500515250944843,
-1.04655118171228,
0.0949336811048228,
0.987399981415173,
0.303494633874314,
-0.766189907522791,
-0.611538210514468,
-0.622722702146242,
0.0641051621274961,
1.15916580487883,
-0.260250860960414,
-0.652957730521288,
-1.94772355512417,
0.908190452081569,
0.394226561846434,
-0.549714814188224,
-0.0281170385196800,
0.883441763990867,
-0.700190240375037,
-0.358285431018664,
-0.00266395753562374,
-1.00157051003076,
-0.764887002676367,
-0.168305057878353,
-1.28201548986021,
-0.843827650066742,
-0.437649295141111,
-0.308092945951455,
-0.695094143172273,
-1.32276847850666,
1.77481848133667,
-0.278394201700194,
0.239559268391191,
0.164650154253539,
-0.507379651466267,
-0.542492264773745,
-0.585775165616250,
0.0236839276129940,
-0.0229485873690263,
0.507238666300835,
-0.896286648221488,
-1.08147130022185,
-1.00425491673299,
0.164414542416220,
-0.191039203090838,
0.548238226325375,
0.462137554163796,
0.483340617746246,
0.168161726797692,
0.160977613159386,
0.644560385035213,
-0.0980612627261431,
-0.210884475173149,
0.0630493219348856,
0.00746773061359328,
0.695935490729170,
0.904832543955334,
0.771281835705146,
0.386191466930708,
1.18439870627904,
0.541681038552858,
-0.894298659399412,
-0.614678556460847,
1.04469840761846,
-0.735098191312080,
-0.443528435370468,
-0.351581110960752,
-0.601921072542932,
-0.115571435727363,
-0.171127349315946,
-0.361776204132254,
0.661193429649538,
-0.544820789124585,
0.200473435713447,
0.417654458350652,
0.872879571206720,
-0.224169603523486,
0.0663630037903893,
0.653519181319564,
0.400843480188664,
0.608498320354048,
1.20896612273300,
0.544958034617383,
-0.0302677121431926,
0.356243079142437,
0.980062793149253,
-0.533434081611457,
0.341812579562910,
0.0233399040591467,
-1.02076630903233,
-0.840479620418318,
-0.953454663518249,
-1.03793816284379,
0.0713576504936623,
-0.676082612165526,
0.561522069524629,
0.385228621258549,
1.05666956258258,
-0.183122663120655,
-0.408168997382703,
-0.326124173696278,
0.557687061758858,
1.28113721151970,
0.879933580554214,
0.329216122740252,
0.280108474448245,
-0.814759463899173,
-0.401775526695627,
0.396223618585757,
-0.465499138947814,
0.776019074818139,
0.736085678985993,
0.777930515995843,
-1.15025292355582,
-0.704194771801418,
-1.32185143548688,
-1.30963433467802,
0.642175118651022,
0.999132033323057,
-1.65202748564315,
0.346909220953458,
-0.456726771427365,
-0.686343424376051,
0.726794548271035,
-6.00929443256490,
-9.34369759536074,
3.81430173365402,
-0.904341450818631,
0.251610488581304,
0.731186335382515,
-0.0336132287955578,
-1.15306453004741,
0.824766703073370,
-0.463794372579915,
-0.0180489316075082,
0.112019704267400,
0.401198011465620,
-0.933956138707799,
0.270199074977820,
-0.646527319173071,
0.0150509839672614,
0.116755027186141,
-0.537996077520703,
0.870118122451662,
-0.617408077278482,
-0.480060013295771,
-0.613004901634320,
-0.0192734941578921,
0.968425115879107,
-0.948553090648036,
1.27354415487910,
-0.790506810594252,
0.334296142208946,
0.316839151723115,
0.304105046627900,
0.402828469908419,
0.501685872004281,
0.992201669187755,
-1.31417829506132,
-0.257063311143886,
0.253992878797696,
-0.709948698073943,
0.114879190782557,
-0.558885418735629,
-0.422378802985650,
0.209647408263466,
0.703402980737427,
0.853304909130061,
-0.465096255208979,
-0.632940678670806,
-0.767772929774475,
-0.0550417142057773,
0.648392181443577,
0.218036528819448,
0.970082825653716,
-0.198889866081753,
-0.533821709247112,
0.392259887615443,
-0.515072452616977,
-0.314224575192564,
0.491859190316657,
0.351107392582511,
0.794003627765714,
-0.602638815046288,
0.761496939696300,
-0.00297594750682434,
-0.347250211599663,
-0.237007909394220,
0.130353960123229,
-0.509491887304551,
-1.05102671333094,
0.225822779594493,
-0.262013852441585,
1.28691235257278,
-0.669357570727197,
-0.133883678099787,
-1.19946161133106,
0.0139095599074260,
-1.45831707930538,
0.495845564939101,
0.416564352384547,
-0.511228631202129,
-0.867049359658026,
0.459620783454603,
-1.02248534389847,
1.07182728713791,
0.280507099336831,
0.0883101300716848,
0.746506711352699,
0.286645129593188,
0.621887362111995,
0.321225171625732,
-0.703710951541192,
1.11242641632667,
-0.834800441895455,
0.0355029274309468,
-0.180808164177319,
-0.483530995747212,
-0.202921233597979,
0.410749644455989,
-0.529180157658707,
-0.0984315210008519,
0.206612636055007,
-0.458218235877871,
0.180182173047652,
0.621657765196011,
-0.965613943373254,
-0.335667904354013,
-0.768612162491773,
0.959465981723957,
-0.959423518186022,
-0.230866429433437,
-0.136815693102914,
0.481979598936881,
-0.270338824778109,
0.775417828026338,
1.38244517150256,
-0.304982798963358,
-1.31236828013153,
-0.808385726512720,
-0.291926517527350,
0.0199031163425611,
0.134565893969788,
0.0820783883896960,
-0.133215940308588,
0.276977730708215,
-1.64785020502584,
0.387766176358489,
-0.245403039150822,
-0.219285994969596,
-0.971871521910209,
0.193704643848317,
-1.03091438438458,
0.831239847231633,
-0.311104528729989,
-0.204247155031144,
-0.105160132910876,
-0.862113696527580,
-0.0881200660813743,
-0.881432875980703,
-0.739288001026953,
-0.491788741287985,
0.658256763986586,
0.737585978443183,
0.525504722188554,
-0.496621411796225,
0.603374033757757,
-0.270250354459622,
-0.142830508970028,
0.181325400659695,
-0.301320579316079,
0.708385084645994,
0.465236616109115,
1.48358615942967,
-0.284033971343905,
0.374848051604456,
1.30398059659646,
0.0682953907963960,
0.230004035406061,
0.137178503017712,
-0.407871752006872,
-0.387818465723926,
-0.247377688930140,
-0.237039717327985,
0.271886465668812,
0.593054625801011,
-1.13266542911589,
-0.450531796037991,
-1.09476423467899,
-0.606524938823251,
-1.99981569565790,
-1.38613491636480,
-1.64300354259694,
0.967584235185537,
0.0534549139235917,
-0.495549922256055,
0.0436280703770686,
0.0934564476977785,
0.933230691041408,
0.273678950413032,
0.309293201124975,
0.0503717282363310,
0.727026922928774,
-0.781668124980873,
-0.436085626682771,
0.515203118961643,
0.413066969806612,
-0.882634681072619,
1.27038505213586,
-0.589128273756636,
0.219211544748389,
-0.761546133987727,
-0.136015871466517,
1.07162997014513,
1.96805086959140,
0.429070355309030,
0.953067870624358,
-0.274579306811831,
-0.193825816014194,
0.218474717775286,
-0.0272552284809391,
0.247624510052196,
0.396371134736748,
-0.605336549830736,
-0.270792742881304,
0.401421174229163,
-0.783212993216071,
-0.633212246133669,
-0.464786759612209,
1.51002312886884,
-1.60183834225003,
0.977454689385635,
-0.303097236392225,
-0.561888453415811,
-0.100048617751672,
-0.338572027766852,
-0.314817899404783,
-0.806570102791023,
-0.220615534744664,
1.05057875001372,
0.353206513860699,
0.00922492863857883,
0.538515122099943,
-0.691060142286154,
-0.739719854297738,
-0.150694171242411,
-0.867628877693579,
-0.0885130809140461,
-0.659020739059389,
-0.403235698955612,
0.268807056842971,
1.10718673285424,
0.158975807849329,
-0.305093379063787,
-1.92249074168718,
-0.905204469929957,
0.352662871567879,
-0.307124688892532,
1.05033873595233,
0.783913477638342,
1.73821388882321,
1.09817067556462,
-1.25301815302334,
-1.49411004412226,
-0.501041389008229,
-0.788502472681474,
0.0470268932391731,
-1.06013299381813,
-0.726206346115078,
-0.695857998937138,
-0.606626406172759,
0.202987865527066,
0.524885675970651,
0.719358290212944,
-0.925215074002447,
0.562680457291547,
0.305879209735155,
-0.586942934468441,
-0.231444997164860,
-0.579524256651797,
-0.229026106284990,
-0.233481124036816,
0.617628583887546,
0.114415960288924,
-0.565076508025891,
0.0771910835016075,
0.485402140197013,
-0.439810192155425,
-0.668113711063543,
0.0221003896133937,
0.371140335258005,
0.441872466514024,
-0.276686608587275,
-0.820446605222693,
-0.189171894754717,
-0.826211972044115,
-0.114406376901507,
-0.196517213895059,
-0.245816212962464,
-0.762725977962033,
0.188879940908731,
-0.864735527517217,
-0.580746409604598,
0.162132216042630,
0.802319839550934,
-0.0109980662428369,
1.06422632407410,
1.46215271429806,
0.539421954694726,
0.849319131249513,
1.39493014351206,
-1.64696868852673,
-0.0476030232342238,
0.522393051122329,
-0.826646054314097,
0.481258999507568,
0.165211193954968,
-0.586581963452372,
0.573265407530682,
-0.0811386751109801,
0.0358669502605293,
0.460139050124597,
0.161485533131637,
0.0951572809677261,
1.34079816580378,
0.592708427065678,
-0.992329726583623,
-0.212670624795892,
1.13575718779271,
-0.140697640262888,
1.01764223558451,
0.745514380259785,
0.386112419018085,
-0.469298948021175,
-0.0272647252819980,
0.527902041001542,
1.17022902453745,
0.0427398918441202,
0.265735487589792,
0.300350647835714,
0.443950007228902,
-0.297141101656554,
-0.208806849435718,
-0.248690779038586,
-0.512262023659094,
-0.00756914229263784,
-0.0961818572206660,
-0.540024503722213,
0.0876228302180820,
-1.26423899386938,
-0.0778784326123172,
-0.474541474233956,
-0.460166836082121,
0.532085313804460,
-0.949337244773443,
-0.0678591708529025,
0.788198806709658,
-0.171385769897845,
-0.142084381285416,
0.652363287566166,
0.428487466397714,
0.696474701858570,
-0.232843701410993,
0.194278332355873,
0.00231068116056006,
0.931204126669665,
-1.13606410218059,
1.24836719924457,
1.54655271683627,
0.0799852806568282,
0.681136140803365,
0.314567988395241,
-0.474914670705838,
-0.793631892585341,
0.421978899446736,
1.16196184093320,
-0.511622361912086,
-0.563216801953097,
-1.05681071186677,
-0.651269408254759,
0.210448282824385,
0.189836069605009,
-1.53976226780968,
1.32596141278877,
-0.320528308759615,
-0.304538692610162,
-0.159160126170122,
-0.832501561078243,
-0.589142596996675,
0.269386786316041,
-0.306563268514183,
-0.297039947717923,
-0.431604396464457,
0.179183798446694,
0.225461650150991,
0.0639307409711194,
-0.669632476593606,
1.47088086563434,
-0.434018935340892,
0.716852262042616,
-0.610174215853573,
0.0311687524675457,
0.346610045033513,
1.56335485374559,
1.09938182417533,
-0.660772526314355,
0.0842946794257151,
0.385268396000054,
0.731910176908791,
1.01334868140057,
-0.546085621605629,
0.576715843809693,
0.573046288706757,
-0.328488722921572,
-0.358985092310380,
0.0826337394319282,
1.26972412809608,
0.458654090849519,
-0.0506212399756485,
-0.130917643795468,
-0.827070193493441,
-0.613239397488036,
-1.32356058405649,
1.01823616787707,
-0.926259272203716,
0.308845006083182,
-0.466635674682202,
0.173345864974444,
0.536649446899037,
0.431835265502789,
-0.627558913649108,
-0.0422077939672722,
0.539296501972116,
0.241901463200151,
0.111164720966798,
0.291268686449919,
0.287397406385587,
0.510717941243669,
-0.201473098525866,
-0.426445583040177,
1.06035770457555,
-0.519709456130539,
0.920376538601664,
1.37391613602019,
0.250887824462975,
0.863829261313697,
-0.475888973079769,
0.419598570523035,
-0.653487422773530,
-0.0215755644585489,
-0.249431417698394,
0.902314150529932,
-1.25951308645803,
0.594950417459666,
0.290989343338812,
0.448687875632009,
0.568692391169183,
0.146663554175977,
-1.04814837102238,
-0.0699735355279482,
0.101525081893350,
0.160755209284009,
-0.388556752727604,
0.348550806841336,
-0.919539434375761,
0.659141301721412,
0.425772448436696,
0.290912946813181,
-0.763374995002256,
-0.810074921571006,
1.45091803952475,
1.51629069938953,
0.372002449637016,
0.217891641379712,
-0.493807885047933,
-0.0244872548245413,
-0.0218190820721397,
-0.626140399694240,
-0.794756750975780,
-0.0698429891103059,
-1.08948642897955,
-0.170100244011034,
0.0692958791224842,
-0.934274642020789,
-0.208420470789712,
1.47571373138219,
0.870204857208942,
1.00509195701971,
0.279721578825899,
-0.945177554447668,
-0.148075952580946,
1.53306707295900,
-0.397226320521410,
-0.976651176073911,
0.467331224413243,
0.187350476195921,
0.207653217663707,
0.0671692841049223,
0.909173958645862,
0.208631890966625,
1.04785481064294,
1.54316196044051,
0.563511032758066,
-1.09393837880247,
-0.331395326874966,
0.441549296500670,
0.257126310005452,
0.158981621133069,
-0.142815835364642,
-0.465299524466484,
1.79886076831109,
-0.692386724427818,
0.497213348589272,
-1.44755913642374,
-0.728970969629187,
-0.976096367729684,
0.0568400413673998,
-0.160419827991630,
0.995572627664202,
0.661418274288759,
1.16478835667850,
0.598919943547138,
0.678660649725372,
0.125313748026998,
-0.150333883620022,
0.469222705296310,
-0.655581589135958,
1.73913877920870,
-0.521560552424038,
-0.135382504279271,
0.123346865970281,
-0.200177235251416,
-0.523864890414425,
-0.613802923344468,
0.374286062324713,
0.697881401465127,
-0.697671020313358,
-0.153150482015139,
-0.162063513677035,
-0.737338143031752,
-1.97541473500387,
-0.0886699563743168,
0.783290998752271,
0.452551492840573,
-0.478427741122750,
0.0699061914961869,
0.242252836013000,
0.499669102205967,
-0.276191779829081,
0.146434148126781,
0.726836336108226,
0.942606578497193,
-0.684238286171043,
0.833728012566375,
0.857350516581216,
-0.688403902459940,
-0.532330914981275,
0.304946742476780,
-0.276255058361423,
-0.437252099395858,
1.32898793042117,
0.518066542952773,
-0.0195835644941723,
-0.193760413649611,
0.957355044296823,
0.751587284580168,
-0.516282521030008,
1.44004175313988,
0.834452368910429,
-0.808495659315725,
-0.496290859197296,
-0.809181780462849,
1.42226229615942,
-1.85210179132790,
0.895960158017161,
0.130702567505492,
-0.126132618403791,
0.680401446216327,
0.318286940015556,
-0.539454067346264,
-0.360716806277428,
0.553533710637970,
0.406488631677291,
-0.238443511062601,
-2.05685218406963,
-0.574671115765869,
1.50423087645710,
0.383396291195210,
0.194120834239991,
-1.58936247247796,
-0.916077755380470,
-0.838243960098480,
-0.0759248994640341,
-0.245683388388840,
1.24739279400284,
-0.326235687338677,
-0.177944012017446,
0.281662910733493,
0.385979301318870,
-0.966492709178010,
0.723169398098847,
-0.0648738636074912,
0.629004667634256,
-0.0623287149439163,
-0.122389723297796,
0.703887207017473,
0.629850002324767,
-0.335914571413749,
0.145796586505109,
0.0714915488202105,
-1.14802585951967,
-1.37066523366939,
-0.551914613942657,
0.260646683862344,
0.725547034529145,
-1.03872130532316,
0.114910874132669,
0.168707111736503,
1.24862686588826,
0.206949411540270,
0.883773952525839,
0.0431059972952385,
-0.643880956830018,
-0.788895394053887,
-0.896361803974660,
0.296830958961427,
0.0383471341982866,
-0.521673114215277,
0.193659148319515,
0.233688822918170,
-0.291092598843550,
-1.37783471984259,
0.582669602244779,
-0.106417051933823,
-0.334622455646568,
0.235647674047846,
-0.0737736136252197,
0.299532700642626,
-0.0742402939054582,
-1.29966630962558,
0.235292738910511,
1.03162815577812,
0.906867036171015,
-0.237122376628241,
0.224369435900383,
-0.410200503340458,
-0.240470884312505,
-0.0538213563198858,
0.449937779078618,
-0.980390889792271,
0.387540720476036,
0.150590759733897,
-1.03982579750905,
0.480785078664227,
0.652051334210075,
1.02519150726761,
0.129258971306887,
-0.614376712633230,
1.23001248952493,
0.0328323618685496,
1.56420559142265,
-0.429894042826032,
0.389996169398170,
0.175064095549512,
-0.185080910743989,
0.373091368027987,
-0.673887189786269,
-0.0583524697309130,
0.493487115367456,
-0.231750100970262,
-0.568504330896792,
0.681802269730404,
-1.10694924883061,
0.211810197012847,
-0.259347125301897,
0.449598124766117,
-0.432279988840366,
0.950389131860828,
0.232634056668367,
-0.884927782306316,
-0.324629612802113,
-1.96593924391484,
0.0398260246671767,
-1.10411204778718,
1.21319165042782,
-0.113290377107950,
-0.631524833691320,
0.695842549280375,
-0.623032797291192,
-0.196365014903063,
0.390099486788059,
1.00111213269735,
0.182937140780930,
-1.48041536435846,
-0.0665289198899367,
0.347308042838600,
0.213085933288151,
0.634636075243802,
-0.256596791013942,
0.114771364155592,
0.143401432262405,
-0.374319100499904,
-0.400833841345264,
0.416083505364739,
0.0426385136779511,
0.550554580358314,
-0.746306706570315,
-0.595526427046143,
0.190257481214981,
-1.27542589797234,
0.925473152832850,
0.828641868852129,
0.868481214558938,
0.609060878779804,
0.452656470528513,
-0.888792950913331,
-0.210186886439189,
0.339353737762349,
0.315446170007681,
-0.179960763785776,
-0.953202518587525,
-0.0522227064929914,
-0.833927275732424,
1.21464159772463,
0.736515344849827,
-0.140687859635947,
0.667773469334515,
0.925391883888600,
-1.23954310977262,
-0.121576837577336,
-0.313806372564033,
-0.179581477189725,
-0.331639548225070,
0.442631651061129,
-0.509919316294348,
0.573679171792283,
-0.0936540351880862,
1.28564988359532,
0.390267758133491,
0.251529734316839,
0.00288417962736987,
0.835969483524025,
-0.721777195610740,
0.197626522156077,
-0.164537191845429,
-0.996542580691712,
1.14669705450323,
0.258846839756010,
-0.672619002357357,
-0.800328222858861,
-1.05201547222939,
-0.152160137826302,
-0.565539396051878,
-1.02042936606405,
0.588123481401314,
0.554924239098177,
0.642516609473751,
-0.457322890058773,
-0.0564224721951189,
-1.35350323149977,
-0.439248093703158,
0.0705903089661550,
-0.100020860625858,
0.110812327590839,
-0.685851098915366,
-0.121184695225833,
-0.269004691198917,
0.0989233604212871,
0.330784786035272,
0.249031700225156,
0.0901292105671431,
0.569635738291206,
-0.627149152829874,
0.670008008719432,
0.782753998121892,
-0.149861492289175,
-1.42847871152535,
-0.296502031092937,
1.53654403801979,
-0.0436459740536644,
-0.922699662753089,
0.589578179756495,
-0.000810458975800851,
-1.11907877431127,
-0.400175832572143,
-0.464124771410181,
0.0979174313531477,
-0.106017085205336,
0.233038557775640,
0.277226895326331,
-0.507321358944933,
1.50319317961178,
-0.412179014164779,
-0.599113078730182,
0.434931698424672,
1.43283167481158,
-1.61218434576027,
-0.0619016783098508,
-1.41471473110093,
-0.193441319351180,
0.776903714191873,
-0.107020898913112,
0.0699875789572976,
0.258569933651555,
0.506273804980174,
-0.996690989680667,
-0.00617289045918633,
-0.321652089378142,
-0.749929694111405,
-1.07029323140517,
0.833979926062655,
0.0391948333314822,
-0.647919863965776,
0.104505214929304,
-0.283210557075847,
-0.299983084330603,
1.41399842493302,
-1.04873420774710,
1.37695452773494,
0.0988814713006532,
-1.35731332594826,
0.591686434578815,
-0.826408844223768,
0.325729983688156,
0.395326339355636,
-0.0789406247317193,
-1.10091797570358,
0.673336541650870,
-0.760054208658790,
-0.692110613972278,
-1.03193048993478,
0.0655039077100630,
0.657853428181004,
-0.219698840120466,
0.826637382121799,
-0.217196322084189,
0.746823663209426,
-2.04220484009591,
0.930859566940808,
0.858424825343448,
-0.928070580873295,
-0.199140786872040,
-0.655487730572120,
0.328988300267673,
-0.342811394110117,
0.289410609490303,
-0.932448858923733,
-1.00610105714999,
-0.648304489173870,
0.349226096697561,
0.871654216236256,
-0.0617046309046018,
1.14167115626836,
0.330010596138343,
0.992736783444823,
-0.0713865865209032,
-0.102880005238726,
-0.698838411920279,
-0.120120901854592,
-0.481028214653092,
0.303531911374486,
-0.479533645268362,
0.154777421535396,
-0.792389125890565,
-0.152338165258487,
-1.21454133774625,
-0.156101157037302,
-0.282587931508616,
-0.435222375164387,
-0.582827926052942,
0.596472079989413,
0.360684960522892,
-0.0356675519750885,
-0.561896223665390,
0.778242279036887,
-0.658908440203752,
0.123559359704042,
-0.217003527334745,
-0.291254770077756,
-1.22793894991934,
0.704645583950644,
-0.249701993806387,
0.294371488705349,
0.892340351847749,
-0.777138861501230,
-0.307306981293271,
0.295142903513235,
-0.216810580426250,
-0.998947915267352,
0.554258323796505,
-0.981616765268331,
-0.737879953907695,
0.461325716242703,
0.183204245844017,
0.361516630211202,
-0.0661815857805975,
-0.108856679468280,
-0.104353209837038,
0.255002442576413,
0.401889983633655,
-0.375091806302140,
0.743436464333855,
0.102083555424190,
0.581670089224396,
0.0190873310941029,
-1.29130579989307,
-0.229473303153640,
0.458491341371550,
1.71079115790534,
0.230292375161831,
-1.18940146763415,
-0.0725924435020447,
0.755010768172158,
-0.602652024448062,
-0.489116278150794,
0.789937949568757,
-0.490019549656459,
0.667658710115043,
1.21275277708694,
-0.452563836221209,
1.27213751110834,
1.50394308839595,
-0.607914267049196,
1.70525684125358,
-0.219327136466880,
-1.10279343759273,
-0.401041917316822,
0.489147563240645,
-0.831056202219745,
1.23745583628774,
-0.325137666653703,
-0.334399655314036,
0.173408903659705,
0.0840624540089938,
0.222466810738106,
0.538040335710082,
-0.258231669638863,
0.457258371987861,
-0.226197695482356,
-0.327809731289091,
-0.546377604233483,
0.150559742397643,
0.457877364803021,
1.40941707758217,
-0.516383094058356,
0.893842549818007,
-0.0841082686395613,
-1.29287903674659,
-0.509751411421292,
-0.437956633323986,
1.10804069415854,
1.01018163984084,
0.150946176473927,
-1.02514195470444,
-0.205965206589935,
-0.614870414219166,
-0.199474345108728,
0.217032654691376,
1.36725004436437,
-0.212880629384809,
-0.203643471469042,
0.189226029408545,
-1.24152635702377,
0.413886709900538,
-0.194755265878858,
0.546507109324262,
0.752376391186768,
-0.385156972467156,
-0.730650683040665,
-0.537216847016183,
-0.341743274464521,
0.0859251551130319,
0.0566772123262047,
0.288894914038781,
0.0876220266478654,
0.151360742082065,
0.661844812725911,
-0.00580468699078103,
1.38690673922020,
0.398217379072048,
-0.924322998748520,
-0.949441714255395,
-0.278570937271675,
1.39093494273417,
-1.01167490574196,
-0.155746202517099,
-0.302270837980865,
-0.217086200581466,
-1.05823856852600,
0.267619891785326,
0.334485865396076,
0.496803119032667,
-0.277506612897855,
0.864376413247007,
1.04738289266048,
0.358717424571553,
0.110872076002696,
0.510480035527448,
-0.0667861814465397,
0.341591340603239,
1.57359333987758,
1.09228940831918,
-1.35598789455742,
-0.219370488150943,
0.753439966150782,
-0.899297721535813,
-0.0967450193988242,
0.290102910153950,
-1.41586487160870,
-0.682004408792219,
-0.353625313170689,
-1.25748029473276,
0.806065156702740,
0.233187226935472,
-0.147270434971369,
-1.03677057869597,
0.616976359723141,
-0.812798048579165,
-0.300752264785924,
-0.588262073031404,
0.203000714568842,
0.198585192099585,
-0.0673158997065264,
-0.692258964317082,
0.955113719053052,
0.0813664220948153,
-0.224710884557683,
0.213637875898502,
0.817086020231697,
-1.20334801782848,
0.126044844022857,
1.22665364595832,
-1.07978089710235,
0.437359936522647,
0.332518397983389,
-0.732843262663566,
-0.443568392528361,
-0.731494330913906,
0.275616323034346,
-0.307970967888607,
-0.117076842545355,
0.258730127411254,
1.33266122512229,
-0.628496726797380,
0.413344294967489,
0.110348077453315,
-1.27371673122642,
0.958197535205777,
-1.42800221759064,
-6.58773066821336,
5.92156564044777,
0.663168135861565,
-0.393495289151563,
-1.33624584029239,
0.0618546697374845,
0.138536163890269,
-0.657604197312833,
2.11406805212181,
-0.912828126133296,
0.0436769041675748,
-0.760470047046880,
0.412411844945801,
0.0323139782822915,
1.33836714947476,
-0.300673230611627,
-0.293489374886957,
-0.251666583654570,
-0.888759224624209,
1.63416005782183,
-1.03274798899271,
-1.15149919190149,
-0.257464932817191,
-0.319999935207588,
0.0157549796630716,
0.407152764321116,
0.112050358570747,
-0.0618523415951494,
1.09780243453205,
-0.388334774784913,
1.11718648201109,
0.0998477511398017,
0.873447515066128,
-0.0265670874478489,
-1.12491307070555,
-0.803303925694712,
0.829870837046137,
0.206267563259474,
0.930827109888076,
-0.547298879530969,
0.418584073721421,
0.702099385324400,
1.30189957390550,
1.06015707438991,
0.114918537658608,
-0.289694113522968,
-0.532357966958147,
0.0309366734915063,
0.968552947473039,
0.820955888072190,
0.198932502967314,
1.58013740535870,
-0.178732892656291,
0.00354578098802486,
-0.771647782574921,
-0.454192894246881,
-0.871929686979539,
-0.268230350371875,
-0.558739165444020,
0.679195880419857,
-0.544166590018966,
1.64564028412049,
0.905735740892020,
0.560177861647802,
-0.565669767517984,
-0.125870815347798,
0.882076071487215,
-0.190304893703960,
-0.802872170555293,
0.374073006751975,
-0.186308162645460,
0.295001110653140,
0.197699518488748,
0.188304510881641,
-0.119169883219487,
-0.626115074463790,
-0.0298917319248836,
0.0551589148720039,
-0.204703829208726,
0.543406350738298,
-0.0123974375374266,
-0.245842585226268,
-0.449300757066173,
0.723566958927609,
0.860669853906401,
0.269916156790361,
-0.604693352329787,
0.267539118833860,
-0.750231020623803,
-0.156182611714652,
-1.09462861637569,
-0.651235016552400,
0.451771338760837,
0.0894189225590140,
0.225412821382711,
-0.443246207422644,
1.91043065141989,
-1.03590441591607,
-1.16759831951150,
-0.207348175604280,
0.353655450443048,
-0.0738946145839003,
-0.517504540269182,
-0.427939962754459,
-1.87583011965461,
-0.839657340527041,
-2.04112669814686,
0.333471722532758,
-0.390399440416765,
-0.694194640085114,
-0.529740319791015,
0.464850517399839,
-0.506010191326801,
0.339964688890256,
-0.267094775552236,
-1.11705830048587,
0.576733726021235,
0.483956443502888,
-0.900052700809531,
-0.787003794714096,
-0.528804838298808,
0.672696788516987,
0.443104199213489,
0.389762572387908,
0.843467882198777,
0.125138599981358,
-0.638384092981220,
-0.0269748267576318,
-0.176957310078795,
-0.481586302583226,
-0.716421974737951,
-2.10542164307350,
-0.833277136623119,
0.0994281917165924,
0.349122873925522,
-0.626331191503328,
0.344907048107968,
0.0510294020651598,
1.16818724686706,
-0.253443185236537,
-0.659325833290875,
1.30943230080198,
-0.911984841663591,
1.05243034448200,
0.125188477674162,
-0.872606283701985,
-0.138133233254061,
0.0160045955269792,
0.659738599108361,
0.496465902570960,
-0.542421260767348,
-1.04955481254108,
-0.858091769453214,
0.524396218511148,
-0.0409491500635596,
0.493473114596812,
-0.293926982181261,
-0.840795923124126,
-0.644623292491621,
-0.531665810379254,
0.964921361188635,
0.129844029715674,
-0.284972804974871,
-0.798376191517660,
0.805374510918086,
-0.342332136506927,
0.0990669647373273,
-0.503788297220607,
0.0777978457170708,
0.947142642158161,
-0.316076050199154,
1.78917680696725,
-1.26567142679473,
-1.51912085885419,
0.0992214796781008,
-0.407615713054210,
-0.314586413027959,
-0.410835253512182,
0.967852776333896,
0.173609254196076,
-0.0532550890364089,
-0.651679044883622,
-0.325900776026299,
1.04789217310536,
0.182603995387784,
0.0542959278780640,
-0.337505366927006,
0.885530137445099,
0.505776347901010,
0.421586478888327,
-0.610704688656267,
0.462761180572886,
-0.854714985908915,
-1.00965286987322,
-1.02271312289363,
-1.34310215901321,
0.904787609050456,
-1.14015970133294,
0.137789364327480,
-0.750626156435573,
-0.917006976317188,
0.799254369633404,
1.56865272575350,
0.241181215409367,
-0.188812473170962,
-0.927335299513751,
1.20906114053975,
-0.591135072112674,
0.656063341959228,
0.467380203426725,
0.304773708112645,
0.777014591567522,
-1.02068482915311,
-0.0599838043733020,
0.167524710006972,
-0.942626161681620,
-0.509509514745602,
0.309801259015573,
-0.942579614801821,
-0.223401671293869,
0.611679579097928,
0.132496350378400,
-0.0563273596953343,
1.83671500657739,
-0.371162304911925,
0.446510441434264,
0.328203841989451,
-0.590470515068994,
-0.0830259500857789,
-1.66812586688851,
-0.250460629010332,
0.165938104157663,
0.414287946472444,
0.516450423413193,
0.895879353326682,
1.51716112622646,
0.869658563343813,
0.461256529569244,
-0.617137001963772,
-0.970484888642749,
-0.608581640586985,
-0.0367524559207229,
0.354970952597748,
0.0541213734727071,
-0.971240432214255,
-0.473106934114960,
0.551102251006439,
-0.698602497015746,
-0.753162982682114,
-0.719607188621552,
-0.801061608357445,
0.199028046937326,
-0.722072647687601,
1.16827168911996,
0.802463734438892,
0.460093972611297,
0.407938067619446,
-0.447121230180501,
-1.21746880439453,
0.0954203841210861,
0.817709956118120,
-0.366300171096481,
-0.949879434087327,
-0.346813569736775,
0.148648543657715,
-0.377619264673231,
0.0411370299151335,
0.650776261672161,
-0.170703476416485,
0.357726568219812,
2.35687037678822,
0.380188979428747,
-0.181511616683317,
0.933329118128554,
-1.19767887169033,
0.467666223043026,
0.0549578262420392,
-0.266365469801549,
0.981019775854878,
0.605013920663019,
0.0492201242306262,
-0.399372207022776,
-0.713607492102786,
-0.457758458503545,
0.122465650704141,
0.342850966396863,
-0.467874648289993,
0.732136892391442,
-0.597481135366606,
0.981907012292038,
0.257037385213167,
0.279705366848117,
-1.22114924673856,
0.300334227737589,
-1.33972057733551,
-0.570496199679155,
0.568127768525463,
1.00915858769864,
0.151206746786013,
0.118934159981650,
-0.489572254363277,
0.507085853535969,
0.0493388691138062,
-0.339339143139080,
0.570127266750245,
-0.0829776488829298,
-1.51814256932143,
-0.483701235134106,
0.132305758011770,
0.238825222939820,
-0.0931023580712036,
-1.10674344160424,
1.20910389566173,
-0.657019618263095,
0.238194967013342,
-0.195668705849296,
-0.696488925158130,
-0.0300004611509832,
-0.577617540887258,
-1.07172851941725,
-1.03186212242034,
-0.0133170726197332,
0.982473808637483,
-0.336826544865468,
0.799121864779407,
-0.386450375046980,
-0.405130062241741,
-0.625440599409933,
0.236853695773502,
-0.000661953789684616,
0.134036653316634,
0.592340609539643,
0.521816488107031,
-0.238998552529081,
0.184311009666112,
-0.137154861692781,
0.00409341403612553,
-1.25050160113569,
0.349741872150394,
-0.138682872533881,
0.0826403587974620,
0.602731690967202,
0.550831569486291,
0.533648559123351,
-0.418361526795923,
-0.0667554664596516,
-0.763625863664122,
0.938896129006398,
0.0171658415215309,
-1.28184265229469,
-0.535150021400947,
-0.179125258149556,
0.769989925425132,
-1.28009513259603,
-0.718663482018885,
-0.345137037157357,
-0.336981541506728,
-0.701769977590462,
0.400609094238324,
-1.71149937277455,
0.0589739831702649,
1.50272398650130,
0.631858981374759,
-0.299063082670725,
-0.153976860803796,
-0.590372997554994,
-0.0742588038815735,
-0.198323751887298,
1.69840929933164,
-0.737217090670625,
-0.471279912814851,
0.279072711680814,
-0.487283683154970,
-0.487436079310105,
0.0132734952000822,
0.896005459140118,
-1.05077993719936,
-0.902790733486880,
0.399095678822912,
-0.173857534909561,
0.754727639955380,
-0.223839044154389,
0.916244362958525,
0.196190210071947,
-0.393128254025143,
-0.360765461498097,
1.45654409627905,
-1.43613538082310,
-0.556880817268737,
-0.252581898985689,
0.474437034597822,
-0.273982711311115,
0.602764754371729,
-1.22722262011998,
0.379644365274881,
-0.606819295594260,
-0.477383851663550,
-1.08112544472353,
-1.02471140122346,
0.949203852233710,
0.210484361046806,
-0.669995991053078,
-0.889258215313559,
-1.52884824286419,
0.357310988747344,
0.643017520919928,
0.607616494384094,
0.439283400497147,
1.37180601031865,
0.0738476287553479,
-0.199478441692546,
0.383505352999014,
0.326315217146559,
-0.434506807012834,
-0.811414534714869,
-0.527179016610797,
0.0874146248833723,
-0.146762232884600,
1.72999753242076,
-0.196146508668556,
0.165488200981689,
0.360551866779546,
0.205988852046297,
-0.0413641517791291,
0.153715919259988,
-0.845785025595514,
-0.980471911200547,
-0.436545584123456,
-0.259136765544150,
-0.399070975251374,
0.198773171035926,
0.938484129199956,
0.0597931678475692,
0.580858615928951,
0.257325158317829,
0.327903876931065,
0.193298668455555,
-0.225429414264774,
-0.500404996298091,
-0.367099792709759,
0.107049621781570,
1.70874070898816,
-0.522966255585973,
-0.138635897664031,
0.277477779652333,
-0.523506864338307,
-0.0152921481142478,
0.252542218958218,
0.0206189606298479,
-0.645318707832375,
-0.651955567856851,
-1.07862410660079,
0.304207257110970,
0.292783949697056,
0.486381622657424,
0.338626433104090,
-1.12701953509341,
-0.406991391354589,
-0.153861481268660,
0.0877089518598574,
0.293843969931267,
-1.06984985563839,
-0.228426852938721,
0.433318931052680,
-0.923440338481643,
0.197092050024814,
1.14086551970305,
-0.0341338038639632,
-0.752504119975881,
0.461024021515783,
-0.447100868599062,
-0.273686183934159,
0.540111461108839,
0.657011284969282,
-2.06371932623012,
1.16817784647553,
0.337602502586137,
0.278767347022096,
-0.107413029126534,
0.371570035096149,
-0.943055827500722,
0.794100579643916,
0.914626221148810,
-0.642335834028791,
-0.486009522888062,
-0.369191021254636,
-0.0682096207873058,
-0.620498916008235,
0.531720091426285,
0.543668081802575,
0.524632146803108,
-0.0623702427613229,
-0.0626938103395400,
0.645083203663494,
-0.0128103310839355,
0.940151000156096,
-1.28548478205558,
0.0120193382911775,
0.0807959984222490,
-0.685886357193520,
0.443756187588676,
-0.512430710848655,
0.589172885944709,
0.0206075449466783,
0.118952244854433,
0.294484510158564,
0.0530558182375898,
0.489192669013650,
-0.541874759447895,
0.536147800223332,
0.743571886315811,
0.277833239718278,
-0.510468072354495,
0.00673800056126935,
-0.389264944248797,
-0.451855029615232,
-0.332147794493304,
0.539819138392343,
-0.387248213701866,
0.412873527124348,
0.840985311095830,
0.00793224313777746,
0.434098398471406,
0.397749743001883,
-0.264659179188141,
-0.200253676830634,
0.244457802470372,
0.440692200481407,
-0.431475324969726,
-1.36184427403793,
0.223673740256278,
-0.549230762000733,
-0.409365215034107,
0.237320595818400,
1.40988412607123,
0.736029613651932,
-0.181291549351616,
0.655922516893373,
-0.550717980580617,
0.257187797566313,
0.502277759198039,
-0.188380807509737,
-1.08661531042792,
1.60964993472715,
1.06419668923073,
-0.458896701044320,
-0.958698964203870,
0.196937206214627,
0.291754879270954,
1.11160253601975,
-0.330200908729253,
0.514712959432899,
0.168429997522352,
0.0376022283466319,
-0.353897402287383,
0.801750181418497,
1.04303250794374,
-0.927333281321917,
0.665491414490271,
0.282834936249418,
0.0819550191173718,
-0.261496441937604,
0.933442977840384,
-0.0521035163304380,
-0.428208205783728,
0.0130114557551704,
-0.0251340054457574,
-0.428915339905747,
-0.361040808556504,
-0.866413041698248,
-0.951535283124081,
-0.133753280370856,
-0.845300932872991,
-0.886136366847879,
0.753992072337454,
0.183802127719933,
-1.29049501269902,
0.496361689325389,
-0.233744633491732,
0.807905959595958,
-0.890498764190305,
0.597451554742125,
0.863321725954440,
0.766421265745693,
0.396959550713580,
0.300389751043179,
-0.513146662629730,
-0.899408020709507,
-0.828650789034987,
1.06752940142826,
0.162369405764230,
0.645612411467319,
-0.325969406825432,
0.114713009241952,
0.476769355601612,
-1.07176498943390,
0.106444227309858,
0.318334052392052,
-0.279996047062274,
0.136076851071343,
0.933449248597559,
1.25539810464017,
0.648416186070270,
-0.724484402896159,
-0.764262393339994,
0.383423351037044,
-0.277296167082708,
-1.07675649792934,
-0.668071330019247,
0.277802764405433,
-0.377651962188981,
-0.823612918918544,
0.696209304734649,
-0.0842327547651214,
0.458293834293158,
-0.407653632745705,
-0.00643797592564567,
0.256453162242680,
-0.100496228037275,
0.0692028287067513,
0.436125677405957,
-0.560127887153631,
-0.529862879084969,
0.540868963108009,
0.797722105627076,
1.39571411041441,
-0.112614293482732,
-0.0922779869847991,
0.741119518328039,
-0.711557817217329,
-0.541336545440319,
-0.491051176354530,
0.544415677573325,
0.683461050169350,
-0.924537325788965,
0.948263959345308,
0.281978361365924,
0.957788469484017,
-0.586124835388202,
0.317319347764561,
1.15305432141024,
-0.319763260613134,
0.277174346345258,
1.17966110568635,
-0.458802789718520,
1.00269422149549,
1.02358688118534,
-0.423532030999725,
0.909288034221160,
-0.973007658637050,
0.784572555619731,
0.0596267985236296,
-0.680033817032419,
0.425675763888640,
-0.976768796564405,
-0.0221240237784985,
0.678415818941326,
-0.00322125155258545,
-1.34830352058111,
0.0624598985228883,
-0.138779865588587,
-0.518136079277509,
-1.07126419007089,
-0.165586858372197,
0.661910537448415,
0.427347860315393,
0.452882173000413,
-0.495919030194607,
-0.327260432708018,
-1.29092791363353,
1.15407205732513,
-0.547127983769641,
-0.171636610301859,
-0.574702356109881,
0.0926569048143897,
-0.482725460505723,
0.154490464274156,
0.289953984027703,
0.516389913972967,
0.112231547949248,
-0.419234283048159,
-1.50975273343933,
-0.00985443601838673,
-0.826426404154246,
-0.722103161331468,
-0.361428665217103,
0.457871843106370,
0.215197699606373,
-0.288963645355861,
0.0707501262744998,
-0.550229970056614,
-0.0893882103588608,
-0.0196763072835670,
-0.145746861863635,
-0.0686086960096645,
-0.179759370282154,
0.597371407635119,
-0.783219891442338,
-0.0455909322990429,
0.183078540615589,
0.137414248656020,
0.321214076066225,
-0.913827542614730,
0.263070580078547,
-0.817337179613057,
-0.0305796859862106,
0.138475669916369,
-0.210333995235990,
-0.148096778882695,
-0.0281170930822923,
1.70634153035021,
1.14736577878656,
0.369334429563843,
-0.530959480556967,
-0.587244814069616,
0.0527256723972254,
0.480894837769290,
0.318122424737836,
0.189778099037035,
-1.05150868531013,
-0.178595435500764,
0.415168017658094,
0.161356931931774,
0.303820914283295,
0.519142153665936,
-0.959497421596914,
0.0684106728314152,
0.614897273218256,
-1.60009749376546,
0.229072699106574,
-0.0279266295656984,
-0.0846573658827118,
-0.367917688719307,
0.166522330652439,
0.672658178444244,
0.355263107411636,
-0.275096464850388,
0.296830014735644,
0.719818451415986,
0.696451903331050,
0.733780814796546,
0.544580127441183,
0.00827160592801873,
0.907994314230128,
1.10321352640913,
0.0907117142114126,
0.386064403194468,
0.459386089426144,
-0.629984511016096,
-0.0282556757957482,
0.114581809608930,
-0.166995404087707,
0.288640502201398,
0.682502665926646,
-0.826886302703797,
1.05568206102726,
-0.905855803812651,
0.0271060566780335,
-0.213341273472963,
-0.129060897308086,
-0.256092099506429,
0.101200376043287,
0.0726885612959310,
0.199518676203362,
0.385655324162221,
-0.551326070069268,
0.673136396819409,
-0.393647967311352,
1.83102912468843,
0.111208156123776,
0.326330289534956,
-0.264407849776560,
-0.117270662460129,
-0.420911599817185,
-0.555034014653322,
-1.43223475528514,
-0.865646338009833,
0.187897008864757,
1.46128109121423,
-0.628874270233036,
0.464123833850944,
0.902677584231755,
0.435587900301516,
0.970106494832044,
0.376874724758404,
-0.935705392562924,
-0.369474931639272,
-0.767598725474657,
-0.489468212741384,
-0.236269756714500,
-0.641438998638206,
-0.240764610067683,
-0.217928822022445,
-0.216395732569842,
-1.75004764670600,
0.735748217081590,
-0.280298906288187,
0.120110743914311,
-0.367040736990355,
0.292667645025739,
-1.00295481472335,
-0.181328172359731,
-0.114855947768822,
0.206539227429565,
-0.287122714832508,
0.472332647503198,
0.524647665774326,
-0.890552836138611,
-0.366380652690221,
-0.641407157944800,
-0.202900388205651,
-0.987517224831922,
-1.29669752457577,
-0.718961647828701,
-0.283357712768755,
-1.17994597752685,
0.759963458138262,
0.0746123432222699,
-0.159910993215515,
0.0619216287498427,
-1.13070992589130,
1.38780412234857,
0.877029397405483,
-0.566103062723593,
-1.14007157496134,
-0.303470970582531,
-0.472024340037082,
0.109929218629105,
0.201020191237052,
-0.132654851481809,
0.166059875587683,
0.597945263518721,
-0.392672095662712,
-0.789929080308954,
1.54069648710695,
-0.788702690232985,
-0.142888328597171,
1.16265695850679,
-0.709763503002903,
-0.493044865322751,
1.16498127792249,
-0.991635730806900,
-0.127645039647229,
-0.411085871038289,
-0.292606220256642,
0.548974270943017,
0.877345241452248,
-0.879979463645508,
0.495898160871731,
1.86773537511731,
-0.972002325642563,
-0.951216720438610,
0.457225218815005,
-0.259323777241961,
0.663014500454384,
-0.623229558237055,
0.513112012875707,
0.635114440262955,
0.0707500263146981,
0.891503525736603,
-0.313393691700268,
0.801267568322786,
0.944973757267268,
0.00830121102199878,
-0.600368828350811,
-1.80654303462875,
0.969832451949234,
-0.666064985306698,
-1.63955015545647,
0.632445165886568,
-0.0809389153765899,
0.947493919705722,
-0.367251656329085,
0.714934213538557,
-0.896697942443477,
-0.393367818354301,
0.673589992324877,
-0.886497254517458,
0.358887599781300,
0.420844648623709,
1.08346389848736,
-0.955420599628822,
0.155280216671515,
0.127197553852501,
-0.890332452984510,
-1.06976226749077,
-0.0676433465329046,
-0.118812090090095,
0.346933508262853,
0.369773801679843,
0.0193512757100921,
0.115806480762217,
-0.0517151505433896,
0.545969574420941,
0.496329548197998,
-0.297182987752164,
1.20258696836994,
-0.943107772224388,
-0.885074934499838,
-1.02819028149921,
-0.183961701089435,
-0.646533550349554,
0.642839563180665,
2.23777030161899,
0.201118899611131,
0.741150876606289,
1.30092029469083,
0.190085224805996,
0.227870479257796,
-0.0504951155797715,
-0.324117921552035,
0.146633556188104,
1.19958894925390,
-1.08580413166938,
-0.174300460356663,
0.576010634802299,
-0.364352355312326,
-1.10146914215564,
-0.130359258972527,
-0.406294600488688,
0.470822803996445,
0.635862891147086,
-0.715254577202208,
-0.250601874425947,
1.00301362923932,
0.350473853458424,
-0.294645961737130,
0.0875657722775974,
1.06091758641061,
0.607997987424570,
0.00661253775218890,
-0.469958510922661,
-1.30347605897527,
-1.04701928399357,
-0.267359313146174,
-0.0184260002988830,
-0.533641352203245,
-0.620196022257449,
1.24463149170420,
-0.175908678798387,
-0.709151363319499,
0.561056068117420,
-0.189412837490791,
0.337754486108878,
-0.602722196075897,
-0.104432900325121,
0.927617035064068,
0.00306709448277138,
0.0908603366138447,
0.0142931912461151,
-0.916468283647800,
-1.01564617765644,
-0.375066727295953,
0.813896246282648,
0.443359351160435,
-0.880727154447982,
0.963016967166465,
1.24311826929494,
-0.309577119547313,
0.756765070865591,
0.0417422708724383,
0.265199187888526,
-0.649152291494604,
0.158344234274318,
0.234134397293151,
0.294548324580966,
0.0473869749986928,
0.132911831225331,
0.665776143646603,
-0.276764195540906,
-0.229199432265016,
-0.0393547946054835,
-0.744919873522031,
-0.0530376766479375,
0.110128285953861,
0.0182069977007725,
-0.462887972614770,
-1.52686539417342,
-0.410779097348230,
-0.160412801289556,
0.325154158439301,
-0.157708498940909,
0.0953352345578851,
-0.530535820433764,
0.455454382658421,
-1.31335151332973,
0.709659162857200,
0.177062306621903,
-1.29478897839254,
-0.260066866127836,
-0.591334161821809,
-0.0499942105852340,
0.0531353605084298,
-0.526451070245863,
-0.919606707032902,
-0.205911140566637,
-1.02630071338143,
0.166842355341781,
-0.637966307713178,
-0.235831257244684,
-0.561069732711596,
0.744121652257540,
-0.619881150594173,
-0.924104990009803,
0.0805128559021940,
1.18960774027796,
1.45070838375229,
-0.726372989408636,
1.15596808903935,
0.957152916993728,
0.248393641988919,
-0.151906341845002,
-0.778770613496876,
0.0560340348153792,
-0.455466200780068,
1.21708552026507,
-0.252631633432438,
-1.07604999557438,
0.823758541137446,
-0.613820107586906,
-0.234753215597702,
-0.139750182183388,
0.342361662195864,
4.11657918183477,
-10.5206827579942,
3.51243326057067,
-0.857578774208545,
-0.968464117892555,
0.682069647142278,
0.141151420647046,
0.0251493121725332,
-0.479465836033383,
-0.976605825512836,
-0.490474047933584,
0.533646724865168,
-0.905710658419986,
1.17128569303493,
0.0746543499594223,
-0.370346186082191,
0.0647799999688911,
0.139173041374063,
0.0396560510440835,
-0.340836677065853,
-0.576909861677935,
0.564745623089537,
0.772896370052822,
0.0711544110776952,
0.237749299906063,
-0.831630854884543,
0.724712038997419,
-0.0954688486770325,
-0.779159209254635,
1.45930185626393,
1.19347952531357,
0.829061813736827,
0.541984328765549,
-1.04412915450376,
-0.947145589054957,
1.22220042860649,
-1.19392557767252,
0.642685075755269,
-0.0468429294219029,
-1.66750957832540,
0.393560630571719,
-1.03054102801301,
-0.776652287689563,
-0.453164220120315,
-0.604698314764270,
-0.679168806673690,
-0.584207490538189,
0.587443461241504,
0.511594395587148,
-0.618779783799453,
-0.451150122108328,
-0.0475200804451835,
-0.227065280330042,
-0.164158389972026,
-0.789508898417562,
-0.155867140667070,
-0.680957940653798,
1.11471495351078,
0.337842015138034,
0.692804141178850,
0.605547109727870,
1.67062377788396,
-0.101242728271505,
0.449611605647634,
-0.585065732323830,
-0.450193494075157,
1.70560048830976,
-0.331137590819678,
0.125607376752842,
0.822650191240761,
0.222103268188917,
-0.373315377815320,
0.862579985784380,
-0.959757729343240,
-0.278838177776650,
-1.34655180057070,
-1.56398062951890,
-0.825989362170773,
-0.405173046998668,
0.667951141799779,
0.235509783404091,
1.08843906951938,
0.0574663834839504,
0.157021726742486,
-0.138087126935941,
0.274182934451245,
-1.12856804832958,
-0.110798637396011,
0.491517684686467,
-0.256830906962925,
-0.329043880897346,
-0.665015481798285,
-0.633804856738816,
1.19130003107920,
-0.329312028615725,
-0.00452544261079690,
-0.0793462019034408,
-1.01314426243811,
1.08228672786283,
-1.05353892949042,
2.13284700713674,
0.322698873961312,
-0.337288972991131,
0.396102749864317,
0.316068204067414,
0.00727030243334438,
0.191581861950014,
1.26730892657778,
-0.610181078286046,
-1.01628120877989,
0.00837376949841584,
0.442520023520872,
-0.406726787886354,
0.383688308806989,
0.993359696178137,
-1.02505480814041,
-0.268052770952058,
0.0842749034292399,
-0.464760834329977,
0.163685436150064,
0.0115543358101322,
0.157165902589292,
-0.290581418463640,
0.867349688298222,
0.237609765857714,
-0.726159310033365,
1.03957442795131,
-1.18760886999141,
1.33449923920967,
0.456688764739724,
-0.713913681477141,
0.160219606496190,
0.142539303982633,
0.590378644303201,
-1.40985657541436,
0.282494003630900,
-0.213784608285397,
-1.02212646806071,
-0.0563482692486641,
0.791703403329124,
0.691979376522158,
-0.353849083291792,
-0.506587552614100,
-0.969786839132998,
-1.52749083747457,
-0.148749378214406,
0.224673800568836,
0.866235558702254,
-1.12991305780937,
0.0587243042641107,
-0.486214172661385,
0.836172298703260,
-0.921028130660883,
-0.305102141332065,
1.15667892024695,
0.566470479066231,
0.813143019635078,
-0.252341534755599,
0.0318582694001849,
0.475705460952359,
0.576457015255820,
1.66120973147812,
-0.246880679108688,
-1.79854615819094,
0.439679298010012,
0.517568280288048,
-0.500682056316441,
-0.184043625405210,
0.647081671185683,
0.707936503141153,
-0.296599551413176,
-1.11588373057848,
0.820133816863866,
-0.385621911448612,
-0.353424756994278,
0.874102186555614,
0.225435521229992,
0.894681665945118,
-0.526359105570375,
0.305519828271305,
-0.434674969961799,
-0.697723819326792,
-1.05970248444501,
-1.13518109503332,
0.0920601801658399,
0.576741329930263,
-1.20198799676875,
0.327643420327314,
0.305518150429920,
0.156720727531390,
0.849612150304880,
0.237785334474398,
-0.782810842535855,
1.13613711073004,
0.397533059159731,
-0.136237205844642,
0.345222599426521,
0.304157504418723,
0.501134671517340,
-0.158165971947297,
0.761634146409535,
0.474680002653249,
-0.237655653653654,
-1.98161210962304,
-0.799473007420498,
-1.06070280797127,
-0.353599071684773,
0.717028546743451,
0.611045033860093,
-0.588300421866037,
-0.170968975538244,
-0.210975994411019,
0.00975156068015046,
-0.0619034985034028,
-0.0460214179091764,
-0.688065751000902,
-1.06827115692630,
-0.294404444168132,
-0.167373918929650,
-0.307299441723494,
1.00949556586302,
0.498554488463351,
-0.112787050860951,
-0.968962659413381,
-1.28375493081184,
-0.674209306167888,
0.351907092222019,
1.02854760662075,
0.182596243833884,
0.345045035305758,
-0.868682410669240,
-0.619483538792589,
0.252678231046813,
-0.370892072666464,
0.000674927859920543,
0.0580540350780976,
-0.614612399681568,
0.465486945004580,
-0.669967530749279,
1.00008866619241,
1.02702389874513,
1.47789034644438,
0.970900596094150,
-0.143165813853287,
-0.502525064622738,
-0.972010060744424,
0.707182602244823,
0.936490458132856,
0.831483403781216,
-0.550184110280280,
0.735153364101919,
-0.385156458652188,
-0.526617400264437,
0.0307197791998493,
-0.0445568720200858,
0.555287685220361,
-1.07387959638429,
-0.273762541908915,
0.0590533438834129,
-0.309564345374338,
1.03964782225563,
0.226292570658373,
0.0341010479024819,
-0.320638194705541,
0.0602234103192916,
0.0899121642049435,
-0.0501882158980472,
0.282294182954934,
-0.372353324416747,
0.685893511123142,
0.731282766160473,
0.572199454108245,
-0.879581405632137,
0.0816226674537425,
0.250585274640440,
-1.56361054459513,
0.799839864745294,
0.547959149750511,
0.141596235532154,
-0.291613975508556,
-0.882720912938598,
1.43192593878633,
0.139370140988285,
1.46328331342608,
0.585395688452763,
0.241343363192961,
-0.0263398136978746,
1.55262282315700,
0.0645037995170307,
-0.418939334314094,
-0.307566325209393,
-0.589293720303455,
0.466360999433084,
0.323454147628702,
0.816205976161500,
0.455346456296383,
-0.935351375348866,
-1.23678388168085,
-0.766670524331024,
-1.04427442675397,
0.454481260261576,
0.0988039292764775,
1.03008475512660,
-0.187241542153509,
-1.04188314809976,
0.323051408511086,
-0.0288463943727004,
-0.597413910448815,
-0.0522480822848678,
-1.18215793622288,
-1.35453711440494,
1.12369032480416,
1.09598859819099,
-0.123441641918839,
-0.264963117768687,
-0.000702743543857873,
0.208546262736789,
1.17145943023351,
0.231950591732101,
-0.330430286449804,
0.0266315334373831,
-0.866691236361665,
1.84509583887916,
-1.33316450557946,
0.139644202259620,
0.526411931195128,
-0.107323069522799,
0.724273690232045,
0.232807566664590,
-0.405894344535859,
-0.105403489360445,
0.439047606060809,
-1.20205013489002,
-1.35693776152333,
0.129975201803702,
0.152010883124030,
-0.764337629981149,
-0.887795347405729,
0.140349586329192,
-0.317634825842589,
0.0958548878856693,
0.436737461493354,
0.247821648166162,
1.17014541502483,
-0.512598148149855,
1.26421025878403,
0.715029067572585,
-0.693840330906583,
0.0774746331978282,
0.293710647148583,
1.78572940969008,
-1.10575719056277,
0.452971799198227,
0.615313093570428,
-0.916059815781680,
-1.61155347157059,
-0.935010351797819,
-0.0106408857827548,
0.0514018620487086,
1.07027788478782,
-0.551499587672760,
1.10116533104851,
0.0728366868781032,
-1.13350686805069,
1.35894343047939,
-0.680142653944266,
0.793697743741744,
-0.288135435732231,
0.118744966944377,
0.328243170929275,
1.05827528943056,
0.616872212477058,
-0.391099547162631,
0.713012019299375,
1.41897388888902,
-0.204892845035987,
0.119469683382124,
-0.403029667746957,
0.371435871023578,
0.341935935986650,
0.439300477375521,
0.816865533279055,
-0.399549963226504,
0.784011249295979,
-1.20993972840387,
-0.162214170452589,
-1.67172280308431,
1.14758101684466,
-0.979343989474603,
-0.906994024188679,
0.0261661972674090,
0.762455073054493,
-0.834618703342725,
-1.07286904623167,
0.366222800721575,
-0.495139527045777,
0.458417458460245,
0.298218386231434,
0.602840475548158,
0.319396831995806,
0.188751028626110,
1.98847576660448,
-0.153630206526940,
-1.43533714791544,
-0.364311683394937,
0.627945445899468,
-1.43339475313664,
0.205415718160349,
0.00312141709587211,
-0.0202630986582175,
-1.64791132591648,
-0.141382929421652,
0.0201375096957998,
0.456051510036849,
0.0255911251566956,
-0.240676318550226,
-1.60116331308745,
-0.489513895882856,
0.0599789047401240,
-0.351523867510129,
-0.129684963774529,
0.0249229947110925,
1.27750887867186,
0.0104866816889631,
-0.636101610558679,
0.0540882097806675,
-0.0502422749056799,
-0.635419690262034,
0.122826200308788,
-0.100773690833499,
0.700679423394931,
-0.904475283650545,
-0.611358455309920,
0.120394039930323,
-0.217512723992679,
0.309381539522494,
-0.189407380713499,
1.07433534909379,
0.353551844427807,
0.100777172369456,
0.319690752486467,
1.07405828446833,
1.28997459426813,
-0.924023916624985,
-0.0254435337583081,
-0.0816263872810487,
-1.07008707818867,
1.16299128306904,
0.529208544619502,
-0.481544090958431,
-0.0276423014436424,
-1.52895073163338,
-0.138852460286563,
1.02730460178228,
-0.900950834394297,
0.503217150218105,
-0.257149458089057,
0.627380306108251,
-0.421438185125892,
0.656912692377837,
0.867181800861254,
-0.244740696646520,
0.417736401241058,
0.0332848891924998,
0.896626926503443,
1.29463684419650,
-1.50809411114251,
-0.498215617128976,
0.129949775212295,
-0.787050009133498,
-0.222838113292989,
1.22705841910442,
0.629489857221224,
0.285435718108758,
0.652668737776730,
-0.554516348755846,
-0.322116533460626,
-0.194933247358237,
-0.405196339554855,
0.562111540100444,
-1.05524901734381,
0.186807603229739,
-0.0445967088400979,
-0.572184525246333,
-0.463421552126724,
1.15097729700681,
1.99890424347750,
-0.851945663232437,
-0.0376398881858615,
-1.19831035374933,
-0.190246608890153,
-0.314780985136286,
0.201488379332873,
-1.52320170562554,
1.20765364423563,
-0.0587889880183993,
-1.10005910038469,
-0.337184700342561,
0.0179903651452107,
0.863791210652519,
-1.64746762814544,
0.101701642205496,
-1.04387376944114,
0.273297456922477,
0.480793746148516,
0.432867425114840,
-0.0309421670082137,
-1.64304137065347,
-0.476294199318762,
-0.144513916116130,
0.647359672156228,
0.0198754769731654,
-1.53919354339828,
-0.615415803111118,
-0.491899761637459,
0.904187027532569,
-0.501752816071679,
0.241613093136601,
-0.584274123055659,
0.217636933241877,
0.316959214632967,
0.101020329056731,
-0.476556615511434,
-0.482678437469795,
0.608716451185216,
0.479768300291805,
0.131693420189388,
-0.515926760173259,
-0.424773091849712,
-0.438611637496140,
0.599463995503791,
-0.812866713442346,
-1.42344768735806,
0.243126731329987,
-0.841312098195710,
-0.0573638370085067,
-1.23519007519762,
0.429131741750296,
-1.23186961324891,
-0.203076442129883,
-0.946095068807550,
-0.798998741074733,
-0.0456886515839690,
-1.30050806876800,
-0.0851754426250064,
-0.391789958904968,
-0.597028409018787,
-0.0612035889640885,
-0.319237950832367,
-0.0252849666760207,
1.13182599122183,
0.391852413134533,
0.371164832802602,
0.713786818841084,
0.705590586484856,
1.93893151360456,
2.61434058569196,
0.446870820506723,
-0.0992576787533042,
1.23289293554032,
0.0840606397882332,
0.738529806986799,
-0.0433467479081322,
-0.313829844638549,
-0.704182442599924,
0.925054278885047,
0.161290496038038,
0.278817145780116,
-0.572520321967441,
-1.40183049368065,
0.797144946980448,
0.363626839140294,
-0.620336527386009,
-0.323151002057072,
-0.671932200361709,
0.270870826609990,
-1.05937596119188,
-1.12551921976018,
-0.00707496708491493,
-0.214969572424541,
-1.35520515332384,
0.601163411919755,
-0.903097226619073,
-1.07070960150887,
0.134822290088985,
1.61368852031872,
-0.0110136173349468,
-0.489137613236721,
0.0202562474227942,
1.63836811579325,
-0.248470110408922,
0.314487006241983,
0.927357760505141,
0.411926098567217,
-0.159414709326389,
0.691263094349592,
0.0737075849054826,
0.0986960944357852,
-1.28977158146655,
-1.14141591416163,
0.813024009730532,
-0.0644431382362921,
0.0878674470074735,
-0.251176747100242,
0.180397432580480,
-0.266589082647414,
0.141772533980373,
0.982183491774235,
0.502582106379513,
0.0513163325095289,
0.00940576809581404,
0.519127621315945,
-0.599136075884393,
0.116085043157583,
1.02603306359842,
-1.39451920851524,
-0.401169334803654,
0.265333779967540,
1.09628910808424,
-1.12889161283893,
1.08599030304292,
0.686823877711820,
-0.262634681469461,
0.464631626540521,
0.0135064388382808,
0.846558004113000,
-1.49434801509635,
-0.118324793193247,
-1.32043560159815,
0.559717271662095,
0.489709062538394,
0.0164762539469288,
-0.419370967785967,
-0.563751942982408,
0.733345777848817,
0.801645146056348,
0.919907299781157,
0.0755468872553813,
-0.122221058006800,
0.0799008721270876,
0.335281293470169,
-0.365951420698251,
0.792072940204184,
1.28924602833210,
0.287886098904069,
-0.969610227768104,
-1.37822100539919,
-0.0189157191814962,
1.05509868037405,
0.631842879800663,
0.508425791104732,
0.619060532919970,
-0.664705989859258,
0.897514407723813,
0.482148029473924,
-0.0420142367467999,
0.659703598733192,
0.517706230420195,
0.0954592385751457,
-0.202592044112336,
-0.644318053997183,
-0.377572409641072,
0.836089737341456,
0.622426383032680,
0.372255988242105,
0.577436089017872,
1.11193351744885,
-0.227816542064589,
-0.350993711163285,
-0.223655917465494,
-0.223682477865511,
0.189656647542751,
-1.22000482653607,
0.536239968916021,
-0.577694549205948,
0.380875499081067,
0.273098704164472,
-0.197049754047453,
0.192026230872923,
-0.509994762845811,
-0.739736752935191,
0.0814539458750073,
0.401294369907166,
0.270512107380949,
-0.540837227370469,
1.02825342611124,
-0.380543979466759,
-0.974860476523036,
0.0419519848459482,
-1.07451715101745,
0.201963809917143,
-0.556825428446039,
-1.18552132360192,
-1.36165624086582,
-0.785238873351691,
0.206495319148618,
-0.823198358669267,
-0.585323436842871,
-0.765964339658419,
-0.752193194639208,
-0.271078852761619,
0.409631361285281,
-0.351770823886252,
-0.977172636670097,
1.10396674970689,
0.319724912905986,
-0.818683510006431,
0.134642316129455,
-0.110089799729423,
0.915693885780702,
0.540469033131487,
1.10308621426483,
-0.529659327791023,
0.420481651524945,
0.388372010543646,
-0.723466727252318,
0.514874616912031,
-0.735678291134658,
0.804373154731684,
-0.981982964147790,
-0.726581727964033,
-0.215039871423764,
-0.864876926774691,
-0.608508792457453,
0.214503304269012,
-0.108265454511436,
0.137450443645709,
-0.229828454318492,
0.435524888101363,
0.307948162895607,
-0.596303869028290,
0.413580929359533,
-0.965822598364807,
0.795238937579475,
0.257536042329134,
1.44320009625736,
-0.320262769179030,
0.430057105470110,
0.230454268699442,
-0.299873830503048,
-0.0782479171468976,
1.64453179308210,
-1.62675316441784,
-1.30717619751056,
-0.665239620596772,
-0.248578289178811,
-0.504896732691281,
0.0739931123413978,
-0.754415229442108,
-0.403500312046677,
-0.384493904359835,
-0.0684275064054416,
1.28891894711194,
-0.444002905837595,
0.866661189345858,
0.0630843123722018,
-1.13144031435426,
-1.12666539586635,
0.167678093202539,
0.384180437819027,
-0.206813364345799,
-0.721109920462539,
1.12715884507576,
-0.0978926781021861,
-0.589765495138309,
0.425163590183785,
-0.655618887416849,
0.854702706018285,
0.203562771522959,
0.281965394671504,
0.437780536601025,
0.136674455756642,
-0.312900012313063,
-0.462437899163415,
0.0485510237999279,
0.739379450369877,
0.913071100524755,
0.705080169262068,
-0.124717265173825,
1.43518842292138,
-0.0642607050237690,
1.24721401300291,
-0.0416510739033750,
-0.256574732697033,
-0.715900444568736,
0.219804504701209,
-0.434335411211115,
-0.214863882104122,
-0.480424425588117,
-0.937688030417703,
-0.0991099347728001,
0.723208318187501,
0.971177327383022,
-0.156562261353267,
-0.0354011528727035,
-0.207390658341802,
-1.12158115531894,
-0.0778266350589755,
-0.163107944083712,
0.304573259006954,
-0.916194695847010,
0.322342199846921,
0.787189254267028,
0.797622907901523,
-0.739827381458128,
0.711850284123160,
0.128643116521331,
0.234290595713491,
-0.398524406600850,
-1.37775650322235,
0.171866541310545,
-1.06000579336594,
-0.682795933973482,
0.175263361044376,
0.456099659237010,
0.936923084299229,
0.474113728627484,
-0.684871897489892,
-0.423201278433658,
0.734962534603157,
-1.38402538414279,
-0.483987836968553,
-1.58868198497500,
1.17824120006997,
-0.450735171514661,
0.266735011991420,
-0.307943558818903,
-0.835211752891573,
-0.359658650750738,
-0.475442074938376,
0.396289838093819,
-1.21587815757641,
0.555491154894994,
-0.524345808766619,
-0.766530611314423,
-0.464494999295661,
0.265004196284376,
0.359008426067619,
-0.119646937099917,
-0.0804336552998449,
0.359089607320651,
0.0306927437198906,
0.873494350942021,
0.130515212907808,
-0.258868764791433,
-0.462587843920223,
0.219710417308085,
-0.240001061428502,
-0.806768335359639,
-0.504158702713247,
-0.415900068397702,
-0.930423752453031,
-1.60642669096858,
-0.522550201528777,
0.0444414091424205,
-1.89767424651714,
-0.431242058181926,
-1.06277613217379,
-0.424966082408115,
1.23293520623894,
-0.321932770404237,
0.0456957746674288,
-0.235212649284534,
0.409278175705791,
1.67202550747037,
0.170601362339703,
0.151119753004502,
-0.641440821171708,
0.589283788486803,
0.748542154566496,
0.0529765616664803,
0.410145894257529,
-0.125355330592841,
-0.615464093776659,
-0.0161257741515477,
0.533947435795721,
-0.626558571142838,
0.100608226162931,
0.418497302139459,
-0.702198536564120,